0,1,2,3,4,5,6,7,8,9
0,0,0,0,0,0,0,0,0,0
0,0,0,0,0,0,0,0,0,0
0,0,0,0,0,0,0,0,0,0
0,0,0,0,0,0,0,0,0,0
0,0,0,0,0,0,0,0,0,0
0,0,0,0,0,0,0,0,0,0
0,0,0,0,0,0,0,0,0,0
0,0,0,0,0,0,0,0,0,0
0,0,0,0,0,0,0,0,0,0
0.0969168,0.0969392,0.0967328,0.0962429,0.101808,0.100802,0.102713,0.102852,0.10091,0.104083
0.0987813,0.0989757,0.0975624,0.0978696,0.100642,0.100309,0.101732,0.101189,0.101063,0.101877
0.0973823,0.0977955,0.0948392,0.0980768,0.100668,0.100097,0.103376,0.103235,0.102617,0.101914
0.0976183,0.099734,0.0962703,0.0954595,0.0989804,0.101013,0.103257,0.101959,0.103094,0.102614
0.0956085,0.100076,0.0959712,0.0943873,0.0989372,0.101184,0.103978,0.101297,0.104465,0.104096
0.0963766,0.0983022,0.0988908,0.0954593,0.0993885,0.102437,0.102034,0.102828,0.100796,0.103488
0.0965542,0.0959857,0.0987549,0.0948716,0.0996436,0.104008,0.102057,0.103616,0.100267,0.104241
0.0962822,0.0978048,0.101036,0.0979845,0.0980688,0.101953,0.101787,0.102461,0.101669,0.100953
0.09511,0.0954175,0.0981769,0.0911298,0.0988635,0.103952,0.103884,0.103833,0.102149,0.107485
0.0978352,0.0971379,0.0974119,0.0940768,0.101261,0.0997979,0.104257,0.101112,0.0986428,0.108468
0.0972272,0.0982125,0.097507,0.0933922,0.0998933,0.0996718,0.103348,0.101937,0.0993158,0.109495
0.0958928,0.0964829,0.0931781,0.0898766,0.0994875,0.0997507,0.106413,0.104152,0.10048,0.114287
0.0965146,0.0962299,0.0929747,0.0913265,0.0992739,0.0999319,0.105617,0.104745,0.101427,0.11196
0.0972106,0.0952772,0.0915742,0.092166,0.099214,0.100264,0.105362,0.105784,0.103122,0.110027
0.0981485,0.0960627,0.0919419,0.0929916,0.0998953,0.0997712,0.10555,0.104094,0.102764,0.108781
0.0981982,0.0972975,0.0940074,0.0936209,0.100105,0.0998098,0.104742,0.102706,0.101434,0.108078
0.0996016,0.0976868,0.0948842,0.096006,0.10054,0.0994213,0.103614,0.1016,0.101836,0.104811
0.0991088,0.0982109,0.0946076,0.0932262,0.100898,0.100224,0.104438,0.100997,0.101316,0.106973
0.0983506,0.0964274,0.0952386,0.0964794,0.101703,0.100771,0.103174,0.102577,0.101417,0.103861
0.0981643,0.0986318,0.0934134,0.0892181,0.102032,0.100152,0.105995,0.100079,0.101639,0.110675
0.0971333,0.0964151,0.0900587,0.086232,0.101363,0.100774,0.108576,0.102266,0.101946,0.115237
0.0968257,0.095761,0.0889187,0.085619,0.101477,0.101448,0.108971,0.102811,0.103361,0.114808
0.0959482,0.0965787,0.0891605,0.0830976,0.101187,0.101145,0.110148,0.102355,0.101109,0.11927
0.0971305,0.096297,0.0920758,0.0883183,0.101516,0.101343,0.106902,0.102073,0.102275,0.11207
0.0979225,0.0969335,0.0926327,0.0919045,0.102419,0.0997364,0.105615,0.10138,0.104027,0.10743
0.0965071,0.0969595,0.0871987,0.0780894,0.0976853,0.103311,0.111657,0.100889,0.111476,0.116228
0.0974799,0.100361,0.0930701,0.0857374,0.0961545,0.101602,0.108652,0.0985478,0.111784,0.106612
0.0969018,0.098298,0.100205,0.0958886,0.0965687,0.0996744,0.103629,0.100783,0.104856,0.103195
0.0949898,0.102844,0.0964974,0.095618,0.0949385,0.0988374,0.105224,0.101462,0.108991,0.100597
0.0905972,0.101406,0.0943563,0.0903333,0.0902449,0.100373,0.10934,0.105004,0.113721,0.104625
0.0895325,0.101964,0.0952371,0.0875975,0.0875619,0.10261,0.109943,0.105429,0.114307,0.105817
0.0875541,0.101155,0.0946443,0.0854246,0.085531,0.1031,0.111735,0.107253,0.116896,0.106706
0.0844612,0.0954902,0.0878958,0.0820483,0.0828213,0.103321,0.116345,0.112695,0.123593,0.11133
0.0889273,0.0955902,0.0899228,0.0867871,0.0886082,0.102416,0.111912,0.111174,0.116266,0.108396
0.0882405,0.0960054,0.090287,0.0904388,0.0899058,0.100202,0.111272,0.110048,0.117696,0.105905
0.0868489,0.0945549,0.0867235,0.0889068,0.0905921,0.100574,0.112727,0.109254,0.120459,0.10936
0.0903442,0.0961792,0.0908409,0.0932504,0.0917144,0.0995849,0.109447,0.107383,0.115422,0.105833
0.0950823,0.099543,0.0968821,0.0971321,0.0954078,0.10047,0.103946,0.103406,0.107594,0.100537
0.0980438,0.0981259,0.0987249,0.0982641,0.0981695,0.100907,0.101637,0.102855,0.102076,0.101198
0.0982048,0.0971177,0.0977506,0.0994309,0.0997871,0.0999429,0.102204,0.102437,0.102185,0.10094
0.0975297,0.099373,0.0983767,0.101026,0.0979973,0.0994744,0.102185,0.102218,0.103953,0.0978669
0.0971877,0.096739,0.0976526,0.100049,0.0994758,0.100538,0.10243,0.103813,0.101685,0.100429
0.0974196,0.0956982,0.0983017,0.098182,0.100797,0.101065,0.102218,0.103343,0.0995555,0.10342
0.0979562,0.0996754,0.0981107,0.0960176,0.0985474,0.0999437,0.103554,0.100062,0.10466,0.101473
0.0961733,0.0990034,0.0975175,0.0915188,0.0980521,0.10216,0.103904,0.100956,0.104219,0.106495
0.0963023,0.100767,0.0976553,0.093195,0.0955351,0.101605,0.105259,0.0992767,0.108575,0.10183
0.0983249,0.0975655,0.0926743,0.0909379,0.0977782,0.0994318,0.107004,0.101146,0.109358,0.105779
0.0969806,0.0981966,0.0934463,0.0912712,0.0939845,0.100832,0.106708,0.104073,0.111008,0.103501
0.0967902,0.0967057,0.0923319,0.0905371,0.0954008,0.0999422,0.106924,0.104774,0.109061,0.107533
0.0947995,0.0957107,0.0904827,0.0885312,0.0930784,0.10006,0.10849,0.107623,0.111025,0.1102
0.0950025,0.0938945,0.0869892,0.0874495,0.094146,0.100161,0.109737,0.109442,0.111638,0.11154
0.0952351,0.0920676,0.0839677,0.0856436,0.095344,0.100289,0.110189,0.111439,0.111353,0.114472
0.0948099,0.0950564,0.0877307,0.0880332,0.0936588,0.101027,0.110154,0.108302,0.111688,0.109541
0.0952601,0.0937748,0.085163,0.0941269,0.0953304,0.0989597,0.108956,0.109688,0.11301,0.10573
0.0967231,0.0951359,0.0914145,0.100769,0.0969054,0.095996,0.10683,0.105741,0.109622,0.100863
0.0940893,0.0969985,0.0913407,0.0974177,0.0964803,0.0984819,0.107166,0.105224,0.110611,0.102191
0.095214,0.0964517,0.0900182,0.0989471,0.0970078,0.0972481,0.106954,0.105746,0.110446,0.101967
0.0988178,0.0971221,0.0946061,0.0992459,0.0990273,0.0982424,0.1036,0.103667,0.104712,0.100959
0.0985344,0.0955688,0.0950049,0.0969121,0.101059,0.0991367,0.103888,0.102829,0.101486,0.105582
0.0982955,0.0980625,0.0970491,0.0970915,0.101409,0.0988395,0.102682,0.101086,0.100352,0.105132
0.0977057,0.0972022,0.0939613,0.0921141,0.102567,0.0993791,0.105918,0.100676,0.100662,0.109814
0.0942906,0.101378,0.094376,0.0936925,0.102619,0.0970181,0.104926,0.10044,0.104136,0.107122
0.0959396,0.0982925,0.0944061,0.0962956,0.103429,0.0985774,0.103868,0.101965,0.101854,0.105373
0.097208,0.0986824,0.0949091,0.0947497,0.102762,0.0989643,0.103834,0.100909,0.101577,0.106404
0.097408,0.0975857,0.0945465,0.0920834,0.102218,0.0993876,0.105175,0.100644,0.102569,0.108383
0.095201,0.0984261,0.0934381,0.0942955,0.103518,0.0982299,0.105351,0.101686,0.102974,0.106881
0.0964616,0.0980348,0.0947338,0.0945198,0.102099,0.0990073,0.104811,0.101145,0.104302,0.104886
0.0975427,0.0971003,0.0953423,0.0939173,0.101481,0.0998859,0.104672,0.100946,0.104211,0.104901
0.0973249,0.0948061,0.0943122,0.0965926,0.0977693,0.100734,0.104643,0.105618,0.106232,0.101968
0.0956398,0.0902098,0.0878635,0.0905745,0.0967794,0.103467,0.107226,0.112079,0.107571,0.108589
0.091526,0.0950493,0.0915379,0.0936763,0.0956281,0.102439,0.106254,0.110386,0.109284,0.10422
0.090142,0.0960537,0.0886022,0.0903764,0.0952254,0.102207,0.108653,0.108672,0.111937,0.108131
0.0927465,0.0930293,0.0901104,0.0931827,0.0948571,0.102711,0.106785,0.111585,0.109321,0.105672
0.0950244,0.0936647,0.0909765,0.0961468,0.0969242,0.101804,0.10518,0.109379,0.107308,0.103591
0.097048,0.092493,0.0903253,0.0983835,0.0975911,0.100096,0.10609,0.109465,0.106408,0.1021
0.0977865,0.0969521,0.0939764,0.09503,0.0976793,0.100503,0.103954,0.10449,0.105461,0.104168
0.0975707,0.0978259,0.0954374,0.096016,0.100176,0.0994889,0.103506,0.10265,0.103572,0.103757
0.0983973,0.0967294,0.0950396,0.09622,0.100562,0.0990993,0.104277,0.102507,0.102933,0.104236
0.0975953,0.0982872,0.0951144,0.0936919,0.10105,0.0997787,0.104485,0.101329,0.103254,0.105415
0.0983273,0.0980853,0.0953019,0.0959147,0.100802,0.0997164,0.103986,0.101715,0.102631,0.103519
0.098068,0.101227,0.0952226,0.0920685,0.100892,0.099579,0.104615,0.0986059,0.105525,0.104196
0.0975214,0.10169,0.0999553,0.0956025,0.0968947,0.101549,0.103022,0.0985513,0.10494,0.100273
0.094223,0.0964209,0.0937948,0.0865902,0.0952766,0.103409,0.106294,0.105399,0.106841,0.111751
0.0948275,0.0976137,0.09733,0.091682,0.0993192,0.100174,0.104496,0.103027,0.0983328,0.113198
0.0973207,0.0967085,0.0988331,0.0952165,0.100281,0.0995169,0.103255,0.101863,0.0990311,0.107974
0.097708,0.0960701,0.0992299,0.0955277,0.0993209,0.0995389,0.103184,0.101878,0.101448,0.106094
0.0968096,0.0967001,0.0983367,0.0948261,0.101076,0.100732,0.103361,0.101762,0.0991943,0.107202
0.0974212,0.0979966,0.0982876,0.095667,0.100128,0.100634,0.102565,0.101555,0.10065,0.105096
0.0966542,0.096607,0.0962241,0.092692,0.101409,0.101148,0.104374,0.102055,0.100011,0.108827
0.0968811,0.0968812,0.096633,0.0929743,0.102109,0.100068,0.104976,0.100973,0.0990856,0.10942
0.0967265,0.0968937,0.0966121,0.092753,0.101848,0.100757,0.104447,0.101325,0.0997896,0.108848
0.0959553,0.0964943,0.0950353,0.0907475,0.101658,0.101345,0.105234,0.102234,0.10051,0.110788
0.0972159,0.095173,0.093352,0.090453,0.10053,0.101634,0.105647,0.103726,0.101548,0.110721
0.0945582,0.097523,0.0892457,0.091526,0.0980651,0.101042,0.10906,0.103495,0.109565,0.10592
0.0926316,0.0976241,0.0877854,0.0872975,0.0947111,0.102704,0.111638,0.105642,0.112475,0.107491
0.0933929,0.0968797,0.0885166,0.089067,0.0967142,0.10286,0.109177,0.105876,0.108948,0.108568
0.0938825,0.095275,0.0873525,0.0871267,0.0951367,0.103319,0.109808,0.108754,0.107749,0.111596
0.0949842,0.0950719,0.0866352,0.0899338,0.0950796,0.100832,0.109433,0.109354,0.109018,0.109657
0.0960673,0.0963113,0.094907,0.0985675,0.0919085,0.0985227,0.106325,0.1069,0.109157,0.101333
0.0925057,0.0956131,0.0920489,0.09687,0.0929724,0.0983351,0.108562,0.107158,0.11255,0.103385
0.0940401,0.0972331,0.0914948,0.0979953,0.095752,0.0969207,0.109214,0.104654,0.112364,0.100332
0.0974866,0.0950423,0.0928892,0.0986859,0.0953617,0.0974252,0.107001,0.105976,0.109259,0.100873
0.0973901,0.0966579,0.0970264,0.103921,0.094648,0.0942272,0.10607,0.103533,0.10987,0.0966562
0.0958399,0.0968893,0.0959494,0.105523,0.0952536,0.0940349,0.105668,0.103707,0.110357,0.0967783
0.0984987,0.0959134,0.0949484,0.0995042,0.0962166,0.0972644,0.10585,0.103813,0.107386,0.100605
0.0993998,0.0938488,0.0930578,0.0973064,0.0982334,0.0982426,0.106318,0.103979,0.107412,0.102202
0.0996718,0.0922251,0.0924219,0.0950547,0.0978244,0.0991947,0.107105,0.104529,0.108788,0.103186
0.0986045,0.0940468,0.0948162,0.0967206,0.0980193,0.0986698,0.105813,0.103792,0.107735,0.101782
0.0997969,0.0961241,0.0961021,0.0945242,0.102258,0.0998024,0.103789,0.100427,0.101209,0.105967
0.0994837,0.0967205,0.0945763,0.0922645,0.103506,0.0988786,0.105646,0.0993324,0.100753,0.108839
0.0980487,0.0950054,0.0920314,0.0919787,0.101322,0.100207,0.106798,0.101592,0.105711,0.107306
0.0949791,0.0977198,0.0947383,0.090986,0.0964877,0.102245,0.106517,0.102019,0.107278,0.10703
0.090169,0.0979764,0.0910727,0.0848379,0.0866565,0.104547,0.110366,0.110399,0.113585,0.110389
0.0904448,0.0968953,0.0894589,0.0844777,0.0870985,0.103982,0.110515,0.111836,0.113274,0.112018
0.0929877,0.0945623,0.0932097,0.0892894,0.0886935,0.101607,0.10939,0.11079,0.112335,0.107135
0.0945001,0.0961323,0.0972669,0.0992307,0.0910327,0.0975263,0.106408,0.106952,0.110522,0.100429
0.0934223,0.095096,0.0966013,0.10301,0.0924638,0.0949215,0.106205,0.1072,0.111754,0.0993261
0.092773,0.0957574,0.0967469,0.100931,0.0923584,0.0965441,0.106628,0.106628,0.111976,0.0996578
0.0949476,0.0959041,0.0967236,0.10422,0.0939654,0.0947628,0.105769,0.105446,0.110421,0.097841
0.0979937,0.09462,0.0971387,0.0983706,0.093979,0.0993513,0.104309,0.106058,0.108282,0.0998978
0.0959288,0.0969369,0.0991844,0.099667,0.0949265,0.10067,0.102869,0.105795,0.10685,0.0971713
0.0969346,0.0958167,0.0991465,0.101769,0.0954795,0.0982994,0.102696,0.105609,0.106801,0.0974485
0.0988532,0.0950027,0.0988195,0.0995971,0.0966356,0.098326,0.103389,0.103344,0.105593,0.10044
0.098266,0.0959648,0.0979586,0.0968735,0.0992631,0.0989734,0.10345,0.101752,0.103501,0.103998
0.0967938,0.0957098,0.0974672,0.0956542,0.100326,0.0997098,0.103827,0.102216,0.102302,0.105994
0.0976217,0.0954987,0.0960031,0.0942452,0.10081,0.0987616,0.104908,0.101611,0.102628,0.107912
0.0977539,0.0956425,0.0948027,0.0922636,0.101991,0.0991055,0.106324,0.101287,0.10007,0.110761
0.0955953,0.0968782,0.093871,0.087738,0.100599,0.100702,0.10763,0.101817,0.0993993,0.11577
0.0954536,0.0977983,0.0959461,0.0887687,0.0983257,0.101924,0.106761,0.101886,0.102943,0.110194
0.0966438,0.0955546,0.0990307,0.095248,0.0997474,0.10114,0.103961,0.102693,0.0994994,0.106483
0.0969309,0.0978073,0.099834,0.0956305,0.0999946,0.100783,0.10289,0.101659,0.0979888,0.106481
0.096106,0.0991218,0.0992115,0.094587,0.0967812,0.100185,0.103021,0.101972,0.104234,0.10478
0.0962568,0.0992978,0.101164,0.0969914,0.0975114,0.0998629,0.101866,0.101175,0.102908,0.102967
0.0948232,0.0998131,0.101908,0.0961768,0.0956285,0.100269,0.102516,0.101112,0.104567,0.103185
0.0958389,0.100942,0.101515,0.0981143,0.0952643,0.0998729,0.101996,0.10095,0.105159,0.100348
0.094847,0.0986705,0.0960723,0.0933933,0.0926215,0.101337,0.104237,0.106137,0.108137,0.104547
0.0922223,0.0993581,0.0938004,0.0903353,0.0877658,0.102056,0.107448,0.109523,0.112272,0.105219
0.0905451,0.0984321,0.0943767,0.0865918,0.0876257,0.103754,0.107752,0.110566,0.111454,0.108903
0.0936958,0.0979405,0.0938677,0.0882931,0.09185,0.10307,0.106219,0.107506,0.109133,0.108426
0.0934872,0.0984905,0.0982565,0.0903033,0.093759,0.103198,0.104175,0.105948,0.105561,0.106822
0.0900955,0.0993487,0.0951054,0.086647,0.086825,0.105074,0.107933,0.11079,0.111411,0.10677
0.0944607,0.100011,0.0993919,0.094065,0.0933813,0.10188,0.103646,0.104479,0.106369,0.102317
0.0950301,0.0999131,0.0990701,0.0936566,0.0946956,0.100848,0.104223,0.101914,0.106468,0.104182
0.0940845,0.100706,0.0944578,0.088791,0.091099,0.102784,0.107537,0.103806,0.11276,0.103973
0.0932497,0.100089,0.0916795,0.0851389,0.0893738,0.103967,0.109464,0.10549,0.114992,0.106557
0.0943262,0.102737,0.097552,0.0900295,0.0919988,0.103614,0.105769,0.101829,0.110612,0.101533
0.096148,0.0990695,0.0970719,0.0914533,0.0964695,0.101816,0.104534,0.101438,0.106217,0.105784
0.0968699,0.102838,0.0939379,0.0853433,0.096636,0.101969,0.107576,0.0965769,0.110606,0.107647
0.096223,0.100238,0.0978822,0.0923305,0.0962092,0.101527,0.104422,0.100444,0.106563,0.104161
0.0953853,0.100797,0.0985506,0.0930373,0.0943492,0.10226,0.104062,0.102277,0.106966,0.102316
0.0958881,0.101484,0.100532,0.0946502,0.0949633,0.100917,0.10315,0.101452,0.105283,0.101681
0.0933686,0.101392,0.0992106,0.0916558,0.091418,0.103612,0.104774,0.104217,0.108681,0.101671
0.0908817,0.0997007,0.0957968,0.0893469,0.0897102,0.103663,0.107838,0.106288,0.111756,0.10502
0.0945566,0.101399,0.0987806,0.0944468,0.0929658,0.100901,0.104361,0.103338,0.108412,0.100838
0.0945993,0.10156,0.0997261,0.0941636,0.0924828,0.102739,0.103697,0.103636,0.107325,0.100072
0.0945118,0.0989563,0.0958426,0.0905439,0.091999,0.103046,0.105797,0.105599,0.109552,0.104151
0.0953552,0.0993238,0.0965522,0.0909927,0.0941223,0.102483,0.105635,0.10299,0.107515,0.105031
0.0966915,0.0961482,0.095753,0.0911686,0.101509,0.100787,0.105492,0.102078,0.0990631,0.11131
0.0967644,0.0960874,0.0971706,0.0913326,0.101315,0.101186,0.104905,0.102008,0.0979975,0.111233
0.0962296,0.0979887,0.0988095,0.0921049,0.0994331,0.101368,0.103064,0.102048,0.0999215,0.109032
0.0965918,0.0973951,0.0975652,0.0911786,0.100306,0.10121,0.10355,0.101226,0.102467,0.108511
0.0976111,0.0952689,0.0956186,0.094574,0.102605,0.100674,0.104293,0.102274,0.100262,0.106819
0.0969009,0.0928578,0.0924241,0.0935154,0.104333,0.100533,0.106265,0.103506,0.10138,0.108285
0.0958312,0.0897019,0.0910176,0.0948093,0.105817,0.101009,0.106206,0.105998,0.102303,0.107307
0.0948989,0.0878144,0.0908335,0.0950044,0.105282,0.101179,0.106633,0.108409,0.101273,0.108673
0.0954121,0.0905477,0.0921784,0.094502,0.105363,0.101182,0.105835,0.106098,0.100756,0.108126
0.0968726,0.0930109,0.0933956,0.0964953,0.104069,0.100543,0.104801,0.104041,0.101538,0.105233
0.0969554,0.092977,0.093919,0.0967477,0.103869,0.100532,0.104626,0.104157,0.100958,0.105259
0.096997,0.0917231,0.0926476,0.0957052,0.100617,0.101921,0.105537,0.106829,0.101599,0.106424
0.097666,0.0926632,0.091997,0.0934747,0.101748,0.101191,0.106709,0.104589,0.101742,0.108219
0.0968573,0.0908756,0.0887124,0.0919779,0.0997952,0.101305,0.108864,0.107733,0.102837,0.111043
0.0967148,0.0915045,0.0878692,0.0912271,0.0995356,0.101214,0.108343,0.107773,0.104821,0.110999
0.0973792,0.0945249,0.0894127,0.0900408,0.100826,0.100271,0.108835,0.104369,0.101906,0.112434
0.0973978,0.092188,0.0872988,0.0900074,0.100271,0.0995869,0.110423,0.106341,0.102456,0.11403
0.0969094,0.0944273,0.0916671,0.0892244,0.100828,0.101844,0.106435,0.104141,0.102905,0.111619
0.0960566,0.0951441,0.0920358,0.0856626,0.0983098,0.102252,0.107246,0.104218,0.105396,0.11368
0.0980392,0.0978054,0.0943237,0.0900202,0.100089,0.10187,0.104768,0.101096,0.103644,0.108343
0.0968578,0.101458,0.0968544,0.0925901,0.0973173,0.100764,0.104259,0.100287,0.105678,0.103936
0.0956138,0.102695,0.0955744,0.0954432,0.0974505,0.0971716,0.10509,0.100883,0.10839,0.101689
0.0942287,0.102896,0.0964043,0.0974552,0.0981783,0.0962537,0.104585,0.101581,0.107194,0.101224
0.0919358,0.106315,0.0966796,0.0953551,0.093906,0.0958929,0.106931,0.0998269,0.112894,0.100264
0.0899342,0.106225,0.0956465,0.0919806,0.0946285,0.0963296,0.107897,0.0997645,0.114014,0.10358
0.0849994,0.102077,0.0930737,0.0861552,0.0918019,0.0998127,0.111146,0.103623,0.118015,0.109296
0.0877866,0.0963812,0.0893592,0.0786497,0.0905663,0.106665,0.112722,0.108304,0.114455,0.115111
0.0861911,0.096456,0.087426,0.082667,0.0912508,0.104452,0.11347,0.108391,0.117806,0.11189
0.0909919,0.0966032,0.0929271,0.089621,0.0917421,0.103047,0.10848,0.10809,0.111969,0.106529
0.0906286,0.0940334,0.0915804,0.0935762,0.0931782,0.099619,0.10879,0.110272,0.112764,0.105559
0.0906207,0.0936657,0.091712,0.0911472,0.0898978,0.10142,0.109728,0.111381,0.113414,0.107015
0.0939722,0.0956712,0.0977138,0.0989435,0.0934176,0.0989861,0.104689,0.107793,0.108869,0.099945
0.0931556,0.0957888,0.0978677,0.0950093,0.0895102,0.102933,0.105326,0.110294,0.111292,0.0988234
0.0927286,0.0939116,0.0977953,0.102625,0.0937933,0.0977031,0.104175,0.11072,0.110322,0.0962263
0.0954493,0.0943245,0.0982466,0.102723,0.0933323,0.0983206,0.103334,0.109476,0.107503,0.0972908
0.0963976,0.096373,0.0967292,0.101979,0.0966536,0.0977303,0.102471,0.106885,0.107723,0.0970577
0.0971714,0.0954801,0.0955107,0.101888,0.0957531,0.0981606,0.103219,0.10727,0.10801,0.0975372
0.0975651,0.0964886,0.0957943,0.101614,0.0962491,0.0978603,0.102583,0.106537,0.107301,0.098008
0.0970715,0.0978272,0.0969957,0.101534,0.0974439,0.0982172,0.102443,0.104842,0.10615,0.0974759
0.0966833,0.0974809,0.0974245,0.10096,0.0974662,0.0994569,0.102276,0.105016,0.105531,0.0977053
0.0974875,0.0943773,0.0943707,0.0969618,0.0978066,0.0996277,0.103373,0.106916,0.10694,0.102139
0.0960333,0.0936726,0.0933685,0.0916254,0.0956357,0.101482,0.106658,0.106635,0.109713,0.105177
0.0982836,0.0932047,0.0948631,0.0962609,0.0950156,0.0995394,0.104753,0.107261,0.108773,0.102045
0.0959787,0.0957398,0.0964539,0.0909348,0.0967605,0.101413,0.105284,0.103117,0.106114,0.108205
0.0951321,0.0966485,0.0969307,0.0927161,0.0970361,0.099572,0.104468,0.104621,0.103375,0.109501
0.0938517,0.094228,0.0931188,0.0851345,0.099149,0.101259,0.108248,0.103127,0.101837,0.120047
0.0933605,0.0947072,0.0962908,0.0889772,0.0933416,0.100673,0.106956,0.104985,0.109543,0.111166
0.0939097,0.0919808,0.093522,0.0885183,0.0914396,0.0987418,0.108976,0.107911,0.113839,0.111162
0.0935675,0.0919665,0.0915831,0.0864685,0.0927496,0.100181,0.108561,0.109031,0.111994,0.113897
0.0903548,0.0913135,0.0877852,0.0810639,0.0892407,0.102238,0.111514,0.113122,0.116537,0.116831
0.0917767,0.0976968,0.100132,0.0892415,0.0921898,0.102023,0.106295,0.102126,0.109615,0.108904
0.0957614,0.0973098,0.0977253,0.0907076,0.100672,0.0998742,0.104607,0.101809,0.0980934,0.11344
0.0965042,0.0980033,0.0991005,0.0940432,0.100153,0.099987,0.103238,0.101704,0.0979786,0.109288
0.0969834,0.0987885,0.101188,0.0984324,0.0977375,0.0995599,0.101721,0.10133,0.102499,0.10176
0.0974483,0.102081,0.0975999,0.0947731,0.095677,0.100604,0.103601,0.0997411,0.106568,0.101906
0.099091,0.100505,0.0998999,0.10023,0.0993127,0.0989824,0.100908,0.0999301,0.101523,0.0996178
0.0988285,0.100061,0.0995123,0.0983755,0.0996872,0.0991386,0.10134,0.100041,0.101334,0.101682
0.0987985,0.0997337,0.0982515,0.0944496,0.100307,0.100364,0.102621,0.0993576,0.101482,0.104636
0.0982836,0.0996232,0.099258,0.0979238,0.100278,0.0992591,0.101404,0.100455,0.10061,0.102906
0.0986196,0.0989637,0.0974934,0.0981749,0.101154,0.0988497,0.102146,0.100363,0.100985,0.10325
0.0971741,0.100556,0.100564,0.0975346,0.0991842,0.0992256,0.10166,0.100319,0.101464,0.102319
0.0971877,0.0999385,0.100536,0.0965639,0.0986097,0.100011,0.102279,0.100278,0.102544,0.102053
0.0954296,0.0978478,0.0983826,0.0910809,0.0982599,0.10361,0.104332,0.101816,0.104603,0.104637
0.0969235,0.0981041,0.0988203,0.0943031,0.0984303,0.101543,0.103095,0.101523,0.103928,0.10333
0.0968476,0.0983413,0.0990753,0.0949948,0.0979687,0.101739,0.103408,0.101712,0.103252,0.10266
0.0949229,0.0950312,0.0981794,0.0936986,0.0963242,0.102972,0.104595,0.104957,0.105926,0.103394
0.0959177,0.0949652,0.0960115,0.0944641,0.0972053,0.101387,0.104981,0.105606,0.104153,0.10531
0.096329,0.0974238,0.0980601,0.0991713,0.0946733,0.101222,0.102886,0.105725,0.106854,0.0976556
0.0951757,0.0977552,0.0988171,0.100144,0.0921399,0.100548,0.103578,0.106731,0.109509,0.0956025
0.092367,0.0985455,0.0967815,0.0964175,0.0898234,0.100099,0.106386,0.107676,0.113659,0.0982441
0.0935893,0.0978031,0.0980126,0.0978677,0.0899398,0.100322,0.10573,0.107413,0.112317,0.0970057
0.0958676,0.0986566,0.097544,0.100527,0.0898412,0.0972733,0.105158,0.106413,0.112653,0.0960665
0.0972608,0.0968264,0.0958402,0.102029,0.0930236,0.0969255,0.104505,0.106699,0.109833,0.0970575
0.0944525,0.0946246,0.0914305,0.0991662,0.0926938,0.0959869,0.107309,0.110409,0.112516,0.101411
0.0969897,0.0968371,0.0930147,0.0985917,0.0956069,0.0979562,0.1047,0.107254,0.108736,0.100313
0.0975575,0.0963556,0.0926976,0.100684,0.0978319,0.0978438,0.103795,0.107559,0.106347,0.0993279
0.096694,0.0999399,0.0952769,0.0964939,0.0960842,0.0995636,0.104808,0.103511,0.107795,0.0998333
0.0968655,0.0983749,0.0948022,0.0951742,0.0976463,0.101176,0.104136,0.10433,0.105042,0.102453
0.0975566,0.0964364,0.096375,0.0960807,0.0996489,0.102443,0.10245,0.104033,0.1014,0.103577
0.0956946,0.0981134,0.0915311,0.0972511,0.0967307,0.0983678,0.10544,0.106139,0.108152,0.102581
0.0945536,0.0973534,0.0934496,0.0955211,0.0970264,0.100407,0.105171,0.104772,0.107578,0.104167
0.0911723,0.0968709,0.0927531,0.0942853,0.0955852,0.10013,0.106878,0.105538,0.111798,0.104988
0.090485,0.0975829,0.0932883,0.0952264,0.0945209,0.0990797,0.107329,0.10571,0.112945,0.103833
0.0966319,0.100238,0.0973901,0.0983869,0.0951343,0.0993397,0.103487,0.103159,0.108683,0.0975495
0.0976811,0.0979481,0.0939488,0.0978821,0.0962208,0.0986834,0.10473,0.104002,0.108302,0.100602
0.0956516,0.0933142,0.0897263,0.0917459,0.0936953,0.101769,0.107618,0.11001,0.109102,0.107368
0.0971484,0.0976061,0.095119,0.101115,0.0964002,0.0973374,0.103818,0.104517,0.107414,0.0995253
0.0972868,0.0986943,0.0966316,0.100601,0.0972679,0.098203,0.102802,0.103291,0.10587,0.0993523
0.094791,0.0993194,0.0949497,0.0994897,0.0963614,0.0974877,0.104852,0.102917,0.109224,0.100609
0.0988061,0.0997058,0.0948836,0.0961149,0.0979591,0.0994216,0.103412,0.10178,0.106151,0.101767
0.098076,0.102145,0.097889,0.0981472,0.0976705,0.0987537,0.102656,0.0996796,0.105628,0.0993548
0.0989503,0.0989086,0.0961495,0.0963247,0.0977101,0.0996276,0.103469,0.101049,0.10602,0.101792
0.0974547,0.0991358,0.0974132,0.0932283,0.0994395,0.100128,0.103614,0.0999094,0.104196,0.105482
0.0975754,0.0971699,0.0959163,0.0915374,0.101108,0.101092,0.103774,0.101207,0.102372,0.108248
0.0962674,0.0982798,0.0967337,0.0918921,0.0974279,0.102137,0.103889,0.102663,0.103826,0.106884
0.095966,0.0985993,0.0998342,0.0931405,0.0979268,0.101094,0.102865,0.101293,0.102459,0.106823
0.0962693,0.0968688,0.095525,0.0891379,0.099647,0.101727,0.10444,0.102456,0.102455,0.111474
0.0966259,0.097224,0.093763,0.0907812,0.0999725,0.0994124,0.1062,0.103023,0.100025,0.112974
0.098126,0.0967917,0.0937429,0.0916397,0.101626,0.0986829,0.107904,0.101387,0.0975769,0.112523
0.096938,0.0964335,0.0950122,0.089982,0.100567,0.100671,0.105471,0.102655,0.0996652,0.112606
0.096048,0.0952884,0.0933054,0.0889058,0.100133,0.101171,0.106034,0.104116,0.101307,0.113691
0.0973826,0.094955,0.092649,0.0909537,0.100258,0.100973,0.105954,0.10414,0.10186,0.110875
0.0946005,0.0924647,0.0862007,0.0865868,0.0961687,0.103402,0.109528,0.109698,0.108671,0.112679
0.0952575,0.0958211,0.0919955,0.0904787,0.0948637,0.101808,0.106763,0.107588,0.106702,0.108722
0.0972497,0.0981731,0.0966549,0.0936794,0.0972793,0.102129,0.102722,0.104068,0.103297,0.104747
0.0955514,0.0963141,0.09341,0.0916133,0.0940463,0.101644,0.106225,0.107115,0.108752,0.105329
0.0949909,0.0952305,0.0903747,0.0871645,0.0945043,0.103009,0.108205,0.107652,0.108714,0.110155
0.0945014,0.0983315,0.0899629,0.087044,0.0911862,0.101335,0.110666,0.105121,0.114461,0.107391
0.0933842,0.0981805,0.0895318,0.0851868,0.0900594,0.102282,0.111425,0.106216,0.114389,0.109344
0.0935296,0.0958357,0.0869582,0.0851768,0.0932658,0.102875,0.110018,0.108961,0.110917,0.112463
0.0934535,0.095755,0.0898147,0.0868336,0.0933868,0.102991,0.108843,0.108996,0.108895,0.111031
0.0966153,0.0981849,0.0931071,0.0902359,0.0960071,0.102249,0.105528,0.104105,0.106857,0.107111
0.0956886,0.097467,0.0943926,0.0909794,0.094167,0.10241,0.10484,0.106735,0.106433,0.106887
0.0939966,0.0968831,0.0916764,0.0881798,0.0926018,0.102521,0.108583,0.10748,0.108822,0.109256
0.0937071,0.0956896,0.0887545,0.0869567,0.0923321,0.102169,0.110281,0.108736,0.110632,0.110742
0.0962944,0.0937456,0.088194,0.0904222,0.0987885,0.101373,0.10651,0.10838,0.105351,0.11094
0.0954586,0.0944965,0.0897572,0.0903623,0.0959987,0.101796,0.106986,0.108678,0.106461,0.110006
0.0955887,0.0958815,0.0912128,0.0871337,0.0948059,0.10213,0.107069,0.106259,0.108519,0.1114
0.0960433,0.0947921,0.0896279,0.0867127,0.0952216,0.101952,0.107685,0.106976,0.109386,0.111603
0.0950196,0.0958748,0.0901426,0.087541,0.0934957,0.10191,0.108247,0.107562,0.112103,0.108104
0.0954127,0.0966399,0.0916108,0.0890893,0.0937674,0.101668,0.107095,0.106858,0.109882,0.107977
0.0943554,0.0954482,0.0890194,0.0892121,0.0934713,0.102154,0.109137,0.108329,0.111032,0.10784
0.0934489,0.0997219,0.0933667,0.0904283,0.0909353,0.101206,0.10858,0.104893,0.112844,0.104575
0.0969479,0.0994087,0.0934164,0.0916296,0.0946372,0.101244,0.10617,0.103082,0.109937,0.103528
0.0950006,0.0969245,0.0916751,0.0889969,0.0926024,0.102932,0.107048,0.107803,0.110854,0.106164
0.0946766,0.0998267,0.0956553,0.0899694,0.0930792,0.102058,0.107074,0.10261,0.111323,0.103728
0.0954268,0.101392,0.0981929,0.090763,0.0958752,0.102018,0.105191,0.0993375,0.107859,0.103945
0.095745,0.098997,0.0977579,0.0930835,0.0952682,0.102629,0.10377,0.103978,0.105788,0.102983
0.0977511,0.0986383,0.10008,0.0973944,0.0989893,0.100853,0.101796,0.100873,0.101929,0.101697
0.0976163,0.0985064,0.0992002,0.0973851,0.0998133,0.0995284,0.102167,0.100956,0.101761,0.103066
0.0973764,0.100043,0.0995177,0.0976386,0.0995538,0.0985325,0.101938,0.100495,0.10207,0.102836
0.0981114,0.097302,0.097579,0.0954059,0.100662,0.0994996,0.103388,0.100961,0.101157,0.105934
0.0984902,0.098924,0.0981877,0.0944982,0.0997768,0.0998296,0.103001,0.0997158,0.102979,0.104598
0.0981629,0.0988919,0.0994574,0.0966724,0.0995314,0.0999479,0.101914,0.100419,0.102023,0.10298
0.0984038,0.0972014,0.0963825,0.0968498,0.101502,0.0985263,0.103698,0.100851,0.101015,0.105569
0.0987967,0.0983142,0.097853,0.0989193,0.10095,0.0989773,0.102025,0.100653,0.100825,0.102687
0.0985204,0.0978128,0.0971435,0.0975385,0.101239,0.0987599,0.102999,0.100719,0.100711,0.104557
0.0989692,0.0977544,0.095148,0.0954853,0.101467,0.0994061,0.103767,0.100977,0.101662,0.105364
0.0979184,0.0991271,0.095939,0.0934135,0.101692,0.0991205,0.104298,0.0998562,0.100565,0.10807
0.0987558,0.0950488,0.0959777,0.0976227,0.100137,0.099738,0.103141,0.103347,0.101918,0.104313
0.0984721,0.0982279,0.0984833,0.101556,0.0985968,0.0980303,0.101593,0.102739,0.103244,0.0990585
0.0978014,0.0979597,0.0976973,0.102175,0.0968556,0.0968163,0.102557,0.1037,0.106713,0.0977248
0.0985099,0.0992757,0.0978726,0.101324,0.0975022,0.0977087,0.102223,0.102208,0.105806,0.0975691
0.0979689,0.103011,0.0994012,0.100653,0.096476,0.097911,0.102162,0.0994254,0.106632,0.0963591
0.098764,0.100438,0.0989682,0.101083,0.0951505,0.0981374,0.102504,0.1011,0.106892,0.0969624
0.0986638,0.101002,0.100041,0.100184,0.0959376,0.0990215,0.102091,0.0995935,0.105344,0.0981215
0.0975611,0.101723,0.100054,0.0984449,0.0944273,0.099644,0.102737,0.0998481,0.106936,0.0986238
0.0969155,0.101202,0.102014,0.10023,0.0952323,0.0999747,0.101425,0.10009,0.10443,0.0984861
0.0987841,0.0982507,0.0979098,0.101877,0.0959806,0.0973288,0.102391,0.10382,0.105951,0.0977077
0.0975636,0.0968775,0.0978877,0.101939,0.0980266,0.0973139,0.101967,0.104645,0.104734,0.0990455
0.0971569,0.0962731,0.0953157,0.0926466,0.0968639,0.101874,0.104808,0.104265,0.106471,0.104326
0.0982059,0.097857,0.096014,0.0922675,0.0993061,0.100792,0.104808,0.101887,0.100786,0.108077
0.0975413,0.0945726,0.0954024,0.101851,0.0959987,0.0970851,0.102772,0.108582,0.107051,0.0991437
0.0963706,0.0963121,0.0964472,0.1016,0.0964245,0.0970716,0.102665,0.107204,0.106172,0.0997331
0.0949895,0.0971526,0.0953662,0.104018,0.0964032,0.094632,0.104212,0.106065,0.108854,0.0983076
0.0938726,0.098177,0.0943442,0.104062,0.0965846,0.093812,0.106281,0.103251,0.111526,0.0980899
0.0944705,0.0994154,0.0963159,0.103374,0.098959,0.0951796,0.104412,0.101111,0.108335,0.0984273
0.0928313,0.0996118,0.095569,0.101948,0.0985291,0.095461,0.105535,0.101465,0.110056,0.0989938
0.0943396,0.099297,0.0960635,0.0987263,0.0975392,0.0982552,0.104962,0.102426,0.107798,0.100592
0.0975389,0.0981808,0.0983321,0.0978003,0.097796,0.101449,0.101797,0.103779,0.102519,0.100809
0.098175,0.097046,0.0976746,0.0984986,0.099296,0.101577,0.101546,0.103116,0.101765,0.101306
0.0977563,0.0975304,0.0986953,0.0952664,0.0994384,0.101632,0.102325,0.101764,0.101774,0.103817
0.0992243,0.0997394,0.0982597,0.0955051,0.100954,0.100928,0.10168,0.0994304,0.100829,0.10345
0.0973076,0.0977196,0.096408,0.0935159,0.0981113,0.101483,0.102724,0.103776,0.102519,0.106434
0.0951192,0.10022,0.094599,0.0888109,0.0939539,0.10252,0.10629,0.102545,0.109637,0.106306
0.0948376,0.0993908,0.09358,0.0886035,0.0932099,0.102605,0.106589,0.104205,0.110345,0.106635
0.0933592,0.0983333,0.0917486,0.0864439,0.0905395,0.10369,0.107734,0.107761,0.112359,0.108032
0.0935582,0.0964229,0.0895772,0.0853321,0.090846,0.103915,0.108073,0.11001,0.111906,0.11036
0.0948163,0.0921372,0.0856794,0.0831437,0.0950339,0.102314,0.109408,0.110051,0.110011,0.117405
0.0954031,0.0906437,0.0807878,0.081924,0.0983542,0.100719,0.111929,0.110571,0.107875,0.121793
0.095309,0.0915014,0.0828488,0.0818129,0.0989239,0.100395,0.111737,0.108641,0.106022,0.122809
0.0954308,0.0919476,0.0841578,0.0832703,0.0982411,0.101634,0.10969,0.10923,0.106702,0.119698
0.0948326,0.0918814,0.0855133,0.0835705,0.0978783,0.102825,0.108696,0.109994,0.106685,0.118124
0.096455,0.0952748,0.0909614,0.0885518,0.0990947,0.100206,0.106847,0.105484,0.102159,0.114965
0.0977148,0.0979241,0.0937122,0.0924567,0.100294,0.0987505,0.1061,0.102146,0.100009,0.110893
0.0972553,0.0967663,0.0930206,0.0888453,0.10134,0.100626,0.106151,0.101928,0.101678,0.11239
0.0979012,0.0979573,0.0929508,0.0890937,0.102329,0.0991246,0.10646,0.100025,0.101896,0.112262
0.0966403,0.0974228,0.0919612,0.0843512,0.103655,0.100571,0.107756,0.0993211,0.10212,0.1162
0.0981619,0.0979722,0.0931372,0.0889514,0.102974,0.0997351,0.106267,0.0993975,0.102113,0.111291
0.0980507,0.0987968,0.0962326,0.0911584,0.102177,0.101395,0.103454,0.0998678,0.100935,0.107933
0.0983356,0.0973995,0.0965455,0.0946279,0.101547,0.100485,0.104501,0.101045,0.0986101,0.106904
0.0984433,0.0977638,0.0964196,0.0950786,0.101615,0.101019,0.10336,0.101057,0.100105,0.10514
0.0983197,0.0972771,0.0959267,0.0926529,0.102013,0.10067,0.104445,0.100543,0.100285,0.107867
0.0973699,0.0952484,0.0921273,0.0915041,0.100502,0.100496,0.1062,0.104116,0.101679,0.110757
0.0982611,0.0935502,0.0906181,0.0933418,0.100198,0.0997488,0.107887,0.105127,0.101335,0.109934
0.0973061,0.0930689,0.0895682,0.0929761,0.0990184,0.0997349,0.107052,0.107214,0.103657,0.110405
0.0984899,0.0956487,0.0936697,0.0963875,0.0994494,0.100334,0.103499,0.104566,0.103173,0.104782
0.0974258,0.0977499,0.0944531,0.0957264,0.0989458,0.101459,0.103622,0.102869,0.104338,0.103411
0.0991315,0.0977335,0.0956457,0.0952655,0.0994715,0.100687,0.103618,0.102004,0.103569,0.102875
0.0981808,0.0986723,0.0978427,0.0963434,0.101267,0.100777,0.101847,0.101078,0.100308,0.103684
0.0982335,0.0993788,0.0984452,0.0981056,0.101294,0.0999134,0.101149,0.100794,0.101135,0.101552
0.0973886,0.0987681,0.0999854,0.0975657,0.0994928,0.0997341,0.101484,0.1012,0.101812,0.10257
0.0978281,0.0990567,0.09947,0.0981478,0.100553,0.0995561,0.101316,0.100953,0.101361,0.101758
0.0959765,0.1005,0.096885,0.0991439,0.100625,0.0976091,0.10251,0.102287,0.103023,0.101441
0.0975135,0.102104,0.096452,0.0937226,0.0964152,0.0984904,0.105342,0.098827,0.109731,0.101402
0.0971272,0.101256,0.0970126,0.0964683,0.0962131,0.0998773,0.104014,0.100904,0.107294,0.0998341
0.0969529,0.0986051,0.0949225,0.0921903,0.0971679,0.101944,0.104177,0.103189,0.106559,0.104293
0.0960929,0.101972,0.0969133,0.0915754,0.0963892,0.101672,0.104659,0.0995046,0.108382,0.102839
0.0928895,0.103536,0.0953232,0.0900818,0.0890929,0.101025,0.108812,0.101693,0.117335,0.100212
0.0848105,0.105387,0.0938148,0.089756,0.0877753,0.09765,0.111862,0.102053,0.123142,0.10375
0.0867578,0.103517,0.0939755,0.0926617,0.0909466,0.0975137,0.110043,0.102261,0.120014,0.102311
0.0833173,0.102784,0.0925128,0.0855124,0.0895518,0.0997218,0.112489,0.103606,0.12169,0.108814
0.0791045,0.0984806,0.0853608,0.0809231,0.088666,0.10048,0.117545,0.106605,0.126924,0.115911
0.079145,0.0965839,0.0813709,0.0786256,0.0900539,0.10258,0.119216,0.107071,0.127219,0.118134
0.0822838,0.0993463,0.0844688,0.0833848,0.0933065,0.100751,0.116122,0.103947,0.122355,0.114036
0.0830748,0.0998264,0.084664,0.084482,0.0949626,0.100474,0.115495,0.103036,0.121405,0.11258
0.0813593,0.0998271,0.0836175,0.0830243,0.0937861,0.100192,0.117024,0.103325,0.12384,0.114004
0.080712,0.0998478,0.083176,0.0823519,0.0933798,0.10031,0.117652,0.103429,0.124745,0.114397
0.0859744,0.0993345,0.0882884,0.0859747,0.0940031,0.101645,0.112544,0.104071,0.117013,0.111151
0.0913017,0.0991231,0.0936271,0.0910561,0.0964857,0.102159,0.107054,0.10386,0.109155,0.106178
0.0902129,0.0991031,0.0935575,0.0881863,0.0933043,0.103486,0.108461,0.105728,0.110653,0.107309
0.0938976,0.100492,0.0964151,0.0939142,0.0954493,0.100933,0.105441,0.10268,0.107527,0.10325
0.0950207,0.0996085,0.098599,0.0938522,0.0949656,0.102349,0.103643,0.103963,0.105692,0.102307
0.0961658,0.099834,0.0993083,0.0962871,0.0960245,0.101134,0.102518,0.103003,0.104245,0.10148
0.0939596,0.0993256,0.0952501,0.0933335,0.096734,0.101771,0.105284,0.102936,0.107078,0.104328
0.097887,0.0973964,0.0940432,0.0943316,0.0989721,0.101375,0.104054,0.10353,0.103105,0.105304
0.0994801,0.0965099,0.0966785,0.0978637,0.0983975,0.0996398,0.102679,0.102906,0.104313,0.101533
0.0975064,0.0988838,0.095254,0.089382,0.0995551,0.101429,0.105461,0.100328,0.104336,0.107864
0.0970412,0.0954546,0.0948635,0.0934807,0.0970289,0.101044,0.105013,0.104918,0.107114,0.104041
0.0970052,0.0958215,0.0958405,0.0991199,0.0962904,0.0990256,0.103186,0.106762,0.10769,0.0992591
0.0965258,0.0953989,0.0966951,0.0971389,0.0956253,0.101096,0.103979,0.106198,0.107492,0.0998516
0.0942376,0.0944327,0.0929708,0.0899811,0.0942657,0.102856,0.105835,0.109531,0.108419,0.107471
0.0958757,0.0966086,0.095018,0.0913204,0.0956687,0.10224,0.104566,0.106071,0.106563,0.106068
0.092997,0.0975769,0.0930262,0.0841306,0.0943912,0.104785,0.107558,0.10465,0.110226,0.11066
0.0971222,0.0927891,0.0958233,0.0965839,0.0982766,0.100637,0.104622,0.1052,0.104661,0.104284
0.0967675,0.0921565,0.0933138,0.0948194,0.0982484,0.100135,0.10597,0.106598,0.104609,0.107382
0.095477,0.0908363,0.0880056,0.0873308,0.0961586,0.100884,0.107929,0.110451,0.109794,0.113135
0.0969797,0.0915795,0.087144,0.0873747,0.0989033,0.100783,0.108096,0.10842,0.105761,0.114959
0.0957505,0.0925758,0.0864445,0.0845521,0.0996926,0.101413,0.109217,0.107414,0.104883,0.118057
0.0952739,0.0959589,0.0885003,0.0830511,0.101395,0.0995499,0.111295,0.102882,0.100135,0.12196
0.0962513,0.095891,0.0884217,0.0831219,0.102127,0.100217,0.110643,0.102246,0.100997,0.120084
0.0944662,0.0955728,0.0893271,0.0800701,0.0983861,0.103501,0.110153,0.10343,0.104446,0.120647
0.0934732,0.09443,0.0878313,0.0803846,0.0995148,0.103849,0.109663,0.105085,0.103555,0.122214
0.0954459,0.0937161,0.0852231,0.0843422,0.100476,0.0989806,0.112431,0.105456,0.103013,0.120916
0.0939703,0.0927274,0.0845556,0.0810735,0.0992359,0.103309,0.109998,0.108078,0.106282,0.12077
0.0925908,0.0943768,0.0871415,0.0790876,0.0949395,0.105679,0.110021,0.107959,0.109377,0.118827
0.0928186,0.0952587,0.0879778,0.0796914,0.0949212,0.105768,0.109696,0.106787,0.10909,0.117992
0.093707,0.0932083,0.0863057,0.0806623,0.0950335,0.104992,0.109922,0.108653,0.110653,0.116863
0.0966125,0.0964415,0.0924799,0.0887826,0.0981572,0.102953,0.105441,0.104197,0.105301,0.109634
0.0972208,0.0989527,0.0927994,0.0867422,0.0979061,0.103346,0.105988,0.100924,0.106776,0.109345
0.0952327,0.0969856,0.0941786,0.0899243,0.0954656,0.102321,0.105681,0.105353,0.105645,0.109214
0.0967127,0.0981811,0.092627,0.0899135,0.0963116,0.101913,0.10626,0.103562,0.106722,0.107797
0.0994572,0.0998122,0.0980282,0.095708,0.0996083,0.100491,0.102264,0.0995361,0.102323,0.102772
0.0973506,0.102797,0.0953754,0.0891089,0.0969126,0.101124,0.106282,0.097089,0.108554,0.105407
0.0972192,0.105012,0.094795,0.0884717,0.093381,0.100953,0.107676,0.0962548,0.113193,0.103045
0.0964141,0.10217,0.0968467,0.0949203,0.0992571,0.0978306,0.104077,0.099638,0.105509,0.103337
0.0954116,0.101449,0.0961244,0.0974364,0.101031,0.096805,0.103364,0.101166,0.104529,0.102684
0.0950891,0.100202,0.09583,0.0983235,0.101617,0.0970423,0.10396,0.101589,0.103621,0.102727
0.0953605,0.0989309,0.0953747,0.0972568,0.10159,0.0976345,0.104753,0.101788,0.104239,0.103072
0.0973203,0.0976571,0.0961102,0.094011,0.101184,0.0997541,0.104701,0.100929,0.10322,0.105114
0.0947245,0.0976045,0.0949736,0.10009,0.10261,0.0973356,0.103856,0.103531,0.102756,0.102518
0.096347,0.0943882,0.0950081,0.10092,0.103252,0.0992508,0.102999,0.104744,0.101023,0.102068
0.0964174,0.0936283,0.0939182,0.0985455,0.104296,0.0997039,0.103206,0.104756,0.101479,0.10405
0.0970525,0.0955124,0.0953495,0.101523,0.101455,0.0986872,0.102321,0.105081,0.101814,0.101205
0.0977706,0.0950052,0.0957034,0.0994052,0.101703,0.099881,0.102861,0.104204,0.101027,0.10244
0.0973113,0.097178,0.0958865,0.098541,0.102403,0.099647,0.102885,0.102227,0.101574,0.102347
0.0980472,0.0955431,0.0937142,0.0945547,0.101477,0.100404,0.104233,0.103248,0.102613,0.106167
0.0994608,0.0960709,0.0939945,0.0961209,0.0989573,0.0998917,0.103495,0.104078,0.103947,0.103983
0.0989297,0.0976675,0.095634,0.0955504,0.0998342,0.100026,0.103165,0.101991,0.102673,0.104529
0.097901,0.0992014,0.093968,0.0929997,0.0989205,0.100027,0.104311,0.101703,0.105979,0.104989
0.0973101,0.0970792,0.0941351,0.0925217,0.0976709,0.102153,0.104773,0.10429,0.104144,0.105924
0.0991721,0.0987132,0.0964363,0.0950614,0.0994803,0.100255,0.10283,0.101292,0.102849,0.10391
0.0990394,0.0994134,0.0988054,0.0968934,0.0997904,0.100725,0.101526,0.100515,0.100991,0.102302
0.0980225,0.0986417,0.0961341,0.0929061,0.0981647,0.101925,0.103265,0.102145,0.103995,0.104801
0.0964164,0.0968424,0.095404,0.0901939,0.0961943,0.101137,0.105888,0.103124,0.107502,0.107298
0.0954344,0.0952123,0.0940441,0.0874686,0.0955558,0.101444,0.107399,0.104748,0.108183,0.11051
0.0971989,0.0941033,0.0998297,0.0973123,0.0953652,0.0987319,0.104451,0.103731,0.106385,0.102892
0.0974395,0.0951633,0.101074,0.098893,0.0957845,0.0988696,0.103416,0.102955,0.105074,0.101331
0.0970493,0.0935651,0.0975567,0.095375,0.0946526,0.0997438,0.105291,0.105435,0.107836,0.103496
0.0973131,0.091896,0.0984242,0.0971023,0.0934188,0.0990629,0.106023,0.105785,0.108721,0.102254
0.0962317,0.0913476,0.098251,0.0953863,0.0924004,0.0983677,0.107056,0.10635,0.110391,0.104218
0.0957659,0.0976668,0.100186,0.0971692,0.0896334,0.0983535,0.104993,0.105858,0.111864,0.0985098
0.093289,0.0982928,0.0987123,0.0936848,0.0886802,0.099258,0.106593,0.106973,0.111912,0.102605
0.0928523,0.0981115,0.0973473,0.0941807,0.0877773,0.0990748,0.108325,0.106923,0.113979,0.10143
0.0921557,0.100677,0.0968965,0.0913302,0.089334,0.10119,0.106951,0.106505,0.111064,0.103896
0.0909923,0.0999005,0.0992157,0.0895539,0.0899234,0.1028,0.105601,0.107138,0.10977,0.105104
0.0911392,0.0987222,0.0945722,0.0876102,0.0905,0.10383,0.10815,0.108229,0.109711,0.107536
0.0927861,0.0970945,0.0942661,0.0872715,0.0918379,0.10436,0.106664,0.108959,0.107627,0.109133
0.0928885,0.0994133,0.0934916,0.0907469,0.0929902,0.101014,0.108746,0.104973,0.11027,0.105467
0.0930472,0.0937205,0.0864989,0.0843454,0.097649,0.103378,0.110259,0.108151,0.107067,0.115883
0.094808,0.095179,0.0906142,0.0875718,0.0972624,0.102909,0.107036,0.107138,0.105563,0.111918
0.0962819,0.0961988,0.0942772,0.0917163,0.10149,0.100509,0.105492,0.10248,0.101261,0.110294
0.0969347,0.0971401,0.0946633,0.0903793,0.101527,0.099801,0.106855,0.101566,0.0980674,0.113066
0.0973062,0.0970986,0.09186,0.0904023,0.101338,0.0998928,0.107084,0.102204,0.101296,0.111518
0.0939668,0.0976144,0.0896973,0.0935655,0.0976516,0.099696,0.109403,0.103432,0.111575,0.103399
0.0969034,0.0959918,0.0939452,0.0997666,0.0950502,0.0965756,0.107406,0.104929,0.11042,0.0990118
0.0988703,0.0942848,0.0960472,0.0943322,0.0994062,0.099638,0.105127,0.102116,0.105482,0.104697
0.0996809,0.0942436,0.0977073,0.0959358,0.098554,0.099512,0.103907,0.10206,0.105237,0.103163
0.0997322,0.0928742,0.0961838,0.0953614,0.0978725,0.0999531,0.104696,0.103548,0.105934,0.103844
0.0994992,0.092979,0.0967011,0.0951942,0.0966878,0.0996959,0.10492,0.104019,0.105959,0.104344
0.0993421,0.0951831,0.0958101,0.0947679,0.0996514,0.099732,0.104245,0.102433,0.102764,0.106071
0.0986032,0.0973341,0.0938313,0.0897471,0.0988104,0.100051,0.105901,0.101412,0.105149,0.109161
0.0993747,0.0945439,0.0953607,0.0958836,0.0973237,0.0996417,0.104434,0.104103,0.105957,0.103377
0.0994283,0.0970711,0.0989236,0.0985174,0.0979203,0.0992613,0.10244,0.101647,0.10376,0.101031
0.0991863,0.0960438,0.0948945,0.0943675,0.0994244,0.100085,0.10422,0.102612,0.103482,0.105685
0.0981583,0.0976604,0.0983001,0.094761,0.100362,0.101194,0.102497,0.100805,0.102102,0.104159
0.0978805,0.0993296,0.100276,0.100752,0.0977717,0.0993223,0.101063,0.102214,0.103092,0.0982992
0.0933281,0.0990577,0.0977249,0.0931255,0.0951624,0.102183,0.104794,0.10437,0.107524,0.102731
0.0971455,0.0981594,0.0969399,0.0943899,0.0972152,0.100714,0.104166,0.102322,0.10682,0.102129
0.096065,0.098974,0.0980695,0.0952609,0.0980196,0.100406,0.103417,0.102269,0.106127,0.101392
0.0946048,0.0980492,0.0948511,0.0909734,0.0964895,0.101608,0.106102,0.104031,0.107773,0.105519
0.0927337,0.0990307,0.0971447,0.093628,0.0958737,0.100859,0.105197,0.104545,0.107802,0.103187
0.0948472,0.0973542,0.0931508,0.0854769,0.0955812,0.103277,0.108118,0.103403,0.11027,0.108522
0.097171,0.0962388,0.0907301,0.0879769,0.0987011,0.0985216,0.110257,0.101479,0.107696,0.111228
0.0972839,0.0941408,0.0904012,0.0900531,0.0982405,0.0991233,0.10953,0.104529,0.106245,0.110453
0.0977731,0.0936675,0.0901879,0.0914527,0.0977833,0.0986365,0.108978,0.105698,0.106057,0.109766
0.0976391,0.0994192,0.0940794,0.088452,0.099832,0.0990343,0.107837,0.0988673,0.105044,0.109795
0.0969634,0.100114,0.0945432,0.0899952,0.10167,0.0984349,0.106959,0.0992296,0.101006,0.111085
0.0967554,0.0979645,0.0960776,0.0974522,0.10093,0.0976092,0.104153,0.101951,0.102373,0.104734
0.0968376,0.0990579,0.0964537,0.0976007,0.100672,0.0976292,0.104146,0.101316,0.102284,0.104002
0.0963952,0.098407,0.0963537,0.0983674,0.101382,0.0975381,0.103242,0.102032,0.101978,0.104305
0.0962507,0.10003,0.0959072,0.0962264,0.10172,0.0980096,0.103706,0.100817,0.102507,0.104827
0.0954539,0.101393,0.0951066,0.093761,0.102231,0.0975582,0.104728,0.100022,0.102435,0.107311
0.0978152,0.100197,0.0971392,0.0937756,0.100539,0.0994915,0.103555,0.0993251,0.103068,0.105094
0.0974321,0.0999448,0.096411,0.0952609,0.101542,0.0987818,0.103335,0.100113,0.101693,0.105487
0.0981451,0.09791,0.0954324,0.0933612,0.101227,0.098972,0.104703,0.100725,0.100806,0.10872
0.0979935,0.0982926,0.0951331,0.0928146,0.0992233,0.0989243,0.105503,0.100968,0.103582,0.107566
0.0981017,0.0984611,0.0948795,0.0918063,0.0995099,0.099344,0.105316,0.100753,0.103276,0.108553
0.0976521,0.0983424,0.0955803,0.088664,0.099611,0.100603,0.10574,0.0996287,0.103485,0.110694
0.0985077,0.096982,0.0956531,0.0934894,0.101563,0.100047,0.104618,0.100733,0.100763,0.107643
0.0952573,0.0972779,0.0954245,0.0875699,0.0957217,0.10141,0.106978,0.102074,0.108071,0.110215
0.0936768,0.0972784,0.0927348,0.0833731,0.0941653,0.102458,0.108958,0.103074,0.111055,0.113226
0.0951289,0.0961086,0.096857,0.0906349,0.0954166,0.100639,0.10599,0.103024,0.108213,0.107987
0.0939472,0.0971457,0.0986148,0.0910936,0.096126,0.101091,0.104856,0.102945,0.105946,0.108235
0.0926606,0.0980834,0.099026,0.0904914,0.0940472,0.101659,0.105369,0.103376,0.107845,0.107442
0.0930063,0.0978505,0.096861,0.0895582,0.0937457,0.10174,0.105891,0.104493,0.108142,0.108712
0.093044,0.100628,0.0983661,0.0911233,0.0917422,0.101281,0.105797,0.103568,0.109441,0.105009
0.0922214,0.10401,0.0983095,0.0880788,0.0903837,0.101935,0.10668,0.10184,0.112246,0.104296
0.0943994,0.105008,0.0985335,0.0877068,0.0946147,0.101641,0.10601,0.0972201,0.110042,0.104825
0.0935316,0.103723,0.0972808,0.086924,0.0938725,0.104506,0.105882,0.0996306,0.11092,0.103729
0.0923787,0.102192,0.0993262,0.0882991,0.0947105,0.104356,0.104602,0.101487,0.109527,0.103121
0.0921937,0.0988388,0.100725,0.0921287,0.0939593,0.104907,0.104201,0.104488,0.107823,0.100736
0.0908215,0.0956125,0.0958591,0.0851364,0.0934549,0.106439,0.10752,0.106953,0.11205,0.106155
0.0906533,0.0917585,0.0910182,0.0806616,0.0924599,0.107666,0.110278,0.110485,0.114357,0.110662
0.0889386,0.0916219,0.0879421,0.0735506,0.0919217,0.109801,0.112499,0.11066,0.116171,0.116894
0.0934216,0.0941069,0.0924392,0.0834889,0.0937672,0.105528,0.108582,0.107578,0.112408,0.108681
0.0913596,0.0945803,0.0887152,0.0770773,0.09365,0.107857,0.110263,0.107211,0.11296,0.116326
0.094517,0.0888971,0.0876531,0.0815727,0.0940262,0.102664,0.110845,0.11029,0.114851,0.114684
0.0970061,0.0881442,0.0899694,0.0885943,0.0922519,0.0995888,0.110159,0.110729,0.114241,0.109316
0.0956785,0.0886296,0.0888502,0.083096,0.0928134,0.101975,0.111435,0.109763,0.114561,0.113198
0.0946793,0.0959663,0.0924155,0.0839645,0.0959815,0.102684,0.108292,0.104517,0.106789,0.114711
0.096796,0.0978987,0.0938749,0.0879731,0.0989912,0.101581,0.106251,0.102221,0.102223,0.11219
0.0989549,0.097854,0.0959294,0.0949976,0.0988265,0.0994673,0.103876,0.101742,0.1033,0.105053
0.0977347,0.0987306,0.0969745,0.0943484,0.101159,0.100264,0.103726,0.100668,0.0995675,0.106826
0.0986668,0.0988391,0.0975811,0.0969542,0.100272,0.099807,0.102576,0.101058,0.100931,0.103316
0.0982795,0.0965332,0.0961432,0.100957,0.09967,0.0994334,0.101997,0.104502,0.102193,0.100292
0.0984398,0.0956976,0.0962979,0.100741,0.100417,0.100006,0.102319,0.103868,0.101542,0.10067
0.0975853,0.0933311,0.0950202,0.100855,0.101962,0.0999668,0.103143,0.10512,0.101364,0.101653
0.0964832,0.0926636,0.0944482,0.103524,0.10319,0.0993506,0.102915,0.105944,0.101725,0.0997568
0.0969644,0.0930489,0.0941007,0.10391,0.100524,0.0991966,0.10331,0.106239,0.103969,0.098737
0.0983254,0.0976853,0.0967262,0.102372,0.0984218,0.097675,0.101966,0.104443,0.104766,0.0976187
0.0955453,0.099094,0.0975579,0.101359,0.0955968,0.0969617,0.10347,0.104474,0.107826,0.0981156
0.0982133,0.0999545,0.097875,0.100762,0.0983348,0.0982639,0.101623,0.102191,0.105083,0.0976999
0.0965716,0.101136,0.100345,0.0983305,0.0984298,0.0994384,0.101903,0.10057,0.103716,0.0995604
0.0969251,0.0981987,0.099943,0.0972633,0.0986509,0.100747,0.102247,0.101362,0.102844,0.101818
0.0982832,0.0980206,0.097397,0.0951473,0.100473,0.100384,0.102729,0.100617,0.102969,0.10398
0.0982549,0.0982817,0.0971088,0.0942271,0.100791,0.100623,0.103246,0.100347,0.102117,0.105004
0.0951467,0.100198,0.0992603,0.0906241,0.0983352,0.103467,0.103285,0.100468,0.105368,0.103847
0.0941259,0.100397,0.0982524,0.0874594,0.0975186,0.104448,0.104515,0.100473,0.107631,0.105179
0.0941963,0.100938,0.0970726,0.0853314,0.0973857,0.104498,0.105806,0.0991445,0.108575,0.107052
0.096395,0.101519,0.0943959,0.0848109,0.0976589,0.102438,0.107356,0.0971903,0.109157,0.10908
0.0976561,0.0987747,0.0946852,0.0881806,0.100077,0.101244,0.105656,0.0988256,0.106256,0.108644
0.0941951,0.0982137,0.0933422,0.0837797,0.096671,0.10435,0.10738,0.101778,0.10816,0.112131
0.0948346,0.0975795,0.0929538,0.0867372,0.0943618,0.103712,0.107221,0.10518,0.109439,0.10798
0.0973894,0.0965222,0.0936684,0.0919828,0.100621,0.100871,0.105082,0.102758,0.102172,0.108933
0.0975402,0.0980702,0.0969,0.0920735,0.101089,0.101325,0.104084,0.100478,0.101113,0.107327
0.0963531,0.0994958,0.0986821,0.0977986,0.0972515,0.100445,0.102278,0.103015,0.10419,0.100491
0.0983523,0.0968116,0.0948451,0.0947955,0.098054,0.100886,0.103583,0.104121,0.104426,0.104125
0.0971638,0.0932324,0.0884126,0.0919115,0.0961212,0.100304,0.107545,0.108316,0.109262,0.107732
0.0993187,0.0935353,0.0917497,0.0964752,0.096335,0.100219,0.103896,0.10877,0.106606,0.103095
0.098154,0.0945346,0.0956514,0.0996143,0.0970897,0.0994485,0.10233,0.107493,0.104977,0.100708
0.0968977,0.0961166,0.0952675,0.0943284,0.0978702,0.101706,0.104148,0.104705,0.105496,0.103465
0.0979121,0.0979652,0.0986116,0.0983554,0.0975839,0.100735,0.101805,0.103385,0.103273,0.100374
0.0965267,0.0972158,0.0958666,0.0927305,0.0983862,0.102283,0.104444,0.10366,0.103299,0.105588
0.0942215,0.0967495,0.095662,0.0884333,0.0947285,0.104255,0.106174,0.105385,0.109237,0.105154
0.0939876,0.0940762,0.0917825,0.0846793,0.0961271,0.103858,0.107531,0.10693,0.109433,0.111595
0.0946055,0.0954372,0.092155,0.0847306,0.0965645,0.103118,0.107823,0.104215,0.109423,0.111928
0.0952672,0.0950473,0.0941343,0.0866872,0.0991633,0.102917,0.106479,0.103207,0.106041,0.111057
0.0943496,0.0962932,0.0954109,0.085788,0.0990442,0.104449,0.106745,0.102553,0.104825,0.110543
0.0965572,0.0987146,0.0962163,0.0892848,0.100044,0.1017,0.104929,0.0997286,0.105725,0.1071
0.0971348,0.097475,0.0958541,0.0936194,0.103044,0.100823,0.103505,0.101359,0.101127,0.10606
0.0968268,0.0961805,0.0959796,0.0923123,0.103117,0.102052,0.104002,0.101958,0.0996685,0.107903
0.0961588,0.0964966,0.0937008,0.0934186,0.10445,0.0998962,0.104968,0.102233,0.101311,0.107367
0.0942037,0.0964217,0.0922854,0.0926658,0.105103,0.0990143,0.10662,0.102893,0.101648,0.109145
0.0919196,0.0978788,0.0915345,0.0921266,0.104539,0.097166,0.108141,0.102806,0.104175,0.109714
0.0928026,0.0997696,0.0926448,0.090477,0.103897,0.0973255,0.107245,0.101156,0.103931,0.110751
0.0902895,0.0995339,0.0903614,0.0904537,0.104748,0.0956511,0.109252,0.102242,0.105972,0.111497
0.0920606,0.100348,0.0922068,0.0917358,0.103451,0.0962299,0.107609,0.101341,0.105566,0.109452
0.0933836,0.0997108,0.0922332,0.0900624,0.103863,0.097655,0.106943,0.10073,0.104673,0.110745
0.0922051,0.100844,0.0918515,0.0899867,0.103837,0.0964977,0.107501,0.10066,0.105463,0.111154
0.0935071,0.0978198,0.0918204,0.0915682,0.103817,0.0979403,0.107434,0.101847,0.10529,0.108956
0.0956027,0.0973349,0.0944452,0.0955549,0.10279,0.0988413,0.105109,0.102207,0.103212,0.104904
0.0969468,0.0974506,0.0948087,0.0945122,0.103003,0.0997765,0.104208,0.101445,0.10257,0.105279
0.0975771,0.0969758,0.0965827,0.0983236,0.101801,0.0993204,0.10264,0.102255,0.102067,0.102458
0.0977764,0.0978997,0.0972932,0.09709,0.099178,0.099295,0.102659,0.102194,0.10297,0.103644
0.0963107,0.0972721,0.0983667,0.0992416,0.100312,0.0975559,0.10275,0.102728,0.103553,0.10191
0.0968182,0.0974903,0.0991829,0.0966193,0.100544,0.0997267,0.10193,0.10188,0.101439,0.10437
0.0977721,0.0958187,0.0958605,0.0939134,0.10155,0.0996025,0.105252,0.101581,0.0998723,0.108777
0.0969678,0.0942051,0.0925502,0.0880632,0.103082,0.100972,0.106742,0.101625,0.103491,0.112301
0.0964516,0.0959351,0.0963714,0.0903505,0.100489,0.100117,0.104973,0.100815,0.104708,0.109789
0.0940253,0.0979562,0.0990601,0.0893488,0.0973975,0.102117,0.104829,0.100539,0.104702,0.110026
0.0943045,0.0962518,0.0952543,0.0851742,0.0990754,0.102323,0.106454,0.101466,0.105394,0.114303
0.0958939,0.0971677,0.0950848,0.0871826,0.100057,0.101375,0.105692,0.100688,0.105054,0.111805
0.0939652,0.0981115,0.0961815,0.0871744,0.0960664,0.101782,0.106439,0.101589,0.106596,0.112094
0.094059,0.0964774,0.0971202,0.0868419,0.0968412,0.102332,0.106438,0.101378,0.106503,0.112009
0.0924992,0.0971794,0.0967731,0.0847555,0.0959043,0.103982,0.106192,0.102436,0.105013,0.115265
0.0920665,0.0985609,0.0956703,0.0849472,0.0936782,0.104931,0.106893,0.103153,0.107605,0.112494
0.093779,0.0956613,0.0915667,0.0851415,0.0946528,0.103789,0.108187,0.105731,0.109415,0.112076
0.0952139,0.0965229,0.0918865,0.0897231,0.0954531,0.102443,0.10583,0.106727,0.107079,0.109122
0.0948674,0.0933515,0.0873093,0.087066,0.0959571,0.101202,0.109319,0.109421,0.106979,0.114528
0.09681,0.0945759,0.0935721,0.0920632,0.0968857,0.101161,0.105031,0.10685,0.104958,0.108093
0.0988659,0.0971908,0.0975256,0.0974499,0.0992475,0.0993497,0.102312,0.102279,0.101487,0.104292
0.0986129,0.0950393,0.0965853,0.0985923,0.0959397,0.0984151,0.104394,0.104368,0.105932,0.102121
0.0973267,0.0946559,0.0953734,0.100011,0.0997343,0.0984473,0.103782,0.104943,0.103856,0.101869
0.0984688,0.0945116,0.0974615,0.102405,0.0974716,0.0983217,0.102696,0.104784,0.104633,0.0992471
0.0974643,0.0954344,0.0962919,0.102836,0.0973822,0.096993,0.10294,0.106351,0.106845,0.0974629
0.0959399,0.0973739,0.0973739,0.101376,0.0965492,0.0972318,0.103565,0.10406,0.106945,0.0995851
0.0952499,0.0982176,0.0959692,0.100196,0.0969314,0.0975072,0.103945,0.10488,0.107882,0.099222
0.0932675,0.0975191,0.0954441,0.0942702,0.0934253,0.0998853,0.106785,0.106161,0.110139,0.103103
0.0936723,0.0952354,0.0943559,0.0969852,0.0923103,0.098196,0.106446,0.109814,0.11121,0.101775
0.0948026,0.0972324,0.093718,0.10013,0.0948862,0.096099,0.104742,0.108448,0.108915,0.101026
0.0929016,0.0948143,0.0939001,0.0951543,0.0923312,0.0987595,0.107558,0.109635,0.111273,0.103673
0.0932265,0.0975409,0.0937056,0.0948494,0.0946119,0.0991723,0.107958,0.105162,0.110757,0.103017
0.0911524,0.099392,0.0939055,0.0913244,0.0925326,0.100752,0.109162,0.104873,0.112391,0.104515
0.0924174,0.0992087,0.092521,0.0926846,0.0962639,0.10045,0.108123,0.103207,0.11056,0.104563
0.0915648,0.0993146,0.0930324,0.0963714,0.0952317,0.0978591,0.108983,0.102609,0.113097,0.101937
0.0948766,0.0993208,0.098196,0.0988896,0.0943934,0.0975271,0.105418,0.102525,0.109344,0.099509
0.0951287,0.0989834,0.102513,0.101766,0.0943626,0.0963897,0.103715,0.101952,0.107327,0.0978629
0.095979,0.0995751,0.102154,0.101828,0.095665,0.0967136,0.102996,0.101306,0.105645,0.0981388
0.096636,0.0972593,0.100918,0.0970565,0.0971674,0.098915,0.102956,0.10164,0.104491,0.10296
0.0972599,0.0967314,0.0990973,0.0960008,0.0988286,0.099498,0.103301,0.101412,0.103407,0.104464
0.0972941,0.098834,0.100123,0.0964235,0.0983652,0.100359,0.101941,0.100859,0.102293,0.103508
0.0983984,0.0981522,0.100701,0.100496,0.0954033,0.0982546,0.102545,0.10238,0.105448,0.0982201
0.0982814,0.0943903,0.0984039,0.0969277,0.093411,0.0992343,0.104666,0.105481,0.107688,0.101516
0.0981502,0.0923804,0.0953289,0.0953816,0.0940997,0.100251,0.105592,0.107239,0.108928,0.102649
0.0963326,0.0945553,0.0947196,0.0916597,0.0930284,0.101058,0.105945,0.107842,0.110538,0.104321
0.0965606,0.0974783,0.0983854,0.0969441,0.0929147,0.100607,0.103977,0.105768,0.108584,0.0987806
0.096604,0.0980972,0.0934991,0.0878532,0.0948526,0.101498,0.107349,0.102351,0.111951,0.105944
0.0973159,0.0989429,0.0908971,0.0842939,0.0971612,0.0998474,0.109551,0.0996648,0.112731,0.109594
0.0954006,0.0989925,0.0933158,0.0900324,0.100002,0.0980392,0.106903,0.101074,0.108829,0.107412
0.0965285,0.0979794,0.0896942,0.0831076,0.09633,0.0984639,0.111767,0.100017,0.115467,0.110647
0.0952463,0.0976322,0.0872281,0.0796702,0.0958787,0.0976067,0.11466,0.0997034,0.119136,0.113239
0.0946126,0.0993717,0.0910602,0.0836033,0.098135,0.0974595,0.11171,0.0987548,0.113362,0.111932
0.0939784,0.101049,0.0925085,0.0867835,0.0989424,0.0964815,0.10989,0.0989711,0.111988,0.109407
0.0919947,0.102934,0.0938413,0.0937638,0.0995124,0.0943149,0.107316,0.101513,0.110003,0.104807
0.0963516,0.0987398,0.0903626,0.0832696,0.0975086,0.0989582,0.110666,0.099538,0.113633,0.110972
0.095351,0.0963932,0.0889482,0.0842921,0.0967203,0.0983071,0.111786,0.102069,0.114826,0.111307
0.0947599,0.0950697,0.0901004,0.0921962,0.098293,0.0973256,0.107719,0.10612,0.111891,0.106526
0.097537,0.0898991,0.0916994,0.0916979,0.093435,0.0992685,0.10914,0.108021,0.113525,0.105777
0.0977163,0.0909956,0.0945997,0.0927971,0.0942686,0.0997845,0.107533,0.106446,0.110607,0.105252
0.096239,0.0903331,0.0949368,0.0922002,0.0933801,0.100142,0.107811,0.107758,0.111144,0.106056
0.096391,0.0910244,0.0951825,0.0930166,0.0948283,0.0999138,0.106877,0.106981,0.109269,0.106516
0.0963252,0.0905414,0.0931968,0.090486,0.0942633,0.0992591,0.107958,0.10768,0.111627,0.108663
0.0969384,0.0918524,0.0945758,0.0936405,0.091743,0.0991387,0.107472,0.108392,0.112807,0.10344
0.0991405,0.0922809,0.0968613,0.100041,0.0945347,0.0979266,0.104583,0.106132,0.108554,0.0999463
0.0987481,0.0937641,0.0956452,0.0957817,0.0971945,0.100833,0.104324,0.104778,0.106348,0.102583
0.0980672,0.0931268,0.0943154,0.0923544,0.0997716,0.100567,0.105773,0.104365,0.101792,0.109867
0.0970351,0.0962479,0.098381,0.0934423,0.0994128,0.101454,0.103362,0.102611,0.101023,0.107032
0.0985405,0.0987394,0.0984453,0.0957124,0.100738,0.0991185,0.10353,0.100531,0.0974373,0.107207
0.0989177,0.0969274,0.0975377,0.0972211,0.100878,0.0988753,0.103319,0.101197,0.0997968,0.10533
0.0996113,0.0949243,0.0971332,0.0972383,0.0981871,0.0998871,0.103137,0.103132,0.103983,0.102766
0.0993854,0.0948562,0.0979575,0.0969862,0.0977703,0.0996025,0.103363,0.102797,0.10434,0.102942
0.0989937,0.0979724,0.100378,0.100502,0.0980696,0.0981141,0.101912,0.100981,0.103248,0.0998286
0.0975281,0.0988675,0.100562,0.0983713,0.0987525,0.0995099,0.101687,0.100913,0.102042,0.101767
0.0979869,0.0978359,0.100825,0.102477,0.097402,0.0971372,0.101787,0.102142,0.103561,0.0988468
0.0956126,0.0966985,0.10221,0.10149,0.0966741,0.0982259,0.102576,0.103587,0.103894,0.0990317
0.0942268,0.0989027,0.0993816,0.0989676,0.0963296,0.0987129,0.104218,0.103384,0.106227,0.0996503
0.0958416,0.0969358,0.101517,0.0978093,0.0948168,0.099319,0.103559,0.103274,0.105224,0.101703
0.0948226,0.0961071,0.102792,0.0959762,0.0950759,0.100101,0.103363,0.103299,0.104704,0.103758
0.0923206,0.0964302,0.0984047,0.0893683,0.0935512,0.101846,0.105867,0.105013,0.107591,0.109607
0.0918103,0.0956441,0.096553,0.0871488,0.0928395,0.10269,0.106615,0.106837,0.108165,0.111697
0.0928977,0.0952714,0.0957014,0.0875431,0.0943968,0.102045,0.107058,0.104978,0.108041,0.112067
0.0931454,0.0939979,0.09335,0.0870021,0.0949501,0.100555,0.108393,0.105731,0.108666,0.11421
0.0928361,0.0937783,0.0939195,0.085813,0.095365,0.101092,0.108207,0.105406,0.108218,0.115364
0.0925763,0.092359,0.0915712,0.0833517,0.0965995,0.100939,0.109496,0.106536,0.1063,0.120272
0.091515,0.0891749,0.0876225,0.0775678,0.0950421,0.102126,0.112677,0.109001,0.110267,0.125007
0.0904766,0.0899143,0.0871836,0.0761861,0.0939045,0.103052,0.113228,0.109813,0.109134,0.127109
0.0920309,0.0930663,0.0876863,0.0753999,0.0940172,0.103137,0.113624,0.10558,0.111095,0.124362
0.0902559,0.0926958,0.0836218,0.0690363,0.0916042,0.106579,0.115797,0.106152,0.118095,0.126163
0.0885102,0.0927399,0.0828396,0.0669469,0.0907338,0.10858,0.116326,0.106787,0.118111,0.128427
0.0896303,0.0952434,0.0844533,0.0688811,0.0914993,0.107981,0.115539,0.103656,0.118571,0.124546
0.0917395,0.0951424,0.0868088,0.0740521,0.0938093,0.107753,0.112407,0.104752,0.1149,0.118636
0.0904442,0.0965112,0.0872312,0.0732451,0.090722,0.109262,0.113099,0.105385,0.115534,0.118565
0.0913184,0.0931539,0.0840615,0.0724953,0.0934959,0.107005,0.113726,0.106102,0.116106,0.122536
0.0912859,0.0966919,0.0881274,0.0764871,0.090362,0.108511,0.111836,0.106637,0.115735,0.114326
0.0886904,0.0975026,0.0908501,0.0767769,0.0875358,0.109995,0.111552,0.108891,0.117673,0.110533
0.0876093,0.0986735,0.0905599,0.0763677,0.0856125,0.110223,0.112921,0.108685,0.11814,0.11121
0.0863499,0.0986545,0.0892169,0.0739251,0.08502,0.111317,0.114308,0.108505,0.11816,0.114543
0.0895711,0.100947,0.0889575,0.0739729,0.0896675,0.109217,0.112941,0.101543,0.116798,0.116385
0.0916145,0.0981208,0.0893907,0.0778657,0.0922959,0.107648,0.110458,0.104143,0.112531,0.115932
0.0943318,0.0969474,0.0904431,0.0817099,0.0954541,0.104419,0.109028,0.102891,0.109702,0.115074
0.0926696,0.0999055,0.094215,0.0848814,0.0917379,0.105264,0.107854,0.102991,0.111026,0.109456
0.0941442,0.0999327,0.0962244,0.0895687,0.0932063,0.104433,0.105387,0.103658,0.107876,0.10557
0.0923458,0.100004,0.0929664,0.0847832,0.0905906,0.105386,0.108911,0.104842,0.111164,0.109007
0.0933623,0.0992864,0.094582,0.0875458,0.0932715,0.104739,0.106971,0.104253,0.107797,0.108193
0.0911158,0.0997914,0.0951068,0.0902927,0.0937552,0.101752,0.107388,0.103852,0.110241,0.106705
0.0966407,0.101424,0.0995304,0.0957631,0.0979735,0.100988,0.102803,0.0998921,0.104062,0.100922
0.0975272,0.100654,0.10012,0.0987269,0.09935,0.0993008,0.101398,0.100383,0.101605,0.100936
0.0951453,0.100972,0.0984484,0.0964531,0.0987252,0.100169,0.103004,0.100855,0.10425,0.101978
0.0944805,0.0999669,0.0981093,0.0962151,0.0986865,0.100461,0.103518,0.101879,0.104214,0.10247
0.0935003,0.10148,0.100647,0.0954774,0.0976223,0.100046,0.103269,0.101546,0.104176,0.102236
0.0948079,0.101608,0.101395,0.0965116,0.0984397,0.0993085,0.102228,0.100519,0.10279,0.102392
0.0967966,0.101802,0.0995846,0.0973965,0.0997671,0.0982159,0.102017,0.0999657,0.101899,0.102555
0.0967033,0.101851,0.0980682,0.0943887,0.0999552,0.0979143,0.103788,0.0992111,0.10326,0.10486
0.0968128,0.0998621,0.0969039,0.0962982,0.10085,0.098105,0.103239,0.100491,0.10339,0.104048
0.0968038,0.0991949,0.0941286,0.0936097,0.102994,0.0990454,0.10432,0.100425,0.102449,0.10703
0.098613,0.0923923,0.089892,0.0955185,0.0978926,0.0995632,0.105066,0.109189,0.10755,0.104323
0.0963771,0.0907864,0.0876442,0.0874935,0.097363,0.101693,0.108085,0.109443,0.108487,0.112628
0.0993527,0.0953569,0.093701,0.0967958,0.0995438,0.0998791,0.103744,0.1046,0.102043,0.104983
0.0981345,0.0934362,0.0900186,0.0942962,0.0984522,0.100535,0.105048,0.107988,0.104516,0.107575
0.0975606,0.0934931,0.0920857,0.0980603,0.0991957,0.100043,0.103091,0.108471,0.104706,0.103294
0.0994943,0.0923127,0.0912675,0.0976849,0.0982842,0.10034,0.104145,0.108489,0.103661,0.104322
0.0974175,0.0939323,0.0943636,0.0979384,0.0956092,0.100662,0.103807,0.108659,0.104373,0.103238
0.0988212,0.0933163,0.0916226,0.0989366,0.0976643,0.0996193,0.10477,0.108304,0.105286,0.101661
0.0979878,0.0940842,0.0924937,0.0966763,0.0981579,0.099369,0.105333,0.106598,0.105778,0.103522
0.0984995,0.0949376,0.0918811,0.0958921,0.0991626,0.0990008,0.105064,0.105679,0.106508,0.103376
0.0977379,0.0950756,0.0923002,0.0935715,0.0988287,0.0998889,0.105172,0.105012,0.106033,0.106381
0.0974227,0.0976162,0.0923027,0.0986813,0.094994,0.0974074,0.106543,0.106209,0.110437,0.098387
0.0988257,0.0958493,0.0921726,0.0993814,0.096872,0.0965709,0.106947,0.104509,0.109386,0.0994861
0.0975085,0.0972781,0.0946687,0.0953793,0.0984851,0.099756,0.104272,0.103888,0.104983,0.103781
0.0971965,0.0945475,0.0880558,0.0908642,0.0997133,0.100845,0.107464,0.10586,0.105401,0.110053
0.0988862,0.0958735,0.0942257,0.0962325,0.0997678,0.0987087,0.10449,0.103166,0.105074,0.103575
0.0995601,0.0921862,0.0891392,0.0947707,0.0979245,0.100187,0.105687,0.108364,0.107633,0.104548
0.0991992,0.0951761,0.0947389,0.0970841,0.0969216,0.0992124,0.103828,0.105393,0.106609,0.101838
0.096429,0.10022,0.100482,0.0939868,0.098337,0.102493,0.102337,0.100286,0.103477,0.101953
0.0944464,0.0994306,0.0990805,0.0928222,0.0943884,0.102056,0.104817,0.102651,0.108386,0.101922
0.0949586,0.100044,0.100578,0.0969077,0.096785,0.101268,0.102619,0.102569,0.104411,0.0998606
0.0938013,0.0989491,0.0999281,0.0953234,0.0957618,0.102055,0.103774,0.103877,0.105637,0.100893
0.0921381,0.0999551,0.0976008,0.0927747,0.0954481,0.101745,0.105117,0.103653,0.108041,0.103528
0.0882742,0.0987555,0.095385,0.0865468,0.0902213,0.104027,0.108888,0.107417,0.113362,0.107123
0.0871491,0.100686,0.0918091,0.093026,0.0968378,0.0988665,0.109541,0.102439,0.1157,0.103945
0.083847,0.101445,0.0896578,0.0873593,0.0949538,0.100967,0.112367,0.103318,0.118951,0.107134
0.0863577,0.101562,0.0928641,0.0880045,0.0943236,0.100909,0.110261,0.10289,0.115032,0.107796
0.0875524,0.096818,0.0913985,0.0843296,0.0881265,0.104912,0.111496,0.109172,0.116013,0.110183
0.088748,0.0966586,0.0903851,0.0877729,0.0838043,0.100205,0.115235,0.110999,0.12071,0.105482
0.0911774,0.0960691,0.0915566,0.0909435,0.0865781,0.0996537,0.111729,0.109796,0.116869,0.105627
0.0923456,0.0969811,0.0934608,0.0897212,0.0881543,0.101584,0.109448,0.10946,0.113612,0.105233
0.0934825,0.0954362,0.092496,0.0933807,0.0907628,0.0999494,0.108545,0.109491,0.113096,0.103361
0.0970515,0.0954251,0.0971291,0.102364,0.0960099,0.098382,0.103232,0.106455,0.107049,0.0969023
0.0970843,0.0961021,0.0985778,0.102764,0.097114,0.0965782,0.102475,0.105173,0.105996,0.0981358
0.0982092,0.0923091,0.0925216,0.0974606,0.0950657,0.0984405,0.104839,0.109374,0.11041,0.101371
0.0983272,0.090526,0.0913432,0.0948937,0.0941737,0.0987214,0.106965,0.109409,0.112702,0.102938
0.0965583,0.0916959,0.0925078,0.101543,0.0935248,0.095786,0.104967,0.112192,0.113298,0.0979271
0.0965219,0.0915917,0.0925894,0.099996,0.0965136,0.0972787,0.104215,0.110516,0.109639,0.101138
0.0961819,0.0941322,0.0962304,0.102993,0.0996917,0.0966974,0.102433,0.10653,0.105255,0.0998558
0.0960974,0.0961601,0.0978315,0.103019,0.100172,0.0962845,0.101943,0.104748,0.104035,0.0997095
0.096028,0.0952602,0.0976125,0.103599,0.0994655,0.0960927,0.102123,0.105968,0.104783,0.099069
0.0965573,0.0955128,0.09489,0.100508,0.0991394,0.0973467,0.102953,0.106375,0.105064,0.101654
0.0964412,0.0968288,0.0958666,0.100682,0.102113,0.0978474,0.102055,0.103401,0.102277,0.102488
0.0969748,0.0970428,0.0956324,0.0986818,0.102128,0.0989107,0.102963,0.1025,0.102203,0.102964
0.0975508,0.0982892,0.0966781,0.0982653,0.101318,0.0989384,0.102427,0.101475,0.102625,0.102433
0.0980346,0.098645,0.0981806,0.10098,0.100701,0.0984237,0.100943,0.101949,0.101924,0.10022
0.098809,0.0957777,0.0938903,0.0942181,0.10054,0.0990384,0.105198,0.10269,0.101371,0.108468
0.0989274,0.0971785,0.097126,0.097107,0.100876,0.0993671,0.102767,0.101276,0.100737,0.104639
0.0959452,0.097017,0.0938295,0.0912774,0.0946929,0.102312,0.105269,0.106623,0.106563,0.106472
0.095048,0.095526,0.0895282,0.0887401,0.0954928,0.102243,0.108636,0.106651,0.108714,0.10942
0.092892,0.0974063,0.0918695,0.0902988,0.095232,0.101769,0.107677,0.10549,0.109655,0.107711
0.0971346,0.0985068,0.0982458,0.0936944,0.0977507,0.102634,0.102632,0.102565,0.103082,0.103755
0.0947191,0.0994011,0.0972936,0.0930439,0.094737,0.102608,0.104456,0.103845,0.106184,0.103712
0.0960383,0.100265,0.0992697,0.0959598,0.0962661,0.101457,0.10257,0.102174,0.10453,0.10147
0.0941834,0.101253,0.0961223,0.0963956,0.0989258,0.0995474,0.10452,0.10045,0.106728,0.101874
0.094977,0.100584,0.095605,0.0971938,0.0994627,0.0993399,0.104273,0.100457,0.10631,0.101797
0.0955786,0.100135,0.0965189,0.100217,0.0993325,0.0976208,0.103854,0.100442,0.106295,0.100006
0.0931384,0.0997872,0.0940762,0.10017,0.0990227,0.096452,0.105958,0.101053,0.109956,0.100387
0.0951382,0.0992746,0.0957854,0.102378,0.100032,0.0966464,0.102477,0.102496,0.10607,0.0997028
0.0961873,0.0996851,0.0967665,0.102901,0.0995142,0.0963338,0.103013,0.101021,0.105897,0.0986821
0.0979288,0.0997399,0.0985363,0.101875,0.0987851,0.0975757,0.102211,0.100446,0.103957,0.0989455
0.0988425,0.0983109,0.100266,0.101876,0.0958868,0.0975669,0.102162,0.102239,0.104367,0.0984832
0.0981822,0.0972934,0.10202,0.103089,0.0950012,0.0964961,0.102325,0.102714,0.105045,0.0978332
0.0962332,0.0957195,0.0974144,0.10269,0.0999717,0.0974185,0.102118,0.10423,0.104041,0.100163
0.0973203,0.0957031,0.0984907,0.102794,0.0996966,0.0976877,0.101753,0.104324,0.102274,0.0999572
0.0985458,0.098784,0.0999966,0.101427,0.0994688,0.0983686,0.101097,0.101317,0.101361,0.099634
0.0990315,0.0997928,0.100231,0.100419,0.099504,0.0992143,0.100606,0.100425,0.100853,0.099923
0.0987736,0.100476,0.0990686,0.0990725,0.100216,0.0990627,0.101223,0.0999144,0.101135,0.10106
0.0970135,0.0990815,0.100358,0.0989114,0.0978624,0.099749,0.101978,0.101681,0.102546,0.100819
0.096238,0.0978249,0.0964322,0.0925998,0.0990693,0.102199,0.103289,0.103396,0.10222,0.106731
0.0964162,0.0968124,0.0925052,0.0903103,0.100192,0.101247,0.106148,0.103766,0.101202,0.111401
0.0958832,0.0950685,0.0905292,0.0904005,0.0964024,0.102027,0.107597,0.106802,0.106357,0.108934
0.0963602,0.0959752,0.0910561,0.0907424,0.098235,0.10176,0.106441,0.105257,0.105688,0.108486
0.096274,0.0946502,0.0888832,0.0886856,0.0993192,0.101903,0.107898,0.106039,0.103838,0.112511
0.096312,0.094242,0.0872959,0.0877037,0.0997685,0.10198,0.108873,0.106245,0.104067,0.113513
0.0969114,0.0944553,0.0881003,0.0877757,0.100973,0.101496,0.10874,0.104688,0.103667,0.113193
0.0953833,0.0942232,0.0890392,0.0878926,0.100233,0.101679,0.108895,0.104883,0.105471,0.1123
0.0966855,0.0954148,0.0905407,0.0880815,0.102207,0.100352,0.108245,0.10257,0.101996,0.113908
0.0968604,0.0959376,0.0928897,0.0905658,0.10171,0.10074,0.106154,0.102517,0.101774,0.110851
0.0981171,0.0965872,0.0951745,0.093572,0.100832,0.100548,0.104376,0.101831,0.102377,0.106583
0.0976743,0.0986945,0.0968459,0.0953369,0.0973423,0.101178,0.103583,0.102576,0.103864,0.102905
0.0987523,0.0982202,0.0966003,0.0955937,0.1008,0.0997375,0.103343,0.101015,0.100318,0.10562
0.0991158,0.0974618,0.0967866,0.0965709,0.100355,0.0998159,0.103004,0.101647,0.10042,0.104822
0.0979059,0.0963402,0.0968404,0.0967942,0.100379,0.100866,0.102835,0.102805,0.101655,0.103579
0.097932,0.0984832,0.0980278,0.100367,0.100681,0.0991464,0.102073,0.101594,0.101547,0.100149
0.0986167,0.0990529,0.0974751,0.0972966,0.101168,0.0997489,0.101967,0.100438,0.101441,0.102795
0.0977818,0.0990107,0.0968103,0.0961527,0.101601,0.0995323,0.102828,0.100625,0.101934,0.103724
0.0963201,0.0992131,0.0957218,0.0973069,0.101782,0.098265,0.103593,0.101301,0.103394,0.103102
0.0955961,0.101231,0.0957818,0.094736,0.101472,0.0976072,0.104197,0.100081,0.103874,0.105423
0.0963353,0.100828,0.0957133,0.0932342,0.101689,0.0984422,0.104405,0.0996854,0.102686,0.106981
0.0985374,0.096066,0.0957335,0.0958644,0.100125,0.100556,0.103267,0.102889,0.101838,0.105123
0.0989441,0.0981089,0.0979093,0.0975014,0.100722,0.099603,0.101985,0.100722,0.101133,0.103372
0.0977085,0.0975458,0.0976097,0.0993977,0.100861,0.0992186,0.102094,0.101948,0.102146,0.101471
0.0953001,0.101355,0.0993262,0.0999869,0.0996981,0.0980488,0.102144,0.100831,0.103536,0.0997732
0.0941484,0.0997367,0.0993446,0.0991893,0.0992154,0.100048,0.102381,0.101845,0.104983,0.0991089
0.0906909,0.10011,0.0979919,0.0957188,0.0978435,0.100129,0.105181,0.101768,0.108245,0.102322
0.0931576,0.100208,0.0998296,0.0982751,0.099053,0.0991797,0.103342,0.101951,0.104579,0.100425
0.0920132,0.0997695,0.101162,0.0947837,0.0957135,0.101867,0.104164,0.103595,0.105842,0.101089
0.0904014,0.0996452,0.0966096,0.0899605,0.0928807,0.102996,0.10667,0.104778,0.111275,0.104784
0.0881435,0.102155,0.0992208,0.0942083,0.0941403,0.0992628,0.106951,0.101813,0.112872,0.101234
0.0895092,0.102726,0.0989505,0.0934839,0.0959801,0.0995683,0.105546,0.101169,0.110244,0.102822
0.0968025,0.100287,0.0983308,0.0936961,0.0961869,0.10221,0.103723,0.101278,0.105523,0.101961
0.0959866,0.0998983,0.0979636,0.0943701,0.0967732,0.101812,0.103245,0.102499,0.104387,0.103064
0.0979725,0.0970958,0.0973078,0.0950341,0.0988694,0.10128,0.103073,0.102435,0.102884,0.104048
0.0973118,0.098021,0.0975788,0.092363,0.100738,0.101066,0.103746,0.101323,0.0988186,0.109033
0.0975342,0.0986353,0.0975789,0.0933572,0.101036,0.100705,0.103764,0.100656,0.099,0.107732
0.098325,0.0971486,0.0976708,0.095707,0.100139,0.100855,0.102642,0.101839,0.101335,0.104338
0.0975529,0.0978665,0.0977326,0.0964851,0.100224,0.101341,0.10225,0.10247,0.100762,0.103317
0.0974524,0.0959787,0.0948919,0.0973297,0.100389,0.10008,0.104018,0.104121,0.102525,0.103213
0.0974335,0.0960934,0.0946809,0.0966485,0.100151,0.100469,0.104312,0.104213,0.102313,0.103685
0.0955301,0.0984983,0.0896958,0.0946224,0.0982162,0.0985575,0.107453,0.105222,0.10807,0.104134
0.0937532,0.0983582,0.0891353,0.0956238,0.0984174,0.0985702,0.106676,0.105665,0.109823,0.103977
0.0968966,0.0963069,0.0919771,0.0983259,0.0996267,0.0993123,0.105014,0.105731,0.105139,0.101671
0.0977178,0.0958755,0.093377,0.0977096,0.0989581,0.100554,0.104341,0.105794,0.104084,0.101589
0.0971697,0.0980237,0.0936518,0.0995223,0.0997166,0.0984421,0.103393,0.104292,0.104751,0.101038
0.0957009,0.0974227,0.0910488,0.0961621,0.0973667,0.0986741,0.106784,0.105666,0.108179,0.102997
0.0967841,0.0945838,0.0946043,0.0976776,0.0966177,0.100815,0.10444,0.107972,0.105124,0.101382
0.0961363,0.0982072,0.0979057,0.0964117,0.0957837,0.100329,0.103508,0.104829,0.1065,0.100389
0.097003,0.0972539,0.0963184,0.0977308,0.0966486,0.100355,0.103641,0.10544,0.105231,0.10038
0.0968682,0.0994428,0.0961093,0.0964784,0.0959088,0.100436,0.103937,0.103743,0.106594,0.100482
0.0968116,0.0988399,0.0984422,0.0993297,0.097666,0.100073,0.102011,0.103316,0.104094,0.0994161
0.0972057,0.100229,0.0987359,0.0990915,0.0970508,0.100138,0.101743,0.102348,0.104777,0.0986816
0.0960533,0.0994119,0.096757,0.0963522,0.0948135,0.100814,0.104004,0.104185,0.107031,0.100579
0.0929411,0.0975103,0.0930784,0.0931028,0.0937575,0.100579,0.107425,0.106027,0.111383,0.104196
0.0904378,0.0973091,0.0897333,0.0909016,0.0912647,0.100058,0.111312,0.10787,0.116428,0.104686
0.0889748,0.0961191,0.0902817,0.0891013,0.0926497,0.102308,0.109641,0.107768,0.115453,0.107704
0.086685,0.0968785,0.0869822,0.0879114,0.0933606,0.101281,0.112587,0.106387,0.119026,0.108902
0.0898592,0.0976878,0.0888125,0.0903099,0.0946762,0.100885,0.110672,0.105562,0.115102,0.106434
0.0926107,0.0959244,0.0908082,0.0903541,0.0955384,0.103169,0.10736,0.107388,0.109487,0.10736
0.0941932,0.0969147,0.0939276,0.0929712,0.0948958,0.102396,0.105254,0.106083,0.10841,0.104954
0.0916605,0.0973236,0.0938185,0.0905628,0.0947903,0.103155,0.106755,0.105568,0.10988,0.106487
0.0936062,0.098093,0.0954365,0.0945135,0.096142,0.101156,0.105158,0.104197,0.10782,0.103879
0.0984679,0.0978626,0.0978592,0.0976587,0.0990936,0.102042,0.101662,0.102838,0.100953,0.101563
0.0981919,0.0965746,0.0961302,0.0967879,0.0996259,0.101786,0.103149,0.103536,0.101052,0.103167
0.0987055,0.0989991,0.0984651,0.0961721,0.100128,0.100387,0.102387,0.100347,0.100942,0.103466
0.0974407,0.0968036,0.0947692,0.0933692,0.100397,0.102169,0.104633,0.103464,0.0992078,0.107747
0.0973358,0.0965344,0.0951925,0.0949485,0.100391,0.101337,0.104817,0.103501,0.0986592,0.107284
0.0972193,0.0973145,0.0939507,0.0931502,0.0998208,0.0999375,0.105251,0.103689,0.0994604,0.110206
0.0978179,0.0963994,0.0944388,0.094592,0.0976732,0.0999798,0.104062,0.105527,0.101939,0.107572
0.0984861,0.0969546,0.0956022,0.0956464,0.0976986,0.100201,0.103252,0.104103,0.10327,0.104786
0.0963328,0.0980169,0.0959971,0.0926601,0.0994647,0.0996272,0.104834,0.10302,0.0985812,0.111465
0.0968679,0.0980163,0.0958143,0.0931739,0.0995977,0.100286,0.104021,0.103072,0.0998124,0.109339
0.0946998,0.0955856,0.0914796,0.0880953,0.0985695,0.101868,0.10623,0.107139,0.102121,0.114212
0.0927797,0.0945361,0.091043,0.0849085,0.0978678,0.103013,0.107374,0.108396,0.102502,0.117579
0.0936661,0.0949929,0.0909178,0.0865983,0.0983497,0.102126,0.107045,0.107973,0.101668,0.116664
0.0933372,0.093509,0.0885695,0.0846648,0.098021,0.103545,0.107598,0.109715,0.104468,0.116572
0.0933767,0.0936127,0.0872211,0.0839855,0.0993175,0.10272,0.109095,0.108808,0.102556,0.119307
0.0934427,0.0958311,0.091972,0.0870219,0.0993685,0.102926,0.106643,0.105875,0.102937,0.113984
0.0961257,0.0972677,0.0928588,0.0903838,0.100134,0.100594,0.106426,0.103569,0.100259,0.112382
0.0952457,0.0963703,0.0973973,0.0898143,0.0981867,0.102142,0.104151,0.10408,0.101826,0.110785
0.0977521,0.0960549,0.0932911,0.0920262,0.100263,0.101131,0.104857,0.10363,0.102247,0.108748
0.0963083,0.0952446,0.0920692,0.0893116,0.0998672,0.102322,0.105302,0.10555,0.102536,0.111489
0.0981448,0.0965626,0.0940973,0.092737,0.10038,0.101287,0.104077,0.102902,0.10248,0.107332
0.0981893,0.0955087,0.090971,0.0920879,0.100244,0.100375,0.105922,0.104284,0.103589,0.10883
0.0982788,0.0934985,0.08846,0.0906442,0.100316,0.100809,0.106665,0.105858,0.105813,0.109657
0.097514,0.095326,0.0915911,0.0902826,0.0991429,0.101915,0.105445,0.104794,0.105293,0.108697
0.0938056,0.0957496,0.0911254,0.0864401,0.0935197,0.103964,0.108471,0.108027,0.108982,0.109914
0.0953208,0.0943308,0.0915353,0.0869664,0.0971056,0.103515,0.106428,0.107137,0.10649,0.111172
0.0937,0.0943124,0.0891427,0.0860451,0.0962015,0.104222,0.108721,0.107853,0.108073,0.11173
0.0970305,0.092056,0.0895236,0.0902676,0.100739,0.101447,0.107348,0.10588,0.104671,0.111038
0.0966118,0.093953,0.0899478,0.0910382,0.101189,0.101504,0.106228,0.104944,0.105419,0.109166
0.0955859,0.0944256,0.0883041,0.0895778,0.0998211,0.101705,0.107655,0.105783,0.106839,0.110304
0.0927639,0.0952017,0.0876098,0.0868885,0.097129,0.102753,0.109806,0.106494,0.109905,0.111448
0.0934487,0.0958518,0.0913583,0.0863111,0.0989236,0.103799,0.107377,0.105007,0.10582,0.112104
0.0965468,0.0932885,0.094188,0.0883959,0.101021,0.103468,0.10536,0.104318,0.101264,0.11215
0.0972136,0.0920838,0.0908351,0.0893995,0.100329,0.102759,0.105868,0.106322,0.104386,0.110804
0.0969411,0.0969669,0.0964411,0.0915846,0.0990285,0.101395,0.103709,0.102711,0.10374,0.107483
0.0962052,0.0985523,0.0961021,0.0918045,0.0957909,0.10225,0.104095,0.103841,0.105759,0.1056
0.097021,0.0999818,0.0948689,0.0901837,0.0961106,0.101891,0.105327,0.101082,0.107315,0.106219
0.097447,0.102931,0.0940949,0.0874071,0.0967917,0.101644,0.1066,0.0971829,0.109292,0.106609
0.0970182,0.102756,0.0917203,0.0861283,0.0938472,0.10174,0.108819,0.0984203,0.113355,0.106196
0.0961916,0.101347,0.0938131,0.0867905,0.0953013,0.102048,0.107637,0.0992408,0.110971,0.10666
0.097301,0.0948913,0.0934954,0.0919602,0.0984544,0.101088,0.105411,0.104647,0.105347,0.107404
0.0983252,0.096926,0.0960507,0.0983849,0.0996349,0.0990245,0.102467,0.103441,0.103727,0.102019
0.0981812,0.0979994,0.0979387,0.101358,0.0998585,0.0981758,0.101289,0.102669,0.102888,0.099643
0.0981607,0.100207,0.0988402,0.101729,0.100233,0.0977723,0.10101,0.100964,0.1022,0.098883
0.0984963,0.0985399,0.0965643,0.099841,0.100908,0.0986904,0.101953,0.101621,0.102542,0.100844
0.0966673,0.101168,0.0967736,0.0975988,0.101079,0.0976871,0.103068,0.100034,0.103305,0.10262
0.0985655,0.0987646,0.0971901,0.100149,0.100929,0.098665,0.101718,0.101167,0.102556,0.100297
0.0991768,0.100768,0.0999908,0.101293,0.0994034,0.0985076,0.10069,0.099956,0.101513,0.0987014
0.0990888,0.10015,0.098914,0.0960677,0.099983,0.0997754,0.102032,0.09942,0.101798,0.102771
0.0987477,0.100626,0.0967541,0.0927309,0.0995207,0.10041,0.103953,0.0989806,0.10262,0.105657
0.0982505,0.10035,0.0952237,0.0891015,0.0993291,0.101707,0.105157,0.0984092,0.105205,0.107267
0.0957855,0.100127,0.0911084,0.0810158,0.0962203,0.103709,0.109469,0.0984178,0.111924,0.112222
0.0943226,0.100062,0.0886124,0.0760904,0.0956395,0.105575,0.111688,0.0981175,0.114945,0.114948
0.0957173,0.100059,0.0921975,0.0811285,0.0970496,0.103402,0.109457,0.0980867,0.111336,0.111566
0.0956217,0.0973447,0.0946424,0.0874302,0.096429,0.102138,0.107966,0.101022,0.109688,0.107717
0.0968655,0.0938188,0.0976356,0.0942013,0.09706,0.101577,0.105263,0.104016,0.105337,0.104226
0.096341,0.096128,0.0991831,0.0956663,0.0993391,0.100806,0.103508,0.102429,0.101214,0.105385
0.0983866,0.0991566,0.0975814,0.0948367,0.0992934,0.10013,0.103716,0.099634,0.103822,0.103443
0.0981585,0.0967032,0.0986857,0.0988681,0.100335,0.100339,0.102267,0.10214,0.0998421,0.102662
0.0989373,0.0969009,0.097754,0.0969826,0.100974,0.100287,0.103014,0.101374,0.0993268,0.10445
0.0987256,0.0981496,0.0978405,0.0960221,0.100516,0.100788,0.102508,0.100588,0.102272,0.10259
0.0979915,0.0968145,0.0975187,0.0976363,0.0995885,0.0997254,0.102447,0.102497,0.104095,0.101686
0.0982712,0.0973939,0.0955867,0.0952543,0.0983836,0.100433,0.103582,0.103585,0.10324,0.10427
0.0976457,0.0974372,0.0983516,0.0965511,0.0988786,0.10158,0.102459,0.10252,0.102439,0.102138
0.0988104,0.096112,0.0942927,0.0961961,0.0983823,0.100664,0.102552,0.10617,0.103153,0.103668
0.0970072,0.0949388,0.0926875,0.0892749,0.0986545,0.101597,0.106772,0.104686,0.103608,0.110774
0.0965637,0.094112,0.0899734,0.0866085,0.0997017,0.102657,0.106945,0.105853,0.104237,0.113349
0.0967968,0.0942078,0.0924323,0.0888129,0.0996382,0.10154,0.105875,0.105265,0.102397,0.113035
0.0956234,0.0943892,0.0897056,0.0833643,0.0964116,0.102854,0.109072,0.104618,0.109815,0.114146
0.0974498,0.0936198,0.0929073,0.0904365,0.0952164,0.0995742,0.107,0.105697,0.110749,0.10735
0.0966202,0.0943904,0.093485,0.0915156,0.0929214,0.0986858,0.107543,0.106051,0.113841,0.104946
0.0950247,0.0973839,0.0965458,0.092845,0.0919019,0.0996563,0.106259,0.105303,0.11189,0.10319
0.0951089,0.0967087,0.0951253,0.0907813,0.0926019,0.101122,0.106658,0.105377,0.111065,0.105451
0.0967698,0.0981566,0.098574,0.0956124,0.0950084,0.0992895,0.104273,0.102384,0.107615,0.102317
0.097623,0.0971817,0.0990857,0.0966237,0.0958838,0.0995367,0.103985,0.102414,0.106603,0.101063
0.0972101,0.0979862,0.0990929,0.0951323,0.0990662,0.100503,0.102853,0.100789,0.103126,0.104242
0.0965517,0.100083,0.0990327,0.098787,0.0986369,0.0998938,0.101964,0.101693,0.103516,0.099843
0.0972624,0.100895,0.0982555,0.0994593,0.0995698,0.0992614,0.101554,0.101267,0.102792,0.0996827
0.0950194,0.0986937,0.0939291,0.0963433,0.0994561,0.100051,0.10438,0.102586,0.105892,0.103649
0.0966002,0.0978971,0.0974865,0.0982145,0.100022,0.100038,0.102832,0.102349,0.102255,0.102306
0.0980978,0.0946883,0.095405,0.095837,0.100097,0.10063,0.104222,0.103883,0.100798,0.106342
0.097206,0.0941779,0.0946195,0.0933243,0.101523,0.100444,0.106043,0.103468,0.0994644,0.10973
0.0977135,0.098771,0.0964857,0.0963086,0.101759,0.0992328,0.102842,0.10085,0.101598,0.10444
0.0981193,0.0963199,0.0946331,0.0954517,0.0998873,0.0992811,0.10449,0.102798,0.104424,0.104595
0.0981872,0.098259,0.0962603,0.097579,0.0999103,0.0988908,0.103554,0.101848,0.103249,0.102262
0.0976333,0.0976416,0.0966283,0.098651,0.100563,0.0986924,0.102901,0.102302,0.10294,0.102048
0.0951347,0.0975721,0.0928051,0.0828554,0.0962294,0.104012,0.107633,0.102464,0.107792,0.113503
0.093456,0.0952279,0.0876859,0.0766846,0.095158,0.105038,0.111438,0.104221,0.111163,0.119927
0.094281,0.09762,0.0884769,0.0776612,0.0949782,0.104433,0.11113,0.10138,0.113716,0.116323
0.0921346,0.0961451,0.088275,0.0768833,0.0933261,0.104282,0.112504,0.104147,0.112609,0.119694
0.0930896,0.0986532,0.0878202,0.0760857,0.0935843,0.105386,0.112023,0.101079,0.115614,0.116665
0.0910769,0.0997068,0.0909049,0.0802086,0.0897045,0.106157,0.110289,0.105158,0.115463,0.111331
0.093469,0.0998476,0.0948253,0.0870093,0.0926019,0.10213,0.107222,0.103272,0.110956,0.108667
0.0931011,0.100176,0.0975753,0.0894726,0.0925252,0.102094,0.105786,0.103087,0.109394,0.106789
0.0934948,0.0996392,0.0975431,0.0894743,0.0931615,0.101208,0.106255,0.102382,0.109485,0.107357
0.0929009,0.0989541,0.0980628,0.0892982,0.0939457,0.101559,0.105993,0.102593,0.10869,0.108003
0.0958115,0.0990141,0.0990161,0.0943331,0.0957801,0.100484,0.103531,0.102259,0.105942,0.10383
0.0951445,0.0988505,0.0972845,0.0917029,0.0952556,0.101219,0.104757,0.102615,0.107299,0.105872
0.0930767,0.0974613,0.0947241,0.0869898,0.0919726,0.10505,0.105923,0.108654,0.10784,0.108308
0.0934608,0.0949434,0.0894733,0.084729,0.091928,0.104944,0.10888,0.110155,0.111021,0.110466
0.093767,0.0970743,0.0926064,0.0853135,0.0923282,0.105166,0.10757,0.107212,0.109837,0.109125
0.0962682,0.09848,0.0922577,0.0874186,0.0956893,0.102776,0.106637,0.10306,0.109637,0.107776
0.0958858,0.0983755,0.0932861,0.0897452,0.0950121,0.102857,0.107271,0.103316,0.110176,0.104076
0.0960996,0.0998037,0.0917739,0.0863966,0.0952835,0.102117,0.10805,0.101106,0.112048,0.107321
0.0954601,0.0995994,0.0919265,0.0878333,0.0926867,0.102456,0.108251,0.103866,0.112364,0.105558
0.0926909,0.100619,0.0925092,0.0871143,0.0905885,0.10192,0.109726,0.104669,0.113421,0.106743
0.0964993,0.100711,0.0944172,0.0876012,0.0961877,0.102572,0.106356,0.100237,0.108294,0.107125
0.0959782,0.100394,0.0975741,0.0899663,0.0976567,0.101569,0.104873,0.0991728,0.10597,0.106846
0.0951689,0.0998365,0.0966239,0.0849298,0.0985994,0.103562,0.105792,0.0989093,0.10543,0.111148
0.093863,0.0969009,0.0912863,0.0792924,0.100752,0.104778,0.108383,0.100766,0.104136,0.119842
0.0952817,0.0968959,0.0915661,0.0825903,0.102048,0.102858,0.107672,0.100934,0.102069,0.118085
0.0952655,0.0955613,0.0914221,0.0836585,0.0979557,0.102649,0.108135,0.102444,0.107834,0.115074
0.0949828,0.095056,0.0908758,0.081775,0.0990837,0.102715,0.108494,0.101927,0.107628,0.117463
0.0947251,0.0961186,0.0931063,0.0846313,0.0972825,0.103074,0.107057,0.103144,0.106998,0.113863
0.0944759,0.0954729,0.0950709,0.0867577,0.0978337,0.102782,0.106045,0.103526,0.106225,0.111811
0.0951682,0.0968887,0.0954636,0.0883446,0.0974723,0.101794,0.106207,0.101817,0.107306,0.109539
0.0945852,0.0977393,0.0938473,0.0891062,0.0928729,0.102668,0.106893,0.105852,0.110348,0.106089
0.0941845,0.0978381,0.0943194,0.0895079,0.09358,0.10363,0.10652,0.10578,0.107969,0.10667
0.0943959,0.0989148,0.0961737,0.0923839,0.0958022,0.102289,0.104985,0.103489,0.106663,0.104904
0.0949462,0.0975478,0.0968548,0.094117,0.0962393,0.102921,0.104087,0.104912,0.105829,0.102546
0.0972571,0.095681,0.0979797,0.0971262,0.0987444,0.101459,0.10316,0.103404,0.102651,0.102537
0.0992785,0.0961567,0.094152,0.0936297,0.099955,0.0998612,0.105295,0.102449,0.101553,0.10767
0.0977195,0.0946969,0.0967574,0.102947,0.0969029,0.0968033,0.102445,0.107134,0.106623,0.0979716
0.0980808,0.0979404,0.0992642,0.102038,0.099688,0.0984928,0.101328,0.102206,0.101439,0.0995228
0.0992363,0.0991544,0.0990445,0.0994341,0.0999576,0.0994632,0.101094,0.100593,0.100896,0.101127
0.0980775,0.0978868,0.0995618,0.10215,0.0992222,0.0980002,0.101363,0.102351,0.10237,0.0990173
0.0985106,0.0965014,0.0983657,0.101138,0.100013,0.0991734,0.101812,0.102517,0.101621,0.100349
0.097749,0.0971988,0.0996677,0.102764,0.0983465,0.0974459,0.101964,0.102824,0.103651,0.098389
0.0976721,0.0988036,0.10044,0.101672,0.0987937,0.098466,0.101279,0.101865,0.101878,0.0991308
0.0980022,0.0969316,0.0986771,0.101877,0.099741,0.0983866,0.101552,0.102699,0.102324,0.099809
0.0971464,0.0953648,0.0993692,0.103187,0.0984573,0.0969677,0.102221,0.104151,0.103974,0.0991608
0.096749,0.0972614,0.0998779,0.103239,0.0984306,0.0964047,0.102152,0.103075,0.104052,0.0987584
0.0974067,0.0955354,0.0966959,0.0985406,0.101186,0.0983101,0.103365,0.102859,0.10149,0.10461
0.0967652,0.0924713,0.0947326,0.096612,0.0993544,0.0979924,0.105108,0.105654,0.106165,0.105145
0.098453,0.0947397,0.0909062,0.0878044,0.0994008,0.0993152,0.109655,0.1028,0.103422,0.113504
0.0980451,0.0955756,0.0880957,0.0846464,0.0998518,0.0992794,0.111502,0.102552,0.102822,0.11763
0.0983818,0.0956952,0.0910845,0.0909192,0.0994514,0.0992327,0.107804,0.103645,0.103374,0.110413
0.097923,0.0968659,0.0899954,0.0861898,0.100279,0.100041,0.109585,0.102084,0.101544,0.115493
0.0982331,0.0956867,0.0883869,0.0856032,0.0994393,0.0999165,0.110863,0.103081,0.102824,0.115968
0.0981287,0.0930361,0.0879393,0.0872907,0.0983623,0.0995418,0.1108,0.104901,0.106032,0.113968
0.0981214,0.0927853,0.0879155,0.0867888,0.0978556,0.0996319,0.111001,0.10501,0.107036,0.113853
0.0969474,0.0955153,0.0878469,0.0839642,0.0981682,0.0994387,0.112037,0.103572,0.104882,0.117628
0.0926916,0.0937096,0.0874454,0.0780392,0.0931382,0.106683,0.111333,0.109085,0.112328,0.115548
0.0890057,0.0955441,0.0881049,0.073719,0.0903755,0.110711,0.112485,0.108613,0.113027,0.118415
0.0903138,0.0957208,0.0884023,0.075099,0.0908102,0.109481,0.112065,0.107942,0.113635,0.116531
0.0897152,0.0983953,0.0917515,0.0799774,0.0900281,0.10758,0.110755,0.106404,0.112772,0.112622
0.0899232,0.0969478,0.0888576,0.0755402,0.0893319,0.109201,0.112278,0.107414,0.115547,0.114959
0.0928658,0.0978002,0.0944566,0.085532,0.0915804,0.105171,0.107932,0.106899,0.111337,0.106425
0.095333,0.0970113,0.0938528,0.0862325,0.0931386,0.104643,0.107185,0.106041,0.11113,0.105433
0.0980356,0.0965668,0.0981212,0.0985807,0.0954515,0.0988704,0.10347,0.104526,0.106707,0.0996719
0.0969707,0.0986774,0.0981266,0.0970019,0.096202,0.100447,0.102972,0.10411,0.105285,0.100207
0.0961843,0.0981314,0.09804,0.0983975,0.0947398,0.0984504,0.103904,0.105192,0.107868,0.0990929
0.0984772,0.0969438,0.0972657,0.101128,0.0964615,0.0973789,0.102598,0.104954,0.106364,0.0984284
0.0981885,0.0978311,0.0978376,0.102061,0.0965573,0.0968866,0.102151,0.104866,0.105834,0.0977871
0.0984539,0.0989692,0.0988417,0.102131,0.0977255,0.0972253,0.101652,0.102834,0.104285,0.0978827
0.0978751,0.0979819,0.096882,0.102207,0.0971704,0.096966,0.101936,0.105407,0.105595,0.0979808
0.0965016,0.0988381,0.0955816,0.103606,0.0979492,0.0953203,0.102603,0.105726,0.106864,0.0970098
0.0971745,0.0974975,0.0969425,0.102187,0.0988291,0.0970751,0.101597,0.105207,0.104336,0.0991538
0.0964922,0.0981614,0.0983689,0.102493,0.100186,0.0967875,0.101472,0.10296,0.103667,0.0994123
0.0963788,0.100692,0.0991056,0.103445,0.0996335,0.0959245,0.102066,0.100179,0.10516,0.0974147
0.0955913,0.0968549,0.0975931,0.102465,0.0990013,0.0964079,0.101581,0.105693,0.105125,0.0996867
0.0969791,0.0966777,0.0978473,0.101933,0.100683,0.0974571,0.101518,0.10362,0.102688,0.100598
0.0981688,0.0979894,0.0980275,0.0997665,0.101037,0.0986831,0.101732,0.101655,0.100477,0.102464
0.0973713,0.0964152,0.096893,0.0985491,0.101566,0.0986175,0.10295,0.102492,0.100309,0.104837
0.0975874,0.0959887,0.0970047,0.099555,0.101142,0.0985963,0.10264,0.102914,0.101231,0.10334
0.0979126,0.0951699,0.0973711,0.0998909,0.0997651,0.098683,0.102971,0.103179,0.103517,0.10154
0.0967872,0.0965464,0.0967062,0.0953405,0.101578,0.0992669,0.104542,0.101951,0.0990437,0.108238
0.0975667,0.0981174,0.0967152,0.0946168,0.101238,0.0995688,0.103898,0.101037,0.0996593,0.107583
0.0975378,0.0980823,0.0952107,0.0927103,0.100781,0.0993807,0.105119,0.101208,0.10056,0.10941
0.0978932,0.0979809,0.0935435,0.0907507,0.0996308,0.100047,0.106319,0.102138,0.100988,0.11071
0.0975481,0.0985615,0.0968866,0.0922115,0.0993567,0.101282,0.10373,0.101856,0.100552,0.108015
0.0966601,0.0981709,0.0962412,0.0900168,0.0986012,0.102,0.104687,0.102559,0.10137,0.109694
0.0951332,0.09714,0.0949954,0.0871835,0.0971478,0.104785,0.105142,0.104505,0.104141,0.109827
0.0929322,0.0963328,0.0900991,0.0817313,0.0946199,0.106664,0.108775,0.106643,0.108363,0.113839
0.0904315,0.0977713,0.091001,0.0777252,0.0924189,0.109828,0.109711,0.105865,0.10937,0.115878
0.0924846,0.0963683,0.0900726,0.0793134,0.0958076,0.108225,0.108636,0.105408,0.107656,0.116027
0.0869861,0.0962254,0.0892429,0.0734443,0.0888394,0.111773,0.112346,0.109391,0.112112,0.119641
0.08754,0.0956259,0.08702,0.0717488,0.0888686,0.111711,0.113294,0.108945,0.114029,0.121218
0.087843,0.0996732,0.0866971,0.0710955,0.0871071,0.111126,0.114836,0.105021,0.117265,0.119336
0.0917343,0.100299,0.0908444,0.0771986,0.0921803,0.107725,0.110637,0.102099,0.111829,0.115454
0.0959525,0.10104,0.0918895,0.0814298,0.0969534,0.104512,0.10848,0.0982298,0.109075,0.112437
0.0953505,0.103734,0.0929238,0.0832105,0.0946026,0.104024,0.108285,0.0978634,0.111038,0.108969
0.095551,0.104729,0.0957747,0.0886828,0.0960227,0.100023,0.106811,0.0972509,0.109699,0.105455
0.0933986,0.102873,0.0933371,0.0850752,0.0920669,0.102845,0.10906,0.101162,0.112331,0.107851
0.0903267,0.10071,0.0936939,0.0893253,0.0943995,0.101386,0.10812,0.102713,0.111305,0.108021
0.0900216,0.0996879,0.0905485,0.0820791,0.0871639,0.104494,0.112607,0.106725,0.115263,0.11141
0.0937156,0.10049,0.0932836,0.0869657,0.0911345,0.102567,0.109083,0.103905,0.111406,0.107449
0.0890037,0.101399,0.0931842,0.089574,0.0949457,0.100608,0.108938,0.102436,0.112609,0.107301
0.0922333,0.0994986,0.0947605,0.0910354,0.0941774,0.102031,0.107144,0.103837,0.109395,0.105888
0.0926476,0.0986573,0.0935666,0.0892328,0.0921345,0.103154,0.108141,0.106689,0.109561,0.106216
0.0916184,0.0973724,0.0932035,0.0863669,0.0908182,0.105419,0.108049,0.109604,0.108893,0.108656
0.0948071,0.0973184,0.0919191,0.0893674,0.0954692,0.103401,0.106154,0.107021,0.106577,0.107966
0.0948205,0.0961612,0.0924,0.0888541,0.0964553,0.104124,0.105813,0.107105,0.105556,0.108712
0.095278,0.0955344,0.092203,0.0891264,0.0965087,0.103618,0.105492,0.107914,0.10513,0.109196
0.0943668,0.0965403,0.0929808,0.0891738,0.0941654,0.103759,0.105185,0.109116,0.106912,0.1078
