0,1,2,3,4,5,6,7,8,9
1,1,1,1,1,1,1,1,1,1
1.01737,0.99027,1.01233,0.983915,0.990637,0.990596,0.97533,1.01053,0.986327,0.992729
1.01935,0.986749,1.0152,0.986025,0.982855,0.98318,0.987209,1.01417,0.985987,1.00002
1.00243,0.984926,1.0248,1.00205,0.977742,0.975125,0.983764,1.02551,1.00135,0.999727
1.00744,0.979492,1.02583,1.02342,0.967608,0.973731,0.985625,1.01925,0.981899,1.00646
0.994173,0.989273,1.02855,1.01265,0.975937,0.98561,0.97802,1.01837,0.988144,1.01798
0.980167,0.984387,1.02091,1.02038,0.963945,0.967621,0.976887,1.0366,0.978126,1.02511
0.97827,0.987916,1.03057,1.00896,0.965965,0.977483,0.979445,1.03721,0.992466,1.01569
0.972997,0.982547,1.04095,1.00138,0.98228,0.962277,0.992951,1.0531,0.962443,1.02187
0.989451,0.983028,1.04365,0.990846,1.00214,0.944781,0.987388,1.0436,0.975481,1.02937
1.01293,0.984183,1.03685,0.989607,1.00989,0.943562,0.965552,1.0387,0.973895,1.02126
1.01489,0.963098,1.0231,0.976611,1.00139,0.931965,0.968074,1.04952,0.96808,1.02356
1.00298,0.954085,1.00426,0.984392,0.992353,0.930518,0.958733,1.04762,0.97426,1.02996
1.00687,0.953294,0.986745,0.980856,0.999279,0.934714,0.966503,1.0564,0.965267,1.0427
1.01102,0.945579,0.994435,0.97877,0.985508,0.94017,0.95222,1.0688,0.962513,1.05177
1.00021,0.957802,1.00718,0.990517,0.984976,0.942679,0.964105,1.05871,0.952211,1.04055
1.01714,0.953274,1.01741,0.976156,0.992453,0.935212,0.963317,1.08766,0.945802,1.03009
1.01017,0.956143,1.01082,0.966364,0.986908,0.936093,0.957889,1.09481,0.937382,1.00661
1.01939,0.964609,1.0059,0.962832,0.98914,0.933264,0.962348,1.0796,0.927231,1.00635
1.01757,0.962626,1.00859,0.958535,0.979575,0.949456,0.954471,1.08587,0.942472,0.99336
1.01004,0.940257,1.01138,0.967313,0.980911,0.940444,0.955626,1.08195,0.943199,1.01128
0.998121,0.932738,1.02356,0.966706,0.970546,0.939163,0.964883,1.09268,0.944583,1.01902
0.998105,0.931194,1.0345,0.95897,0.955701,0.916773,0.958433,1.09306,0.928687,1.01395
0.986575,0.927645,1.03494,0.959707,0.941252,0.924083,0.975709,1.08473,0.929454,1.00339
0.993954,0.914438,1.02352,0.964291,0.935988,0.914756,0.978476,1.08402,0.949918,1.01572
1.01719,0.918378,1.03511,0.952638,0.919819,0.923588,0.985272,1.08392,0.960264,1.00517
1.02457,0.922003,1.03486,0.944323,0.918106,0.919385,1.00368,1.08997,0.954654,1.00271
1.00701,0.912974,1.03275,0.941738,0.908237,0.917156,1.01479,1.08057,0.942264,1.01905
1.01117,0.899403,1.04379,0.926515,0.908103,0.933254,1.01976,1.07301,0.947362,1.02125
0.981649,0.891455,1.02631,0.919575,0.913642,0.93831,1.01942,1.07239,0.940663,1.03342
0.969225,0.893846,1.01308,0.916977,0.924991,0.942231,1.0169,1.09046,0.942518,1.03792
0.970415,0.902387,1.02925,0.909064,0.925036,0.932317,1.04106,1.08386,0.940336,1.04031
0.971987,0.904909,1.0325,0.911605,0.9245,0.934553,1.04588,1.08163,0.936648,1.05042
0.955031,0.902558,1.03119,0.907223,0.913251,0.920058,1.04611,1.07964,0.929893,1.04221
0.940653,0.90139,1.02094,0.904764,0.927664,0.917701,1.03439,1.0634,0.946405,1.02334
0.940246,0.915985,1.03302,0.897473,0.939269,0.921124,1.04622,1.08276,0.929252,1.01569
0.942136,0.913928,1.01808,0.899483,0.933884,0.905354,1.04208,1.06227,0.924816,0.992282
0.936802,0.909667,1.03986,0.891839,0.930989,0.901092,1.04041,1.07442,0.931566,0.99808
0.927951,0.915368,1.04773,0.883406,0.940122,0.917101,1.03076,1.08241,0.92876,1.01211
0.932653,0.901569,1.05377,0.890038,0.935532,0.918552,1.04624,1.09082,0.922943,1.02595
0.928843,0.917323,1.0583,0.9017,0.937419,0.912707,1.05366,1.10478,0.901692,1.04363
0.920513,0.925342,1.06676,0.911435,0.923518,0.911148,1.0448,1.10886,0.89775,1.03267
0.911411,0.905696,1.08618,0.904135,0.921836,0.902852,1.05505,1.11313,0.890048,1.03135
0.926702,0.89389,1.08881,0.908522,0.929978,0.892799,1.05769,1.1009,0.902575,1.02914
0.935891,0.911868,1.10122,0.916328,0.940318,0.88028,1.06408,1.10698,0.900713,1.02882
0.938329,0.904339,1.09712,0.913328,0.949744,0.891392,1.07261,1.10444,0.907407,1.01736
0.945868,0.89705,1.10244,0.913188,0.950557,0.898523,1.07495,1.12966,0.893821,1.02902
0.958082,0.893582,1.11356,0.922758,0.966266,0.906215,1.08123,1.12814,0.903604,1.03697
0.95551,0.889049,1.11443,0.909386,0.955748,0.903076,1.08612,1.10628,0.894777,1.04292
0.957536,0.89498,1.11907,0.916277,0.953738,0.913916,1.06781,1.09209,0.889259,1.04603
0.943335,0.887139,1.13125,0.898996,0.960169,0.910671,1.05513,1.08253,0.894353,1.05497
0.935266,0.88339,1.13895,0.913761,0.949465,0.893775,1.04937,1.08956,0.89373,1.0444
0.9401,0.866774,1.15533,0.925421,0.953699,0.895701,1.02449,1.07973,0.88369,1.05685
0.944107,0.879832,1.15255,0.9252,0.942011,0.901749,1.032,1.0925,0.870728,1.03757
0.929799,0.897809,1.13639,0.933464,0.928062,0.883654,1.01301,1.09466,0.872761,1.05066
0.940467,0.895232,1.14042,0.93301,0.929894,0.869579,1.03448,1.0885,0.897408,1.07385
0.933715,0.899635,1.14591,0.926234,0.91852,0.875307,1.03769,1.09703,0.884436,1.07407
0.924937,0.895953,1.13258,0.931565,0.923968,0.873955,1.02874,1.09579,0.883152,1.0669
0.933259,0.904286,1.12694,0.930105,0.927149,0.878083,1.02897,1.09548,0.896079,1.05759
0.936683,0.902192,1.1262,0.92447,0.940785,0.880801,1.02996,1.0983,0.901602,1.04427
0.922885,0.90361,1.11711,0.924014,0.948209,0.875114,1.01098,1.09006,0.907926,1.04933
0.909077,0.903449,1.11942,0.940625,0.957187,0.870558,1.01297,1.08216,0.898781,1.04398
0.898455,0.89804,1.11728,0.938048,0.951648,0.884411,1.01501,1.0935,0.88234,1.06751
0.891041,0.912353,1.12352,0.942769,0.966507,0.88875,0.997585,1.08616,0.882398,1.06851
0.898001,0.914783,1.13444,0.935885,0.971593,0.887599,1.00528,1.09389,0.865342,1.06834
0.895267,0.913872,1.1221,0.947075,0.969579,0.88649,1.01939,1.09309,0.863095,1.07933
0.889038,0.932673,1.12033,0.936597,0.970679,0.887376,1.01205,1.07932,0.874593,1.0776
0.890246,0.952081,1.1069,0.923642,0.96259,0.900135,1.01042,1.08694,0.854239,1.0841
0.900625,0.954824,1.11177,0.92797,0.94579,0.895599,1.01095,1.09979,0.868691,1.08494
0.908135,0.964819,1.10271,0.938891,0.956689,0.898689,1.0189,1.10617,0.870967,1.08074
0.89449,0.959365,1.11655,0.918655,0.967851,0.89538,1.0315,1.10265,0.884711,1.06849
0.896415,0.958479,1.10894,0.931255,0.982207,0.880592,1.0395,1.10467,0.892526,1.07372
0.886059,0.955129,1.11674,0.930208,0.981226,0.854869,1.02985,1.10331,0.902811,1.08319
0.892926,0.965837,1.12434,0.933959,0.979818,0.850971,1.03489,1.12298,0.895708,1.08525
0.898261,0.969228,1.12051,0.938052,0.980505,0.852412,1.05174,1.10602,0.906747,1.07782
0.896119,0.991142,1.12663,0.93248,0.976385,0.844889,1.04125,1.10903,0.909038,1.0722
0.897861,0.986511,1.13943,0.937198,0.964845,0.83981,1.04013,1.11359,0.904277,1.07505
0.909668,0.978879,1.16402,0.950576,0.981565,0.842104,1.01055,1.12358,0.913741,1.06117
0.913453,0.987147,1.15299,0.945267,0.969715,0.840756,1.00929,1.14167,0.915282,1.0713
0.912224,0.996852,1.15548,0.938152,0.958289,0.848629,1.01836,1.12941,0.909013,1.06882
0.914614,0.987388,1.1612,0.943329,0.971123,0.848469,1.01085,1.11282,0.904904,1.0765
0.914205,0.997613,1.17783,0.936472,0.985051,0.850904,0.996074,1.10392,0.907889,1.08424
0.929901,0.989955,1.18358,0.934312,0.984055,0.868487,0.992285,1.09197,0.903277,1.08372
0.938538,0.997977,1.17344,0.937172,0.999466,0.888319,0.985375,1.08028,0.914103,1.07416
0.941356,0.999452,1.17707,0.920604,1.00978,0.902817,0.995572,1.08275,0.922711,1.07375
0.945369,1.00163,1.17232,0.903853,1.01297,0.897849,0.998243,1.06579,0.919741,1.08706
0.946008,1.00223,1.15339,0.89469,1.01219,0.909052,0.989281,1.07633,0.930795,1.07032
0.950687,0.999783,1.14394,0.90192,1.02026,0.919493,0.992238,1.06231,0.92126,1.07822
0.9565,0.986699,1.14101,0.900927,1.01471,0.900675,0.995806,1.05508,0.91304,1.08291
0.963004,0.995734,1.1412,0.90966,1.01287,0.908248,0.991838,1.05627,0.924146,1.09427
0.983158,0.994004,1.14392,0.89979,1.01635,0.906412,0.994387,1.06724,0.929439,1.09
0.983207,0.975797,1.13194,0.904719,1.03544,0.916903,0.971386,1.04191,0.923947,1.09234
0.971557,0.970413,1.1305,0.891585,1.00706,0.913381,0.977642,1.03646,0.917991,1.11326
0.975549,0.966911,1.12402,0.882264,0.996706,0.919609,0.988381,1.03399,0.925548,1.09723
0.959952,0.980981,1.12803,0.894385,0.99094,0.909575,0.998356,1.03424,0.94232,1.10869
0.962327,0.981943,1.14399,0.874832,0.982784,0.907061,0.977334,1.03594,0.964774,1.11838
0.9598,1.0044,1.13146,0.866605,0.99543,0.919363,0.952318,1.03212,0.96253,1.11969
0.954756,1.01783,1.12376,0.865785,0.993135,0.905803,0.948295,1.04107,0.962331,1.11695
0.951883,1.02163,1.12289,0.875116,1.00319,0.908749,0.960188,1.0373,0.96555,1.10687
0.959855,1.03425,1.13062,0.875063,1.00938,0.915082,0.98445,1.05252,0.957467,1.08877
0.964839,1.03053,1.10363,0.874058,0.998566,0.908145,0.980371,1.04963,0.930453,1.09379
0.973353,1.01648,1.08092,0.873969,0.989539,0.914218,0.970743,1.04278,0.933383,1.09738
0.967335,1.00696,1.07493,0.876717,0.981414,0.923364,0.989455,1.04616,0.938782,1.10264
0.969325,1.01592,1.07307,0.884473,0.972541,0.928932,0.977377,1.04153,0.944781,1.1051
0.964659,1.02027,1.05446,0.87036,0.973304,0.922452,0.976283,1.0567,0.937405,1.10223
0.955881,1.03942,1.04972,0.848848,0.968135,0.932598,0.956175,1.04133,0.939277,1.11425
0.947382,1.04336,1.04792,0.847316,0.974644,0.934102,0.951854,1.04488,0.962794,1.10183
0.946484,1.04712,1.05553,0.853832,0.982741,0.941294,0.93739,1.05196,0.962005,1.10006
0.943061,1.04557,1.0621,0.862272,1.01074,0.949119,0.939982,1.04543,0.953028,1.10424
0.936625,1.04037,1.0488,0.875127,1.01995,0.930957,0.928033,1.0455,0.948731,1.12549
0.942862,1.05494,1.01824,0.866329,1.02391,0.942774,0.936303,1.06308,0.944017,1.13707
0.930569,1.06866,1.01223,0.861291,1.0301,0.939834,0.92968,1.06256,0.937203,1.15833
0.930898,1.06842,1.01179,0.863758,1.03623,0.954225,0.927393,1.04324,0.939313,1.16388
0.932941,1.07439,0.99722,0.865496,1.0334,0.962583,0.931946,1.03745,0.920532,1.16147
0.937883,1.07783,1.00844,0.875911,1.03146,0.959007,0.932278,1.024,0.918044,1.15339
0.929403,1.07862,1.0032,0.889885,1.04637,0.948633,0.930952,1.03671,0.911714,1.15649
0.940997,1.08961,0.995867,0.881306,1.06193,0.945598,0.926715,1.04277,0.916067,1.17361
0.955278,1.10695,0.988062,0.869602,1.06122,0.95469,0.93105,1.0461,0.92006,1.15726
0.955026,1.10955,0.986784,0.869652,1.05484,0.949997,0.939713,1.05149,0.927951,1.13876
0.96505,1.08694,0.973024,0.872142,1.0483,0.943336,0.939943,1.04304,0.944917,1.1406
0.977457,1.09838,0.994511,0.88634,1.04066,0.953439,0.927996,1.03499,0.935317,1.1326
0.977613,1.09832,0.996849,0.884994,1.01411,0.951519,0.925102,1.03823,0.916916,1.13249
0.981461,1.09735,0.989457,0.878138,1.01738,0.956802,0.921148,1.01754,0.908223,1.15498
0.974094,1.11792,0.99196,0.88289,1.01983,0.961529,0.92972,0.998379,0.899312,1.15508
0.985991,1.12255,1.0117,0.884864,1.00518,0.956546,0.92119,0.987115,0.897261,1.15747
0.982889,1.13047,1.01407,0.870888,1.02027,0.942868,0.917798,0.998753,0.899978,1.17101
0.988122,1.11618,0.998658,0.856033,1.01906,0.947912,0.896723,1.00356,0.919356,1.18569
0.989794,1.09805,0.986356,0.850085,1.00021,0.948245,0.906901,0.985054,0.939982,1.19533
0.980154,1.08346,0.984778,0.843778,1.00514,0.937665,0.906548,0.992534,0.941441,1.20853
0.984717,1.07464,0.973222,0.835172,1.0124,0.935843,0.916795,0.986689,0.936799,1.18208
0.985361,1.07622,0.964765,0.835406,1.01991,0.936134,0.911419,0.989486,0.943904,1.18881
0.972017,1.07773,0.970324,0.824543,1.02799,0.92623,0.901901,0.989846,0.948075,1.1887
0.997158,1.08574,0.967675,0.819165,1.01447,0.927861,0.907965,0.983001,0.950728,1.19473
0.98814,1.07888,0.964455,0.818777,1.03462,0.91694,0.918295,0.979683,0.95277,1.19246
0.999682,1.08664,0.980315,0.82532,1.02541,0.912977,0.930522,0.979104,0.952052,1.19772
1.02544,1.09083,0.983053,0.82984,1.03432,0.904811,0.937392,0.997189,0.951728,1.2173
1.02602,1.10849,0.992251,0.825702,1.03955,0.887438,0.93924,0.981802,0.943155,1.21365
1.03199,1.11477,1.0011,0.818249,1.03661,0.876559,0.932677,0.965879,0.940408,1.2118
1.01395,1.12182,1.01665,0.822622,1.02157,0.870076,0.925044,0.972619,0.945093,1.22487
1.02389,1.12883,0.998349,0.818782,1.02012,0.868863,0.933308,0.968425,0.94251,1.20931
1.02924,1.11744,0.989754,0.824089,1.00919,0.872329,0.92998,0.961789,0.945224,1.21804
1.03715,1.11447,0.972759,0.827495,1.02591,0.874819,0.932423,0.963694,0.938636,1.22984
1.04219,1.1181,0.973567,0.816191,1.03062,0.886406,0.95175,0.961819,0.944672,1.22243
1.03487,1.1138,0.981959,0.802385,1.03676,0.882927,0.942464,0.959309,0.934574,1.22121
1.03266,1.12162,0.987079,0.807386,1.04589,0.87837,0.938244,0.957818,0.939859,1.22099
1.03563,1.14,0.972482,0.818992,1.04628,0.899029,0.930985,0.966849,0.937576,1.22918
1.04186,1.16572,0.985302,0.833589,1.04986,0.899487,0.944711,0.95947,0.937762,1.23989
1.04879,1.16432,0.986636,0.844796,1.06897,0.895579,0.955219,0.957842,0.935155,1.22416
1.04966,1.16676,0.982121,0.838384,1.06223,0.896986,0.950933,0.953024,0.939729,1.20061
1.04501,1.1859,0.982262,0.841006,1.05905,0.890068,0.982963,0.961207,0.935708,1.21326
1.05577,1.1922,0.985997,0.850102,1.04958,0.894934,0.969309,0.95131,0.946226,1.19801
1.06427,1.18201,0.990272,0.844834,1.05012,0.900625,0.966613,0.949522,0.948471,1.19878
1.05635,1.1825,0.991142,0.849232,1.06351,0.89774,0.970058,0.948346,0.936049,1.20229
1.0537,1.18235,0.985867,0.869221,1.07059,0.901291,0.969621,0.951817,0.947124,1.18082
1.05945,1.17811,0.992771,0.863601,1.0815,0.896529,0.974086,0.966497,0.953059,1.18941
1.04479,1.18392,1.00851,0.860984,1.09575,0.906625,0.982803,0.960494,0.959644,1.18351
1.03949,1.17861,1.01657,0.869754,1.09003,0.909431,0.985495,0.965519,0.961431,1.19739
1.03985,1.17374,1.01596,0.876684,1.10834,0.907472,0.975712,0.962181,0.953431,1.20166
1.03956,1.18079,1.01214,0.874108,1.09752,0.925535,0.97449,0.963111,0.973276,1.18267
1.04804,1.17781,1.02751,0.87231,1.11116,0.926564,0.981026,0.956934,0.972243,1.16282
1.06013,1.17215,1.03961,0.874745,1.11591,0.930829,0.988052,0.936698,0.969592,1.1783
1.06447,1.19673,1.02268,0.867793,1.11121,0.936391,0.995831,0.930223,0.990005,1.15622
1.05981,1.19049,1.03115,0.866304,1.10719,0.933034,0.98649,0.939132,0.994632,1.15834
1.06108,1.20762,1.0276,0.856639,1.10196,0.939373,0.992801,0.946389,1.00481,1.16034
1.07583,1.23205,1.02514,0.855095,1.1073,0.93099,0.997308,0.96468,0.980495,1.17462
1.07166,1.20905,1.01872,0.853891,1.1076,0.934147,0.9954,0.944012,0.97715,1.17154
1.06387,1.2169,1.0156,0.852116,1.1155,0.925267,1.00516,0.957181,1.00578,1.18174
1.06767,1.22302,1.01315,0.848347,1.11469,0.924112,1.01485,0.968268,1.00907,1.19161
1.06453,1.22785,0.990132,0.838573,1.10442,0.909294,1.03062,0.975683,1.02851,1.19699
1.05979,1.22266,0.974258,0.83654,1.10158,0.91865,1.05274,0.957882,1.02129,1.21106
1.06969,1.24415,0.976926,0.843435,1.10424,0.919111,1.06665,0.964576,1.01914,1.2077
1.06547,1.24968,0.986437,0.844973,1.09584,0.933485,1.05822,0.963635,1.02345,1.2191
1.06495,1.2644,0.958519,0.855405,1.11692,0.916117,1.06125,0.964032,1.0381,1.20477
1.07818,1.26578,0.972489,0.867584,1.12636,0.919299,1.05853,0.971017,1.00883,1.20343
1.07485,1.28704,0.966278,0.875575,1.11988,0.921297,1.04407,0.980482,1.00766,1.20775
1.07077,1.28277,0.9598,0.853561,1.13378,0.937404,1.01894,0.967677,1.00816,1.20481
1.06484,1.28754,0.952578,0.858215,1.12368,0.919611,1.01575,0.967322,1.00277,1.19369
1.0731,1.26614,0.952941,0.863092,1.12406,0.939933,1.0186,0.953727,1.01013,1.19508
1.07365,1.2737,0.943765,0.852393,1.11335,0.95034,1.02416,0.941521,0.990581,1.19397
1.07158,1.2599,0.951819,0.852974,1.10694,0.956198,1.01904,0.945627,0.980844,1.19155
1.05783,1.27191,0.946178,0.835352,1.1294,0.945053,1.04302,0.947113,0.9747,1.19152
1.06207,1.26256,0.957717,0.841934,1.10768,0.953006,1.03583,0.966565,0.975247,1.20454
1.05762,1.2702,0.964072,0.84853,1.11561,0.951697,1.06478,0.97263,0.991404,1.20734
1.04338,1.27714,0.961531,0.851581,1.10997,0.953904,1.04666,0.96991,0.98791,1.22328
1.03344,1.26012,0.957038,0.851974,1.10374,0.953566,1.0492,0.976614,0.985213,1.21398
1.03107,1.26088,0.957435,0.840419,1.10777,0.938937,1.0422,0.982309,0.993362,1.20086
1.04025,1.2481,0.96361,0.83279,1.11523,0.935514,1.0491,0.981429,0.986306,1.21012
1.06094,1.23981,0.980611,0.829727,1.12392,0.934216,1.03996,0.962531,1.01072,1.20914
1.05471,1.23559,0.976147,0.833357,1.11492,0.935829,1.05574,0.952436,0.998959,1.20526
1.05404,1.23441,0.965301,0.855617,1.10842,0.953127,1.04431,0.941407,0.992844,1.23264
1.03484,1.23668,0.979253,0.850632,1.09257,0.939483,1.04069,0.945678,0.980707,1.23717
1.05283,1.21712,0.978905,0.847452,1.0861,0.923763,1.04788,0.943275,0.978826,1.24369
1.04138,1.2267,0.985249,0.85275,1.08903,0.940901,1.03258,0.945575,0.979394,1.22769
1.03763,1.22769,0.980187,0.866529,1.09063,0.929634,1.03623,0.936937,0.96771,1.23015
1.0294,1.22849,0.961384,0.851039,1.09325,0.921698,1.03374,0.927441,0.966884,1.22268
1.03429,1.21948,0.97605,0.857641,1.10491,0.920014,1.05256,0.935808,0.973875,1.22531
1.01813,1.2199,0.988016,0.864859,1.1081,0.93588,1.04358,0.927162,0.981887,1.21605
1.01932,1.22589,0.995315,0.865139,1.1134,0.936232,1.04978,0.922541,1.00051,1.22291
1.00944,1.22078,0.993077,0.85069,1.09973,0.956939,1.03435,0.916536,1.00088,1.22407
0.984848,1.22784,1.01027,0.840888,1.07069,0.94413,1.04452,0.907278,0.999229,1.2173
0.989288,1.22363,1.01165,0.830802,1.0781,0.957767,1.04177,0.909071,1.0046,1.20303
0.994773,1.22827,1.01388,0.829384,1.08183,0.972447,1.03561,0.907822,1.00952,1.20451
0.978577,1.21828,1.01307,0.832848,1.07485,0.982468,1.02978,0.917213,1.01656,1.21913
0.956039,1.21811,1.00685,0.831142,1.07481,1.01003,1.02571,0.913348,1.00192,1.22107
0.959164,1.21119,1.02136,0.843121,1.08681,1.00587,1.03925,0.908469,1.00857,1.23452
0.950519,1.22315,1.00894,0.840912,1.07965,1.01137,1.02401,0.906137,0.998208,1.21483
0.946387,1.20003,0.994964,0.850131,1.06944,1.01537,1.02096,0.912847,1.00872,1.21863
0.956032,1.22104,1.01233,0.845807,1.07206,1.0296,1.01491,0.919125,1.01019,1.20343
0.969277,1.22803,1.01962,0.847027,1.05684,1.02058,1.02296,0.919861,1.01772,1.21257
0.97587,1.21779,1.01399,0.843259,1.04309,1.00373,1.00411,0.903305,1.00293,1.22294
0.979283,1.2052,1.0151,0.850136,1.04561,1.00163,1.01251,0.88879,1.0182,1.21702
0.978361,1.20931,1.01198,0.863838,1.03673,0.996001,1.0185,0.893945,1.0148,1.20821
0.988965,1.21335,1.01147,0.8594,1.01523,0.991198,1.02512,0.89454,1.0115,1.21392
0.968226,1.20238,1.01297,0.853284,1.01387,0.970484,1.02313,0.901858,1.02392,1.22271
0.970279,1.20567,1.02113,0.863913,1.01265,0.968625,1.02043,0.90044,1.0359,1.2271
0.96363,1.19458,1.01955,0.854395,1.01302,0.974431,1.02397,0.914342,1.04578,1.21381
0.961201,1.19995,1.00256,0.862589,1.01604,0.981692,1.03486,0.921769,1.0502,1.20626
0.940651,1.19892,1.00588,0.876161,1.02474,0.986478,1.03456,0.942427,1.04645,1.20776
0.941132,1.20152,1.00101,0.872838,1.02825,0.995129,1.04198,0.946633,1.05613,1.22213
0.928631,1.20503,0.986039,0.856937,1.04591,0.983934,1.04019,0.950774,1.06919,1.20897
0.922184,1.21965,1.00121,0.851219,1.0458,0.994188,1.03284,0.948159,1.07292,1.20531
0.916269,1.21091,0.998048,0.850321,1.03307,1.00572,1.01915,0.946032,1.06685,1.21914
0.919365,1.2149,0.991358,0.854858,1.02522,1.00265,1.02187,0.935034,1.07441,1.24158
0.92606,1.19956,1.00179,0.860693,1.0388,1.00898,1.02098,0.932598,1.09615,1.25587
0.931244,1.1843,1.02019,0.885936,1.03174,1.0258,1.0375,0.936766,1.07461,1.25203
0.933704,1.20077,1.0212,0.874874,1.04464,1.02616,1.05459,0.934446,1.07562,1.25185
0.942981,1.21643,1.01684,0.864128,1.05172,1.03116,1.05451,0.927065,1.08409,1.24316
0.952373,1.21185,1.00887,0.86423,1.02746,1.02242,1.07806,0.924243,1.06613,1.25857
0.95731,1.20966,1.02035,0.873245,1.02421,1.0211,1.06936,0.936464,1.06764,1.24221
0.946329,1.22255,1.0296,0.878371,1.03635,1.01776,1.07756,0.923741,1.05679,1.24972
0.94975,1.21372,1.02893,0.873339,1.06088,1.02515,1.08944,0.912324,1.05993,1.24406
0.945864,1.21777,1.05019,0.872177,1.0704,1.03174,1.0817,0.90296,1.05908,1.25458
0.948251,1.23716,1.04092,0.886052,1.07434,1.03298,1.07874,0.902923,1.05268,1.25711
0.967446,1.24958,1.01919,0.874719,1.06919,1.02822,1.07397,0.912238,1.04782,1.25899
0.963709,1.26331,1.01346,0.862348,1.05088,1.03837,1.05326,0.915386,1.06945,1.24206
0.948655,1.28814,1.01295,0.856375,1.05473,1.04429,1.05529,0.909777,1.07552,1.23513
0.970473,1.28527,1.02399,0.86349,1.06504,1.04274,1.06656,0.917134,1.05093,1.23862
0.97072,1.30482,1.00812,0.858156,1.07884,1.06492,1.06353,0.914838,1.03956,1.25228
0.976741,1.29807,1.01764,0.863005,1.08429,1.05527,1.05314,0.914733,1.03716,1.26325
0.957911,1.32831,1.02607,0.867817,1.07039,1.05375,1.06466,0.919957,1.05121,1.26757
0.951609,1.35646,1.02455,0.870944,1.06741,1.05511,1.06337,0.922297,1.05322,1.27208
0.960019,1.36118,1.01942,0.881533,1.07344,1.06299,1.06569,0.934414,1.05257,1.26689
0.966011,1.35699,1.03647,0.877236,1.06477,1.07442,1.04676,0.938045,1.06407,1.24834
0.973101,1.35142,1.02474,0.884114,1.05536,1.07255,1.05842,0.929517,1.06555,1.2463
0.976698,1.36149,1.03303,0.894431,1.06226,1.05847,1.06119,0.92775,1.07444,1.25336
0.97889,1.36254,1.02988,0.889876,1.04741,1.07571,1.05345,0.921527,1.06585,1.26083
0.983647,1.36428,1.03863,0.898981,1.04207,1.06796,1.04957,0.91774,1.06294,1.2682
0.98162,1.37994,1.03442,0.898122,1.02956,1.05876,1.04979,0.935088,1.05452,1.25589
0.976767,1.36499,1.0395,0.911615,1.03997,1.0599,1.04388,0.922094,1.05655,1.25726
0.988221,1.35484,1.02538,0.909094,1.03113,1.03926,1.02856,0.940053,1.04894,1.28893
0.991148,1.32727,1.04093,0.912661,1.02878,1.04287,1.03861,0.928482,1.03309,1.2696
0.989754,1.34266,1.02579,0.911016,1.02637,1.05401,1.04345,0.918733,1.04518,1.27546
0.987662,1.3327,1.024,0.91526,1.03106,1.0405,1.04839,0.912236,1.04187,1.26731
0.978469,1.306,1.04415,0.913747,1.03743,1.03542,1.03794,0.907274,1.01687,1.25766
0.988911,1.32661,1.05693,0.90918,1.02495,1.03025,1.03542,0.900497,1.00987,1.25578
0.994508,1.33345,1.05558,0.914562,1.03585,1.02085,1.03967,0.906206,1.00999,1.25344
1.00004,1.32711,1.06377,0.913677,1.02955,1.04502,1.04607,0.908225,0.983019,1.2612
0.990306,1.32788,1.06646,0.932661,1.02064,1.04896,1.0441,0.917881,0.97434,1.26434
0.997264,1.31964,1.06753,0.939749,1.03924,1.06284,1.05173,0.921887,0.970543,1.26264
1.00616,1.33695,1.06316,0.94898,1.0421,1.07459,1.05808,0.917075,0.95804,1.23197
0.988891,1.35769,1.06079,0.958246,1.04526,1.07101,1.06577,0.907684,0.966761,1.20985
0.98654,1.37244,1.06921,0.953744,1.05497,1.09695,1.06544,0.916816,0.981818,1.2196
0.993906,1.39539,1.06559,0.943089,1.05375,1.09362,1.06391,0.914987,0.981324,1.21601
0.992686,1.40983,1.06177,0.953752,1.07401,1.09184,1.07367,0.930285,0.965655,1.22612
0.985226,1.4236,1.06981,0.949124,1.08732,1.07367,1.07268,0.925611,0.973353,1.22461
0.997192,1.4329,1.06657,0.949821,1.0833,1.06895,1.07722,0.910008,1.00959,1.24377
1.01798,1.43097,1.04835,0.95593,1.07432,1.07837,1.08007,0.902013,0.987454,1.23881
1.03711,1.46101,1.05718,0.959278,1.06548,1.07849,1.08071,0.89986,0.986253,1.24522
1.04326,1.45261,1.04679,0.949826,1.05634,1.07878,1.08899,0.890232,0.987454,1.24097
1.03742,1.41551,1.04436,0.959852,1.04993,1.08357,1.08361,0.900324,0.979292,1.26289
1.04317,1.39325,1.02898,0.968172,1.05372,1.09773,1.07577,0.898316,0.98261,1.26332
1.05259,1.4118,1.03178,0.97256,1.04749,1.11843,1.07741,0.89978,0.985337,1.25667
1.04361,1.42948,1.04773,0.969163,1.06445,1.10914,1.06381,0.894713,0.967535,1.24851
1.02818,1.41847,1.05878,0.978034,1.07895,1.08334,1.06132,0.893028,0.962736,1.25241
1.02786,1.40058,1.05161,0.972952,1.0789,1.08843,1.06074,0.884341,0.957775,1.26828
1.03766,1.41319,1.0553,0.958134,1.09347,1.10054,1.03997,0.875587,0.950746,1.27117
1.04012,1.41643,1.05482,0.966962,1.08014,1.10499,1.03473,0.897961,0.94506,1.28435
1.03347,1.39817,1.06378,0.95986,1.07227,1.09664,1.03208,0.885475,0.931907,1.27902
1.0323,1.40284,1.07884,0.968866,1.07187,1.10943,1.01535,0.889067,0.927464,1.30935
1.0201,1.4276,1.09295,0.981456,1.07057,1.10151,1.02848,0.903192,0.937199,1.31454
1.02989,1.43411,1.09416,0.970804,1.0698,1.11374,1.0339,0.913383,0.943373,1.30023
1.02543,1.41033,1.09706,0.971101,1.06176,1.11387,1.0412,0.914088,0.949875,1.30213
1.02394,1.39221,1.07814,0.96774,1.05113,1.10188,1.06129,0.899073,0.941449,1.29767
1.02884,1.40785,1.0737,0.962408,1.05618,1.10744,1.06296,0.906873,0.940378,1.28121
1.02367,1.39464,1.08533,0.971155,1.05726,1.10411,1.06205,0.888183,0.924429,1.29995
1.02284,1.39936,1.0736,0.973858,1.04731,1.12241,1.05675,0.884624,0.919508,1.31002
1.00983,1.40902,1.07189,0.976028,1.04548,1.11048,1.04893,0.890089,0.908793,1.27434
1.01608,1.40127,1.08115,0.972965,1.06649,1.12453,1.05053,0.899633,0.913987,1.27777
1.01291,1.40342,1.08967,0.969557,1.05935,1.15143,1.06993,0.895673,0.917788,1.28654
1.0135,1.41376,1.09322,0.951453,1.06267,1.15643,1.0655,0.893972,0.910285,1.2824
1.01655,1.41915,1.08797,0.950809,1.07811,1.13842,1.05035,0.880029,0.911079,1.26641
1.03623,1.40495,1.08602,0.942702,1.0791,1.1432,1.04825,0.875819,0.917593,1.28984
1.03986,1.39855,1.0913,0.936918,1.07966,1.13035,1.03864,0.873731,0.912175,1.2865
1.05133,1.3999,1.10228,0.928689,1.07264,1.13615,1.02544,0.869506,0.905488,1.29073
1.04958,1.40366,1.08633,0.919338,1.05388,1.12242,1.03646,0.875523,0.911294,1.27385
1.0279,1.39234,1.1005,0.915234,1.06877,1.13225,1.0432,0.885714,0.91484,1.26742
1.04172,1.41421,1.08383,0.918191,1.07426,1.12821,1.03494,0.887608,0.912274,1.26747
1.04045,1.41314,1.08481,0.928437,1.0664,1.14878,1.03673,0.896468,0.914422,1.26943
1.04643,1.3989,1.07253,0.935019,1.07654,1.1325,1.05213,0.892589,0.916326,1.27463
1.06279,1.36523,1.07279,0.940032,1.07957,1.12525,1.0612,0.89834,0.912456,1.26748
1.05768,1.35936,1.05137,0.941013,1.05617,1.11993,1.07298,0.893993,0.897295,1.26433
1.0722,1.36913,1.04267,0.946114,1.04189,1.11406,1.08221,0.902787,0.90683,1.25064
1.05352,1.37291,1.03606,0.921214,1.03737,1.13387,1.07032,0.902337,0.911228,1.23449
1.05364,1.37153,1.02101,0.925641,1.04608,1.1389,1.06917,0.888143,0.91048,1.23375
1.05642,1.3801,1.00877,0.928003,1.04541,1.13904,1.07313,0.886758,0.921641,1.2616
1.04432,1.37798,1.0174,0.937725,1.03773,1.15049,1.0857,0.891699,0.917425,1.25303
1.02747,1.38366,1.01366,0.926279,1.02849,1.15056,1.09082,0.90046,0.909142,1.26156
1.02188,1.36198,1.02723,0.927094,1.03097,1.13482,1.09895,0.897422,0.898857,1.25268
1.0371,1.37434,1.04315,0.932817,1.05334,1.12031,1.1139,0.891473,0.904269,1.27985
1.04299,1.38355,1.03758,0.920614,1.05692,1.12785,1.13222,0.897675,0.897268,1.30059
1.05144,1.39258,1.0414,0.926788,1.05654,1.1256,1.1275,0.908323,0.880032,1.30786
1.06405,1.40517,1.0355,0.933253,1.05714,1.11396,1.15001,0.900993,0.872919,1.31736
1.0778,1.41526,1.04505,0.9469,1.04547,1.11981,1.13226,0.900247,0.879113,1.32891
1.09347,1.41067,1.02787,0.951332,1.04482,1.1477,1.11034,0.892604,0.903438,1.32934
1.08423,1.43731,1.03084,0.946696,1.0462,1.13794,1.11964,0.898069,0.91242,1.32606
1.08901,1.43815,1.03638,0.949975,1.05606,1.14142,1.10464,0.886956,0.910395,1.33555
1.07901,1.43703,1.03984,0.950243,1.06398,1.13724,1.09446,0.904617,0.915176,1.35613
1.0591,1.42926,1.04148,0.944369,1.07178,1.15689,1.08849,0.888105,0.902153,1.3579
1.04832,1.41985,1.04252,0.943023,1.0827,1.14426,1.09432,0.891368,0.905292,1.35468
1.04089,1.42426,1.04317,0.943818,1.09458,1.14515,1.0629,0.909625,0.91955,1.34794
1.0383,1.43154,1.04711,0.928461,1.10344,1.16345,1.06994,0.931691,0.922154,1.31694
1.02547,1.44711,1.04786,0.91371,1.0994,1.1749,1.08228,0.926361,0.93145,1.30971
1.03682,1.44363,1.04142,0.914972,1.11099,1.17363,1.07996,0.942399,0.929155,1.31497
1.00934,1.4426,1.02255,0.907201,1.13815,1.15932,1.09944,0.946263,0.928645,1.32988
1.00623,1.42682,1.01541,0.909783,1.14004,1.18415,1.10448,0.951451,0.92664,1.34167
1.00176,1.41145,1.01984,0.910104,1.1339,1.19257,1.11458,0.947292,0.926933,1.34032
0.986012,1.39884,1.02921,0.923855,1.11625,1.18213,1.11102,0.969457,0.948053,1.34053
0.989074,1.42254,1.02253,0.915595,1.11711,1.17729,1.10013,0.97681,0.943298,1.33147
0.983029,1.42465,1.01574,0.912985,1.11653,1.17759,1.09133,0.970466,0.937457,1.35074
1.00088,1.39813,1.01897,0.910484,1.10402,1.17586,1.09726,0.978428,0.933365,1.34809
0.98616,1.40515,1.02213,0.898002,1.10288,1.17762,1.10011,0.979332,0.931099,1.36813
0.997608,1.40909,1.01782,0.901551,1.07345,1.17257,1.11523,0.981529,0.926834,1.34758
0.993949,1.41144,1.02213,0.88475,1.06691,1.16569,1.10452,0.97946,0.925621,1.33239
1.00266,1.41015,1.02493,0.879816,1.07073,1.15171,1.11257,0.980932,0.943537,1.31748
1.00244,1.39041,1.01188,0.883809,1.06897,1.1609,1.0965,0.967909,0.948153,1.32327
1.00953,1.41507,0.997245,0.899293,1.06319,1.17019,1.09716,0.95508,0.954705,1.31694
1.00346,1.41146,0.997509,0.912588,1.0824,1.15868,1.07473,0.981405,0.939027,1.30547
0.996414,1.40103,0.993257,0.904483,1.08797,1.15729,1.06277,0.981384,0.934486,1.29544
1.00236,1.39769,0.998025,0.911225,1.10005,1.15051,1.05902,0.970614,0.93169,1.31264
0.992709,1.39816,0.990286,0.914873,1.09776,1.16248,1.05994,0.962212,0.94453,1.31509
1.00138,1.3755,0.982604,0.9129,1.09729,1.16784,1.07919,0.955357,0.940984,1.32307
1.01138,1.35868,0.989868,0.924828,1.10276,1.17273,1.09793,0.953571,0.942749,1.32166
1.00692,1.38893,0.985968,0.909583,1.11462,1.18484,1.09762,0.962669,0.946224,1.30902
0.998885,1.37179,0.988064,0.915028,1.12248,1.20302,1.10451,0.977787,0.959814,1.28415
0.993398,1.36229,0.982708,0.900406,1.1285,1.20026,1.08957,0.981949,0.946926,1.28301
1.00212,1.35697,0.98269,0.906506,1.14488,1.21503,1.08245,0.974682,0.945849,1.29598
1.01149,1.35645,0.972659,0.9097,1.13379,1.20798,1.09603,0.985777,0.944138,1.30099
1.00521,1.3496,0.974414,0.906481,1.1116,1.17823,1.09006,0.982961,0.941772,1.28353
0.99395,1.35354,0.974745,0.90741,1.10947,1.14071,1.10495,0.97162,0.954574,1.28091
1.00268,1.36032,0.971448,0.899431,1.09172,1.14946,1.09124,0.982997,0.943597,1.26385
1.00925,1.36227,0.982771,0.900656,1.09167,1.16318,1.10305,0.972873,0.939091,1.27589
1.02343,1.35592,0.980981,0.892611,1.09859,1.157,1.09987,0.983956,0.947401,1.28602
1.02609,1.37934,0.978537,0.896673,1.10518,1.15887,1.09618,0.979383,0.938991,1.31052
1.03792,1.36589,0.982262,0.89273,1.09412,1.16096,1.10548,1.00015,0.918024,1.31702
1.04461,1.35873,0.963429,0.898841,1.09467,1.1466,1.07169,0.999536,0.91254,1.33333
1.02966,1.36964,0.952353,0.90658,1.09563,1.13587,1.08386,0.993795,0.925004,1.32842
1.02992,1.364,0.95032,0.906923,1.09247,1.12505,1.07901,0.98871,0.916684,1.32642
1.04265,1.3757,0.956424,0.90827,1.10451,1.13667,1.06918,1.00384,0.917576,1.32022
1.04488,1.35992,0.946732,0.900065,1.11664,1.12246,1.07929,0.990436,0.929319,1.31464
1.03992,1.3445,0.949572,0.907852,1.11829,1.125,1.07717,1.00443,0.907389,1.31034
1.02302,1.35034,0.950353,0.902231,1.11628,1.11926,1.08664,1.01491,0.901532,1.3116
1.03736,1.33963,0.960415,0.900637,1.12813,1.12778,1.05532,1.00451,0.893424,1.30446
1.04068,1.32511,0.959619,0.901928,1.13393,1.11566,1.03439,1.00639,0.894762,1.30742
1.0443,1.3239,0.959413,0.900436,1.12231,1.11872,1.0144,1.01208,0.89618,1.30714
1.03143,1.33276,0.958086,0.901552,1.12592,1.12147,1.01222,1.00701,0.91039,1.28362
1.01905,1.34492,0.960481,0.900231,1.11582,1.11155,1.0132,1.00792,0.900668,1.27668
1.03603,1.34043,0.957076,0.904782,1.12117,1.11102,1.00132,1.0014,0.897912,1.26121
1.03804,1.34389,0.957014,0.907127,1.12139,1.11602,1.00342,1.01207,0.886475,1.28115
1.03313,1.31879,0.965377,0.909531,1.10554,1.12347,1.00345,1.01452,0.877606,1.28923
1.03473,1.30051,0.959111,0.906791,1.11697,1.12305,0.990247,1.01758,0.876756,1.28921
1.04451,1.27867,0.964591,0.900866,1.10027,1.10118,0.986437,1.02757,0.87256,1.28216
1.05168,1.27253,0.965519,0.901498,1.12369,1.09088,0.983281,1.03042,0.874306,1.27413
1.05159,1.28755,0.97447,0.91955,1.12358,1.0741,0.976078,1.02241,0.89682,1.29032
1.03551,1.30369,0.973707,0.932077,1.13526,1.05476,0.972259,1.0148,0.897671,1.31043
1.04406,1.30442,0.974092,0.933928,1.13073,1.04887,0.95528,0.999899,0.911596,1.31534
1.05264,1.30193,0.992747,0.94287,1.12182,1.0463,0.957411,1.00608,0.90333,1.33679
1.0696,1.29373,0.994324,0.959313,1.12274,1.07221,0.962634,1.0044,0.898181,1.33475
1.08353,1.30788,0.995069,0.954671,1.12211,1.07659,0.967196,1.00911,0.911132,1.33301
1.09497,1.31196,0.995014,0.963767,1.10909,1.0613,0.959408,1.00023,0.923208,1.35532
1.09253,1.33689,1.00335,0.963204,1.10748,1.06472,0.960995,0.998143,0.937518,1.33896
1.08023,1.34877,0.997029,0.963392,1.10595,1.05869,0.956756,0.989831,0.932216,1.3269
1.09203,1.33969,0.985246,0.964989,1.108,1.05886,0.959511,0.99392,0.932358,1.32788
1.09923,1.34159,0.982798,0.976574,1.10916,1.06328,0.951989,0.987215,0.913198,1.31997
1.11742,1.32832,0.991792,0.979833,1.11478,1.07129,0.948746,1.00087,0.902744,1.33357
1.10587,1.33237,1.00608,0.972482,1.10297,1.04959,0.940331,0.998257,0.903668,1.33152
1.07553,1.3235,1.01835,0.968552,1.09641,1.0506,0.931236,0.987628,0.904198,1.31431
1.07974,1.33186,1.0212,0.960766,1.11387,1.03751,0.928152,0.975175,0.904313,1.31069
1.07192,1.33955,1.02822,0.953912,1.11844,1.05023,0.930786,0.97796,0.907681,1.30779
1.06219,1.3549,1.01086,0.950462,1.13466,1.05167,0.934163,0.995983,0.91425,1.29589
1.0674,1.35764,1.00621,0.950135,1.13558,1.05243,0.938722,1.00505,0.903374,1.32202
1.06539,1.35249,1.00741,0.947837,1.12666,1.05957,0.930731,1.00926,0.896136,1.30671
1.05992,1.34223,1.009,0.936976,1.10474,1.05799,0.924674,1.02141,0.897787,1.30318
1.04957,1.36547,1.00783,0.934345,1.0862,1.06836,0.933974,1.01061,0.899843,1.31098
1.03941,1.39883,1.00981,0.939156,1.08046,1.07049,0.925844,1.01523,0.898987,1.307
1.04442,1.39169,1.01893,0.94188,1.06902,1.07327,0.92863,1.01659,0.907635,1.2999
1.0335,1.37921,1.02677,0.96058,1.05529,1.0738,0.903029,1.01536,0.90989,1.28476
1.0281,1.3666,1.04574,0.958266,1.0529,1.07967,0.897959,1.00996,0.924578,1.28664
1.02969,1.35904,1.05714,0.95947,1.03646,1.05811,0.896312,1.01398,0.93258,1.28693
1.01285,1.37818,1.07489,0.970518,1.04827,1.06102,0.897602,1.00616,0.948794,1.30342
1.02652,1.36916,1.06747,0.970272,1.03988,1.0515,0.891011,1.00629,0.957147,1.31504
1.00355,1.35773,1.0552,0.983832,1.0542,1.05688,0.880928,0.997423,0.973313,1.32737
1.00508,1.37047,1.06643,0.99784,1.06063,1.05743,0.890052,0.997485,0.95717,1.31575
1.01265,1.38446,1.04922,0.999062,1.06236,1.05932,0.882536,0.990021,0.959971,1.3154
1.01625,1.37803,1.05256,1.00538,1.05829,1.05245,0.877343,1.00161,0.94703,1.30395
1.00328,1.39739,1.05344,1.01975,1.06265,1.05238,0.882037,1.00805,0.9449,1.31513
1.00018,1.41451,1.05495,1.00852,1.05303,1.06195,0.900978,1.01541,0.949293,1.31613
0.981447,1.42088,1.06417,1.00742,1.04335,1.04941,0.895099,1.01359,0.949347,1.30845
0.980825,1.42552,1.08175,0.980501,1.03994,1.03919,0.902282,1.00568,0.940068,1.30285
0.983411,1.40966,1.09068,0.986781,1.02769,1.03959,0.894603,0.982874,0.926997,1.3285
0.977803,1.39478,1.08967,0.968076,1.03134,1.01934,0.895307,0.984377,0.924267,1.34579
0.986165,1.38252,1.06695,0.972931,1.03365,1.03007,0.903133,0.990138,0.926836,1.35574
0.988635,1.39537,1.05783,0.972816,1.03107,1.0292,0.893203,0.992681,0.936287,1.36382
0.995744,1.42305,1.06222,0.978536,1.02912,1.03203,0.877137,0.97875,0.927359,1.36187
0.997389,1.41155,1.06242,0.978314,1.01766,1.02779,0.878575,0.972194,0.923673,1.38567
0.996948,1.40401,1.05625,1.00247,1.02032,1.05032,0.856635,0.98167,0.927893,1.3786
1.01301,1.38662,1.04991,1.00991,1.01875,1.06135,0.844532,0.987598,0.926309,1.39259
1.0105,1.38435,1.05304,1.03204,1.02404,1.07773,0.850531,0.992566,0.948587,1.38957
1.00426,1.41275,1.04327,1.03647,1.02818,1.07722,0.871268,0.983733,0.951592,1.3935
1.02319,1.40314,1.04982,1.05187,1.01092,1.0771,0.863875,0.981232,0.942631,1.40242
1.0137,1.38947,1.06626,1.04639,1.01397,1.09054,0.860654,0.970065,0.955634,1.40213
1.01269,1.39539,1.07637,1.02789,1.02415,1.08065,0.855199,0.983801,0.963262,1.41573
1.01671,1.40419,1.06625,1.02432,1.02518,1.08161,0.859515,0.967365,0.965436,1.41345
1.02366,1.42009,1.07386,1.02584,1.01939,1.08509,0.847999,0.974305,0.959361,1.40922
1.03255,1.42946,1.0722,1.03457,1.01663,1.08627,0.83743,0.978291,0.967868,1.38422
1.03756,1.43832,1.07532,1.01397,1.02242,1.08797,0.844585,0.983278,0.959696,1.36181
1.03656,1.4165,1.07458,1.01506,1.01581,1.08202,0.849093,0.988067,0.967466,1.34992
1.04731,1.40885,1.07188,1.00585,1.00382,1.08364,0.844191,0.986311,0.961669,1.34253
1.05668,1.43008,1.08355,0.996757,1.00533,1.08513,0.841951,1.00544,0.978077,1.35182
1.06817,1.45063,1.08498,0.992815,0.99331,1.08331,0.838237,1.02458,0.987607,1.35482
1.07134,1.48343,1.11402,0.987327,1.00683,1.08224,0.842543,1.02268,0.988486,1.37234
1.07142,1.49346,1.1187,0.977283,1.0062,1.07554,0.838983,1.02533,0.985268,1.36692
1.07077,1.48927,1.12942,0.972633,1.00315,1.06275,0.843488,1.02706,0.997069,1.37972
1.06548,1.49784,1.12452,0.979775,0.99549,1.04373,0.848172,1.02675,1.0025,1.40467
1.05634,1.5032,1.1241,0.986036,1.01396,1.03268,0.847948,1.01728,1.00289,1.43177
1.06811,1.5117,1.12354,0.99647,1.00288,1.04252,0.850607,1.01776,1.01128,1.43156
1.07115,1.52057,1.1071,0.984905,0.992076,1.04881,0.871081,1.0295,0.981466,1.45367
1.07969,1.48754,1.10443,0.992064,0.98884,1.0454,0.86988,1.0426,0.984271,1.46314
1.1014,1.48627,1.09559,1.00591,0.982366,1.04603,0.853934,1.0332,0.987358,1.43641
1.10093,1.51299,1.09051,1.01287,0.987607,1.04119,0.857121,1.02309,0.989249,1.4169
1.09894,1.49383,1.09595,1.01566,0.979437,1.03961,0.87675,1.02803,0.996647,1.40653
1.10981,1.48453,1.11247,1.02444,0.989678,1.02738,0.888083,1.03539,0.998425,1.41841
1.10724,1.4725,1.11137,1.01638,0.992216,1.03369,0.888232,1.03467,1.01034,1.40384
1.07918,1.48447,1.11523,1.02654,1.01706,1.02541,0.874871,1.04209,1.02258,1.40456
1.07919,1.48299,1.11812,1.0108,1.03775,1.01664,0.886849,1.03005,1.01988,1.43961
1.07071,1.47906,1.11939,1.01244,1.04673,1.02877,0.904712,1.0271,1.00462,1.43407
1.07383,1.47174,1.12018,0.996635,1.04043,1.02665,0.898183,1.03696,1.00545,1.44595
1.06134,1.46962,1.13449,1.02057,1.04589,1.01884,0.899465,1.03135,0.993086,1.42772
1.05265,1.46348,1.14371,1.01168,1.03527,1.02921,0.895325,1.03259,0.988129,1.43073
1.05285,1.48948,1.1525,1.01762,1.02629,1.02829,0.901037,1.01167,0.980262,1.4482
1.043,1.49505,1.15581,1.01049,1.01972,1.0316,0.903612,0.994796,0.980548,1.43706
1.02443,1.50723,1.14945,1.01387,1.01081,1.02697,0.885902,0.989421,0.992615,1.45281
1.02067,1.49722,1.14424,1.00705,1.02384,1.02617,0.889164,0.998036,0.980158,1.44135
1.02677,1.46426,1.13656,1.00209,0.99974,1.01591,0.890024,0.997833,0.983057,1.42306
1.02551,1.4904,1.11939,1.00184,1.00369,1.00243,0.867637,0.983247,1.00229,1.41657
1.01212,1.47118,1.13195,1.0213,0.9979,0.997574,0.871375,0.980729,1.00749,1.43311
1.01851,1.48533,1.14544,1.01817,0.99332,0.99376,0.872805,0.997711,1.00643,1.43821
1.02705,1.4811,1.157,1.01644,1.00248,0.97773,0.874064,1.0083,1.01009,1.44193
1.03696,1.48527,1.1751,1.01448,0.99739,0.96026,0.880581,1.02462,1.00289,1.43692
1.02345,1.47619,1.15459,0.995652,0.986707,0.959442,0.873408,1.01365,1.0156,1.45025
1.03856,1.49331,1.17534,1.01924,0.988425,0.951659,0.87346,0.980736,1.01121,1.45911
1.03399,1.50003,1.19287,1.01032,0.992653,0.95743,0.883113,0.981254,1.01041,1.44845
1.05129,1.49966,1.18582,1.00695,1.00308,0.947781,0.883292,0.965915,1.01863,1.44692
1.05219,1.49894,1.17863,1.01005,1.00381,0.955744,0.8724,0.966319,1.03969,1.44263
1.05599,1.52456,1.1915,1.01226,0.994666,0.954648,0.874343,0.969968,1.04308,1.44993
1.05898,1.49527,1.16718,1.03964,0.996125,0.945758,0.876844,0.972193,1.04473,1.44636
1.05163,1.51326,1.16897,1.0272,0.990083,0.95397,0.872871,0.9803,1.056,1.46145
1.05052,1.47036,1.15916,1.02665,0.997748,0.943993,0.868303,0.974302,1.07067,1.46162
1.04814,1.47113,1.14397,1.02673,1.00777,0.942195,0.865055,0.966092,1.07468,1.4648
1.05457,1.4566,1.14816,1.02431,1.02045,0.953308,0.864997,0.95311,1.05702,1.48236
1.04229,1.46469,1.13976,1.02189,1.02104,0.950015,0.856363,0.93711,1.05994,1.48541
1.03678,1.50562,1.13581,1.0236,1.03149,0.941088,0.849204,0.931561,1.06223,1.49498
1.04502,1.49248,1.13678,1.03752,1.04138,0.948992,0.856355,0.92774,1.07438,1.48473
1.03308,1.50169,1.14345,1.04447,1.03773,0.959982,0.857877,0.928999,1.08301,1.48988
1.04638,1.48477,1.15468,1.0376,1.03064,0.955526,0.856887,0.923236,1.09784,1.49103
1.04904,1.46097,1.16671,1.0546,1.03563,0.952569,0.865055,0.933833,1.10425,1.46855
1.04935,1.47045,1.1514,1.05213,1.03956,0.946969,0.863015,0.951352,1.1062,1.47988
1.04957,1.48169,1.14427,1.05433,1.036,0.939765,0.880972,0.941596,1.09788,1.48691
1.05238,1.47047,1.12406,1.0737,1.02085,0.917604,0.874581,0.949757,1.10692,1.49439
1.03842,1.47114,1.12189,1.09732,1.02212,0.911147,0.858889,0.942249,1.10506,1.49596
1.02951,1.46289,1.11086,1.09156,1.02561,0.908275,0.85545,0.935049,1.09923,1.48831
1.0307,1.4697,1.13143,1.09816,1.02119,0.91978,0.85608,0.924547,1.099,1.50356
1.03197,1.47966,1.13237,1.09621,1.02214,0.920463,0.852148,0.902424,1.07845,1.50242
1.03438,1.46117,1.13437,1.08127,1.01054,0.916054,0.850281,0.894943,1.10046,1.50207
1.05288,1.45433,1.12602,1.09605,1.02491,0.905294,0.860217,0.890812,1.09408,1.50909
1.04681,1.4734,1.12682,1.08915,1.0259,0.918097,0.845293,0.890104,1.09282,1.51188
1.04054,1.44546,1.13011,1.07149,1.01922,0.926322,0.851256,0.896503,1.07942,1.51588
1.0492,1.43409,1.12973,1.06437,1.00713,0.909243,0.852841,0.886926,1.09785,1.4881
1.03213,1.42581,1.14362,1.07835,1.00236,0.910014,0.85948,0.880928,1.10009,1.49779
1.02861,1.41722,1.1359,1.10029,1.01121,0.910698,0.871374,0.889411,1.0879,1.48806
1.02257,1.41697,1.14727,1.07213,1.0024,0.910733,0.858606,0.881608,1.1015,1.48284
1.01571,1.43528,1.14904,1.06872,1.00449,0.892054,0.863519,0.881355,1.0879,1.48921
1.01433,1.43387,1.14593,1.07565,0.996316,0.897897,0.864227,0.872179,1.10319,1.50003
1.01754,1.43397,1.14893,1.06288,1.01709,0.915262,0.874164,0.864809,1.11337,1.5029
1.0208,1.41181,1.12674,1.0753,1.01934,0.921071,0.860469,0.870531,1.11292,1.50659
1.02039,1.43052,1.12271,1.09304,1.00241,0.908314,0.868698,0.862602,1.10712,1.50153
1.02011,1.41695,1.12809,1.09481,1.0012,0.91665,0.888505,0.864064,1.10409,1.51407
1.01142,1.4004,1.11764,1.09092,1.00101,0.914997,0.88478,0.871966,1.10333,1.52035
0.995975,1.39944,1.10946,1.07382,0.994877,0.913912,0.896795,0.868214,1.12036,1.49495
0.989889,1.38944,1.10714,1.07016,0.99767,0.910906,0.900031,0.86681,1.12818,1.49169
0.986024,1.39149,1.10461,1.06788,1.00588,0.901452,0.891168,0.86345,1.13795,1.51489
0.970362,1.38399,1.10847,1.05629,1.01986,0.902167,0.887749,0.872871,1.14785,1.52449
0.972571,1.3761,1.10303,1.04128,0.997769,0.897485,0.897136,0.876452,1.14936,1.53693
0.970006,1.3795,1.09929,1.04483,1.00029,0.898104,0.876555,0.884622,1.14976,1.54199
0.971646,1.36473,1.10256,1.0642,1.00225,0.882859,0.877431,0.891591,1.14687,1.53779
0.988339,1.35934,1.1066,1.07575,1.00189,0.883274,0.885065,0.892666,1.12572,1.51182
1.00645,1.35303,1.11462,1.08465,1.00042,0.884757,0.897632,0.893369,1.14269,1.48102
1.00213,1.32691,1.11361,1.06175,0.994078,0.881794,0.908258,0.886636,1.14903,1.48711
0.998021,1.32527,1.1128,1.06308,0.999431,0.879697,0.914558,0.897673,1.13244,1.47143
0.996286,1.34007,1.10523,1.05358,1.00433,0.88751,0.919369,0.90103,1.13398,1.457
1.00344,1.34184,1.09804,1.02657,1.00368,0.88056,0.926168,0.906527,1.12661,1.46702
1.00646,1.34755,1.09818,1.00668,1.01248,0.880177,0.935715,0.920542,1.12106,1.45762
0.983563,1.35039,1.10179,0.997532,1.01836,0.88208,0.94129,0.920383,1.1345,1.45407
0.981759,1.35104,1.10629,0.993946,1.0151,0.871299,0.953446,0.9166,1.10309,1.4541
0.971077,1.36688,1.09828,0.999254,1.00726,0.87241,0.971535,0.908209,1.09885,1.44198
0.969057,1.37862,1.10853,1.00596,1.02188,0.873382,0.97592,0.90437,1.1034,1.43973
0.964327,1.3851,1.09164,1.01751,1.03044,0.872575,0.988318,0.891212,1.09873,1.45158
0.972186,1.38743,1.11032,1.03472,1.04871,0.879869,0.980393,0.889842,1.0969,1.44372
0.981468,1.3849,1.09957,1.03326,1.05639,0.874365,1.00468,0.896607,1.106,1.44792
0.988817,1.38319,1.10772,1.02928,1.03607,0.881071,0.984067,0.890308,1.08106,1.45775
0.975888,1.39592,1.12206,1.03391,1.03405,0.88014,0.987171,0.902895,1.09564,1.45732
0.979755,1.39308,1.1262,1.04532,1.03402,0.871185,0.982091,0.917289,1.08419,1.47895
0.967555,1.39832,1.12185,1.05661,1.05016,0.873315,0.983452,0.912868,1.093,1.4827
0.981408,1.37205,1.12452,1.06279,1.06878,0.860957,1.00125,0.916343,1.09726,1.47908
0.977067,1.36101,1.14201,1.06411,1.07699,0.85439,0.992579,0.907728,1.07857,1.46413
0.982042,1.35524,1.12939,1.04811,1.05924,0.84329,0.995294,0.907938,1.07652,1.45842
0.98722,1.35843,1.11694,1.03235,1.06607,0.839251,0.991799,0.90129,1.07433,1.41917
0.983351,1.35803,1.12529,1.01957,1.07641,0.835922,0.967086,0.897237,1.08516,1.40785
0.975173,1.3634,1.14984,1.03494,1.07206,0.828038,0.958627,0.901095,1.0814,1.43686
0.975773,1.36251,1.16872,1.02371,1.06357,0.844732,0.950729,0.914134,1.07523,1.41593
0.979485,1.35273,1.1764,1.04757,1.07306,0.8393,0.945135,0.908615,1.07428,1.39905
0.980234,1.35371,1.1724,1.05752,1.07136,0.836817,0.93857,0.909112,1.07223,1.41924
0.988317,1.35492,1.18238,1.04932,1.05973,0.840012,0.943332,0.905887,1.07431,1.40952
0.969945,1.35458,1.18571,1.05625,1.0783,0.854581,0.953973,0.904526,1.07826,1.37984
0.969231,1.34417,1.20632,1.05984,1.07684,0.84393,0.935921,0.900264,1.06465,1.34898
0.965034,1.337,1.19452,1.05793,1.09318,0.853084,0.932431,0.892213,1.05076,1.33819
0.959631,1.32967,1.15017,1.04895,1.07439,0.852923,0.939726,0.894619,1.07844,1.32286
0.941678,1.3404,1.12807,1.05188,1.09091,0.862683,0.953532,0.901818,1.09855,1.32277
0.946058,1.32977,1.14204,1.07493,1.10143,0.85939,0.940458,0.917416,1.10408,1.29526
0.956587,1.33118,1.16936,1.06843,1.11905,0.864644,0.929718,0.922896,1.09036,1.31898
0.961072,1.33104,1.158,1.06442,1.12262,0.86507,0.933157,0.918716,1.09249,1.31516
0.960826,1.31578,1.14593,1.06154,1.12419,0.876958,0.926093,0.900642,1.09955,1.3295
0.965568,1.30085,1.16702,1.05391,1.12683,0.87464,0.934786,0.912348,1.10701,1.35144
0.964834,1.29986,1.16576,1.04633,1.14017,0.875338,0.927611,0.896291,1.09623,1.34748
0.963784,1.28106,1.15528,1.04053,1.14308,0.880169,0.932388,0.89262,1.09656,1.3296
0.960122,1.27589,1.16242,1.03436,1.13926,0.872191,0.929442,0.900726,1.10615,1.31847
0.959651,1.29332,1.17007,1.0458,1.13675,0.859624,0.915222,0.887284,1.12353,1.31535
0.961092,1.2942,1.16875,1.03451,1.13154,0.871554,0.907233,0.877317,1.12469,1.32686
0.96483,1.29543,1.18817,1.05426,1.13165,0.854878,0.895895,0.870205,1.1182,1.31029
0.965635,1.29927,1.1781,1.04963,1.12446,0.840291,0.896311,0.857626,1.11178,1.29386
0.95616,1.2804,1.15381,1.03194,1.1328,0.846031,0.896198,0.871128,1.12059,1.3112
0.9567,1.27726,1.13411,1.02864,1.13279,0.846221,0.909127,0.863441,1.14164,1.31021
0.959291,1.25677,1.14886,1.02994,1.11646,0.845002,0.900982,0.847968,1.12648,1.30166
0.954398,1.24658,1.1699,1.05477,1.14465,0.846226,0.90402,0.851416,1.11614,1.29418
0.965984,1.23992,1.17308,1.03944,1.14593,0.846559,0.898244,0.851831,1.11679,1.27902
0.961069,1.21475,1.17222,1.04861,1.14735,0.84254,0.902527,0.863719,1.123,1.27616
0.938119,1.20657,1.15009,1.04891,1.14404,0.840452,0.904884,0.88666,1.11958,1.27981
0.923976,1.21811,1.1582,1.05899,1.1591,0.849189,0.896533,0.886381,1.1257,1.31034
0.919011,1.22655,1.15501,1.04597,1.17162,0.84137,0.895548,0.878854,1.13247,1.32842
0.923242,1.21478,1.15978,1.04481,1.18709,0.835345,0.903701,0.878547,1.15035,1.32907
0.916553,1.21243,1.17284,1.03662,1.19125,0.828761,0.895419,0.891399,1.13655,1.32495
0.914135,1.21144,1.16478,1.03345,1.20349,0.813988,0.882105,0.885471,1.14246,1.33546
0.938643,1.20567,1.17075,1.02809,1.18787,0.823933,0.878973,0.885694,1.1532,1.3512
0.950507,1.21227,1.16858,1.01192,1.18463,0.809895,0.877059,0.869962,1.15169,1.34016
0.952414,1.21551,1.15791,1.02169,1.17934,0.816767,0.869108,0.867604,1.16141,1.33608
0.951133,1.23205,1.13304,1.01911,1.17919,0.816898,0.865072,0.863077,1.14766,1.33656
0.959466,1.23259,1.15056,1.02271,1.19223,0.830083,0.865616,0.862634,1.14052,1.32413
0.948492,1.25127,1.14788,1.02667,1.1898,0.81828,0.855198,0.860229,1.15215,1.33245
0.959078,1.23045,1.12192,1.02288,1.19654,0.824152,0.859891,0.861522,1.12499,1.35155
0.957725,1.23713,1.11968,1.01927,1.18285,0.836357,0.869275,0.864432,1.11799,1.34142
0.960612,1.23705,1.12988,1.01902,1.18291,0.835153,0.870249,0.859048,1.0995,1.33891
0.960133,1.25184,1.14967,0.998644,1.18679,0.834067,0.86476,0.851491,1.10721,1.33814
0.972615,1.26415,1.16157,0.989681,1.18277,0.840412,0.860283,0.849138,1.11464,1.36164
0.976918,1.27362,1.18403,0.992576,1.18422,0.833883,0.846107,0.849433,1.12351,1.34407
0.977794,1.2898,1.18678,0.992486,1.19682,0.818963,0.850528,0.845668,1.13242,1.33867
0.955655,1.28826,1.198,0.99653,1.17468,0.818142,0.869862,0.838074,1.12485,1.34364
0.962835,1.27677,1.20714,0.975154,1.14628,0.803849,0.86525,0.839724,1.11797,1.34337
0.960377,1.28965,1.2304,0.972212,1.1374,0.802852,0.854757,0.849683,1.11831,1.3394
0.952159,1.30146,1.22275,0.958123,1.15005,0.809232,0.8547,0.858254,1.11065,1.32819
0.964628,1.30549,1.21743,0.964086,1.16219,0.796515,0.879081,0.855517,1.11254,1.32961
0.97363,1.29825,1.22604,0.948487,1.17839,0.793451,0.902365,0.849036,1.12693,1.3272
0.971697,1.29767,1.21441,0.95192,1.16921,0.80547,0.909349,0.847656,1.11749,1.33055
0.98525,1.29499,1.22684,0.957244,1.18329,0.811816,0.909862,0.865071,1.12746,1.33534
0.997,1.29567,1.22742,0.97233,1.17079,0.812297,0.915276,0.864856,1.12491,1.318
1.00648,1.30841,1.22963,0.965738,1.18456,0.81316,0.91651,0.855908,1.1221,1.33407
1.00857,1.2815,1.23476,0.958902,1.18284,0.809505,0.909809,0.844362,1.11912,1.33428
1.0036,1.26335,1.24206,0.964569,1.15498,0.810744,0.901579,0.825308,1.13398,1.30172
0.994452,1.25526,1.22793,0.965591,1.15632,0.812822,0.897768,0.826255,1.12226,1.2753
0.977497,1.23683,1.21187,0.950684,1.16668,0.808362,0.89021,0.832143,1.13068,1.29213
0.965526,1.23673,1.22165,0.951356,1.16443,0.806093,0.885383,0.825054,1.12794,1.29725
0.957471,1.24635,1.24442,0.94996,1.16729,0.795028,0.877273,0.813734,1.14337,1.29078
0.942268,1.26959,1.23662,0.938121,1.17589,0.785553,0.864061,0.802862,1.15252,1.27732
0.942152,1.28987,1.23016,0.935779,1.1775,0.790044,0.856318,0.805968,1.13426,1.28296
0.94104,1.26954,1.21449,0.924332,1.18463,0.789134,0.862038,0.806485,1.13062,1.28334
0.925877,1.25375,1.21615,0.921743,1.1733,0.779182,0.861372,0.810592,1.13997,1.27162
0.90503,1.26122,1.20659,0.932969,1.16391,0.776645,0.874971,0.815455,1.14476,1.26897
0.900791,1.2643,1.19664,0.938685,1.13879,0.791017,0.883731,0.811438,1.16508,1.26952
0.904343,1.26815,1.21861,0.94422,1.14364,0.78806,0.885292,0.818057,1.1585,1.27104
0.909064,1.26841,1.20568,0.943932,1.1375,0.782829,0.89054,0.829061,1.17468,1.2728
0.900689,1.26,1.21604,0.961692,1.12847,0.784165,0.890109,0.831929,1.16736,1.27155
0.893117,1.25023,1.1898,0.963809,1.09715,0.773313,0.888935,0.821192,1.16029,1.26937
0.898464,1.24851,1.18866,0.944482,1.09838,0.771631,0.889532,0.81104,1.16646,1.25899
0.902257,1.25157,1.19798,0.9471,1.11538,0.772596,0.887949,0.816037,1.17463,1.24897
0.909062,1.24729,1.20799,0.956493,1.10643,0.778525,0.901405,0.802344,1.17059,1.24084
0.909058,1.23284,1.21383,0.946539,1.11167,0.788402,0.909413,0.79906,1.15695,1.24599
0.893828,1.23848,1.21721,0.95054,1.12718,0.781217,0.908442,0.78816,1.15578,1.25466
0.889225,1.24644,1.22422,0.942054,1.12759,0.776071,0.913176,0.787843,1.15136,1.25233
0.877291,1.23717,1.21203,0.946924,1.12807,0.772114,0.911538,0.786068,1.16213,1.24766
0.867665,1.24034,1.21936,0.946564,1.11096,0.776431,0.908282,0.773436,1.11059,1.2495
0.865857,1.23518,1.23211,0.944762,1.10713,0.783535,0.925243,0.779217,1.10916,1.2377
0.870639,1.24038,1.21913,0.933718,1.10822,0.789497,0.923148,0.782676,1.1075,1.26352
0.860667,1.2313,1.20806,0.923069,1.09698,0.788095,0.921611,0.770013,1.09836,1.28045
0.874311,1.22606,1.2103,0.926066,1.0917,0.787734,0.943593,0.764379,1.08293,1.27039
0.878056,1.24132,1.20808,0.919795,1.09978,0.77439,0.943069,0.765239,1.0839,1.26157
0.87672,1.25006,1.21922,0.922982,1.1035,0.78233,0.938954,0.767552,1.07456,1.27767
0.873414,1.24012,1.23691,0.917337,1.1167,0.783956,0.942336,0.771419,1.05717,1.2676
0.877774,1.24246,1.21826,0.925509,1.12615,0.781757,0.92813,0.764919,1.06468,1.26695
0.868697,1.24322,1.23336,0.921337,1.11577,0.778796,0.928453,0.770007,1.07815,1.29977
0.867922,1.23941,1.22584,0.939359,1.10439,0.785202,0.933977,0.759235,1.07656,1.30011
0.879584,1.24221,1.21879,0.93428,1.11352,0.779481,0.937538,0.762752,1.08507,1.28455
0.887982,1.23308,1.2007,0.93648,1.08305,0.78372,0.940776,0.750721,1.09253,1.28625
0.899886,1.21867,1.18214,0.918915,1.06163,0.778086,0.92713,0.749745,1.07501,1.26657
0.900533,1.21856,1.19166,0.912696,1.06239,0.775754,0.923407,0.752182,1.07563,1.23434
0.90132,1.20307,1.20054,0.901782,1.06994,0.760307,0.918194,0.750034,1.09139,1.23098
0.887504,1.19867,1.19453,0.898044,1.06416,0.757401,0.906181,0.745035,1.0889,1.22074
0.891912,1.18766,1.19355,0.881406,1.06882,0.760359,0.886802,0.737462,1.09015,1.19807
0.88742,1.19267,1.2186,0.890916,1.06256,0.760909,0.888958,0.736317,1.09164,1.20473
0.889403,1.19576,1.22216,0.886366,1.05442,0.773005,0.881526,0.726358,1.11543,1.19541
0.888638,1.17557,1.2104,0.871958,1.07327,0.771296,0.884224,0.720005,1.09705,1.18695
0.889707,1.15063,1.20812,0.867097,1.09284,0.768786,0.894156,0.709665,1.08599,1.17385
0.900336,1.16599,1.2124,0.863185,1.06638,0.772651,0.884137,0.714186,1.10111,1.18208
0.907135,1.16604,1.22227,0.85441,1.06481,0.762361,0.895411,0.717399,1.10208,1.17402
0.912175,1.16356,1.2111,0.867877,1.05307,0.750845,0.894997,0.719967,1.107,1.16677
0.91608,1.17547,1.20351,0.864307,1.06023,0.749785,0.901472,0.729551,1.10142,1.15515
0.912649,1.16667,1.22401,0.861695,1.06696,0.756662,0.903477,0.727128,1.11175,1.1653
0.913078,1.18101,1.21996,0.850898,1.06703,0.753576,0.919294,0.715329,1.11986,1.15406
0.935853,1.17072,1.22004,0.84433,1.05887,0.761226,0.919154,0.714775,1.1194,1.16003
0.948099,1.18605,1.23048,0.836614,1.06365,0.759133,0.925896,0.709397,1.11187,1.1604
0.926534,1.18153,1.23135,0.837303,1.07381,0.757681,0.920796,0.70378,1.10727,1.13254
0.91963,1.18251,1.22004,0.836147,1.06899,0.751616,0.938687,0.694579,1.12651,1.13539
0.926016,1.19873,1.21947,0.847726,1.05989,0.743589,0.931216,0.682597,1.12924,1.1337
0.92485,1.1936,1.2237,0.849053,1.05686,0.743936,0.932092,0.676714,1.15469,1.12054
0.930614,1.18856,1.22679,0.83543,1.07052,0.745998,0.933596,0.680892,1.15702,1.11683
0.924079,1.18781,1.21631,0.83695,1.07191,0.740121,0.924218,0.689243,1.14252,1.12319
0.916307,1.20022,1.22906,0.839444,1.05779,0.740577,0.913331,0.701768,1.14304,1.11796
0.917326,1.20291,1.2088,0.840795,1.05694,0.744171,0.906223,0.698249,1.15563,1.1181
0.911036,1.20109,1.21858,0.841933,1.05097,0.745514,0.915232,0.70645,1.1585,1.13323
0.913004,1.19371,1.21441,0.849094,1.03867,0.738085,0.928263,0.715462,1.14856,1.15979
0.905055,1.18651,1.23581,0.856441,1.03647,0.736644,0.929507,0.726321,1.14754,1.16498
0.893813,1.19889,1.22757,0.857608,1.04225,0.744572,0.935463,0.724612,1.16147,1.17433
0.907644,1.18698,1.24026,0.852479,1.02784,0.743784,0.929165,0.720529,1.15738,1.1546
0.894861,1.18316,1.24846,0.849421,1.04648,0.737759,0.914481,0.728023,1.14802,1.14268
0.909906,1.18735,1.25098,0.847351,1.04678,0.731038,0.910174,0.733953,1.17413,1.1789
0.898907,1.18735,1.24465,0.852443,1.03559,0.735684,0.895323,0.734356,1.17687,1.17566
0.871186,1.20877,1.26328,0.866057,1.04355,0.721408,0.892341,0.736095,1.1743,1.17213
0.864921,1.2056,1.26084,0.872762,1.03642,0.72722,0.901164,0.73707,1.19276,1.18077
0.864045,1.19591,1.25644,0.882343,1.03964,0.725041,0.891544,0.742682,1.19313,1.17158
0.868983,1.2109,1.24058,0.867997,1.05138,0.728799,0.881438,0.740601,1.18527,1.17781
0.86254,1.22385,1.25631,0.864857,1.05883,0.72756,0.886794,0.747609,1.16909,1.1599
0.872574,1.24654,1.25005,0.87985,1.0652,0.735405,0.890872,0.741583,1.17123,1.14433
0.86747,1.25528,1.26469,0.878875,1.07204,0.730841,0.884896,0.730217,1.16934,1.14388
0.88,1.25622,1.27755,0.875421,1.0778,0.738092,0.871788,0.739314,1.17852,1.14719
0.881019,1.28717,1.26904,0.86709,1.06054,0.736461,0.868391,0.728624,1.18926,1.14292
0.870891,1.29605,1.25466,0.869186,1.07201,0.73842,0.874915,0.735032,1.17918,1.15052
0.861661,1.28966,1.25063,0.876422,1.07263,0.731512,0.857489,0.720261,1.19165,1.14763
0.872891,1.27773,1.26516,0.867647,1.07419,0.733472,0.872162,0.734305,1.17449,1.13268
0.871948,1.29141,1.2848,0.874862,1.06696,0.727385,0.868535,0.735664,1.18158,1.15453
0.873653,1.26184,1.28017,0.864313,1.0364,0.730545,0.867571,0.746523,1.19018,1.15146
0.872037,1.25804,1.2848,0.865157,1.04208,0.737302,0.861378,0.74285,1.20431,1.15011
0.874378,1.24103,1.28535,0.873078,1.04862,0.739342,0.863277,0.732776,1.1914,1.1388
0.864236,1.24873,1.29302,0.862841,1.04695,0.736852,0.857173,0.73296,1.19641,1.13588
0.874866,1.23207,1.27927,0.868272,1.03246,0.733558,0.861642,0.722692,1.20313,1.13459
0.88755,1.20694,1.2826,0.870651,1.04841,0.744887,0.861938,0.73258,1.1895,1.14359
0.884711,1.22161,1.2744,0.880739,1.04136,0.741588,0.861524,0.732757,1.19956,1.13009
0.882848,1.22724,1.2818,0.863736,1.03019,0.744179,0.863153,0.734153,1.19482,1.12753
0.89357,1.22035,1.28959,0.866246,1.02001,0.738119,0.862452,0.732363,1.18385,1.1402
0.896691,1.2253,1.26775,0.855856,1.01987,0.745625,0.863321,0.733205,1.16949,1.13552
0.898123,1.22167,1.27473,0.858512,1.01001,0.735632,0.865688,0.732574,1.16023,1.13167
0.885722,1.23866,1.26949,0.86333,1.01917,0.727183,0.871626,0.731486,1.16287,1.13372
0.896004,1.23363,1.25559,0.877651,1.02344,0.735827,0.873164,0.714177,1.16459,1.12255
0.892449,1.2402,1.25203,0.863032,1.04656,0.743046,0.883789,0.714632,1.16958,1.11637
0.888187,1.22736,1.24611,0.858055,1.04048,0.728552,0.875726,0.719229,1.18135,1.11263
0.887909,1.2416,1.23416,0.857081,1.03293,0.731247,0.869489,0.719572,1.16253,1.11658
0.888934,1.25467,1.19614,0.856328,1.02363,0.720742,0.869449,0.727564,1.15842,1.10621
0.898544,1.22919,1.20393,0.866509,1.0296,0.714855,0.871214,0.716506,1.15626,1.12449
0.903466,1.23932,1.2186,0.864866,1.02846,0.708686,0.878226,0.710427,1.15307,1.12939
0.880421,1.2533,1.20063,0.858304,1.01818,0.712965,0.88195,0.702005,1.15656,1.12645
0.874629,1.23838,1.20807,0.851445,1.0022,0.700231,0.881733,0.701263,1.1659,1.13492
0.886982,1.23043,1.19897,0.862756,1.00922,0.694328,0.888581,0.69331,1.15251,1.13179
0.872621,1.26177,1.19666,0.863489,1.00413,0.69613,0.891131,0.700287,1.1658,1.14846
0.852341,1.26826,1.19085,0.861801,0.993377,0.698573,0.900943,0.703947,1.15472,1.14774
0.84511,1.26467,1.18701,0.871996,1.00432,0.701446,0.912168,0.705332,1.14232,1.15741
0.847332,1.2522,1.1794,0.867853,1.01005,0.694089,0.909995,0.710379,1.1451,1.16122
0.84142,1.24689,1.20557,0.864975,1.02544,0.701012,0.906873,0.708752,1.16988,1.16926
0.839729,1.22827,1.20121,0.868431,1.02978,0.699258,0.892539,0.701839,1.17181,1.16268
0.845291,1.20925,1.19572,0.892092,1.04261,0.715097,0.877558,0.70051,1.18498,1.17197
0.852756,1.20224,1.19483,0.886591,1.03729,0.719073,0.884377,0.690167,1.18456,1.17499
0.854332,1.21244,1.17667,0.886878,1.03638,0.71481,0.883146,0.687749,1.18747,1.17819
0.848133,1.20612,1.18406,0.902882,1.025,0.719563,0.899217,0.68284,1.16518,1.16086
0.859936,1.18013,1.1906,0.887497,1.03961,0.725735,0.896274,0.673575,1.18309,1.16348
0.871188,1.19517,1.20422,0.870511,1.0385,0.723822,0.894466,0.670103,1.19369,1.16948
0.879258,1.16363,1.2206,0.869836,1.03374,0.706441,0.897641,0.670875,1.18823,1.16146
0.869812,1.15661,1.18693,0.867142,1.03172,0.70919,0.908379,0.667921,1.18575,1.15154
0.875493,1.15838,1.18633,0.86531,1.04014,0.720708,0.910048,0.671687,1.20059,1.1486
0.881295,1.15,1.19656,0.856194,1.04855,0.72028,0.92066,0.663623,1.18667,1.13806
0.877448,1.14765,1.18638,0.851319,1.04354,0.735269,0.923759,0.668609,1.18962,1.1463
0.892092,1.14728,1.20692,0.869255,1.02541,0.739526,0.926777,0.669018,1.19149,1.14508
0.888614,1.14211,1.21172,0.884722,1.03255,0.738867,0.924398,0.670705,1.19885,1.15658
0.902729,1.13373,1.20499,0.881973,1.04666,0.72858,0.926339,0.679144,1.19232,1.18237
0.887073,1.12659,1.20473,0.882644,1.05596,0.725783,0.922367,0.686626,1.19228,1.17591
0.895772,1.12664,1.20333,0.894114,1.04862,0.729954,0.912256,0.683341,1.19061,1.17885
0.884909,1.12222,1.22672,0.894178,1.04834,0.744363,0.904696,0.67624,1.196,1.15743
0.886916,1.11006,1.23942,0.880811,1.04479,0.738768,0.901918,0.677576,1.18336,1.16916
0.894351,1.09608,1.25008,0.889711,1.03976,0.733351,0.900993,0.678537,1.1946,1.15843
0.892668,1.09038,1.24897,0.891846,1.04892,0.740173,0.899623,0.6895,1.18794,1.1607
0.895149,1.09044,1.23825,0.891906,1.04792,0.743914,0.901967,0.697298,1.17611,1.17543
0.899153,1.096,1.22992,0.893678,1.06011,0.750841,0.918072,0.694289,1.19481,1.20526
0.887721,1.09395,1.21867,0.885566,1.068,0.746473,0.916838,0.699051,1.18765,1.21403
0.873122,1.10843,1.21769,0.880806,1.06954,0.737663,0.911059,0.704689,1.18605,1.22453
0.868597,1.10128,1.2281,0.884228,1.05573,0.728556,0.930073,0.704263,1.19682,1.22713
0.858016,1.12213,1.23486,0.874124,1.04726,0.71246,0.937044,0.710377,1.20643,1.21966
0.861595,1.12967,1.2316,0.891788,1.04696,0.717796,0.923842,0.716524,1.2059,1.23636
0.861042,1.13729,1.21591,0.881015,1.05189,0.728748,0.93345,0.717956,1.18676,1.22688
0.863384,1.13713,1.20592,0.878398,1.0637,0.731498,0.936247,0.725703,1.19031,1.24119
0.86609,1.15694,1.20058,0.883317,1.06326,0.735918,0.924625,0.724689,1.18092,1.24264
0.874721,1.14123,1.20483,0.900501,1.06044,0.739572,0.908434,0.718802,1.1682,1.25403
0.876862,1.15015,1.21737,0.907663,1.05306,0.73273,0.922569,0.717416,1.16553,1.24061
0.877655,1.16298,1.24072,0.907205,1.05892,0.727998,0.906511,0.726741,1.16221,1.22458
0.87879,1.16439,1.21518,0.908844,1.07017,0.737171,0.90659,0.716504,1.15298,1.20571
0.875307,1.16145,1.2183,0.906614,1.07417,0.73576,0.90461,0.720263,1.1683,1.21844
0.863562,1.1614,1.22299,0.913114,1.06072,0.738463,0.908401,0.71897,1.1757,1.21927
0.859835,1.15181,1.23419,0.922838,1.06803,0.740955,0.918496,0.714376,1.19247,1.22374
0.860679,1.16349,1.23609,0.924735,1.06305,0.744694,0.926792,0.711396,1.18696,1.22313
0.870204,1.17243,1.22421,0.924374,1.07005,0.74573,0.928666,0.714136,1.1745,1.24083
0.865257,1.15657,1.21747,0.923663,1.06935,0.745265,0.93986,0.709384,1.16497,1.22485
0.868475,1.15343,1.21779,0.928274,1.06288,0.751357,0.950681,0.712733,1.17127,1.23976
0.874995,1.15958,1.20318,0.92849,1.04771,0.750047,0.939448,0.722477,1.16177,1.24303
0.87507,1.1502,1.19243,0.917553,1.05491,0.75745,0.926661,0.723679,1.17988,1.23715
0.872626,1.13175,1.18663,0.924125,1.03832,0.751735,0.925435,0.734686,1.18358,1.25808
0.870922,1.13642,1.18519,0.931257,1.01501,0.763835,0.90348,0.731487,1.17078,1.26132
0.863848,1.15897,1.19061,0.947726,1.0058,0.772186,0.902516,0.732603,1.15717,1.2721
0.85771,1.15633,1.17995,0.963311,1.00993,0.77755,0.891104,0.730461,1.15971,1.2744
0.866672,1.15815,1.17719,0.949608,0.988547,0.77781,0.898684,0.727985,1.15014,1.28206
0.868077,1.16698,1.19452,0.939998,0.974605,0.789875,0.907249,0.740798,1.17005,1.2862
0.863535,1.16106,1.21855,0.927375,0.976638,0.78659,0.918638,0.737773,1.16855,1.29122
0.869279,1.1621,1.20525,0.935829,0.972225,0.786639,0.909793,0.740001,1.1717,1.28351
0.874889,1.16039,1.18644,0.933364,0.979971,0.774965,0.915829,0.745321,1.14065,1.28881
0.883232,1.17839,1.20933,0.916883,0.974137,0.766461,0.922468,0.745703,1.13938,1.29179
0.883603,1.21105,1.20514,0.909938,0.969492,0.768576,0.924841,0.75695,1.14775,1.27584
0.891734,1.21775,1.20839,0.903011,0.990472,0.782066,0.933555,0.755995,1.16244,1.27708
0.886527,1.22229,1.2128,0.896592,0.987001,0.793983,0.934535,0.772046,1.17856,1.29342
0.888211,1.21481,1.19435,0.890251,1.00579,0.794455,0.932054,0.775804,1.17217,1.30878
0.892905,1.21824,1.18619,0.886905,1.00161,0.793047,0.930166,0.780544,1.17383,1.30794
0.879884,1.23363,1.18792,0.87601,1.00344,0.799472,0.915503,0.773691,1.15809,1.30414
0.878375,1.23656,1.21218,0.867889,1.01,0.814735,0.912403,0.777071,1.14846,1.31349
0.89064,1.23044,1.23455,0.871728,1.01618,0.810842,0.903247,0.779581,1.14402,1.31779
0.880199,1.2154,1.22403,0.894472,1.01039,0.823766,0.913792,0.782799,1.13424,1.33271
0.907003,1.20456,1.23537,0.878684,1.02845,0.826416,0.891974,0.779611,1.14903,1.31091
0.90984,1.22014,1.23118,0.889396,1.05235,0.822045,0.894323,0.777793,1.15755,1.31017
0.926586,1.21456,1.23697,0.890675,1.05076,0.83133,0.907416,0.776877,1.15373,1.32555
0.930764,1.22885,1.24431,0.898077,1.03992,0.830943,0.92031,0.772762,1.14038,1.34496
0.942484,1.21788,1.23048,0.896002,1.04446,0.831703,0.923315,0.764427,1.13691,1.34121
0.925796,1.219,1.23083,0.891752,1.03911,0.830084,0.931751,0.768567,1.12349,1.34822
0.943807,1.20112,1.23355,0.912487,1.02856,0.856163,0.934991,0.78789,1.12007,1.346
0.943729,1.20781,1.22577,0.925897,1.03304,0.843874,0.933058,0.7771,1.11988,1.34419
0.949783,1.21609,1.22989,0.934823,1.03176,0.85306,0.920826,0.771997,1.12093,1.36113
0.946559,1.22354,1.21721,0.943401,1.00652,0.852316,0.909493,0.778025,1.12416,1.38578
0.946625,1.23242,1.21268,0.945546,0.989283,0.86249,0.91279,0.796313,1.15108,1.39658
0.939513,1.24802,1.22077,0.942282,0.988117,0.858624,0.916627,0.798392,1.15227,1.41188
0.940445,1.27176,1.21472,0.941996,1.00231,0.846124,0.916459,0.817087,1.15538,1.39608
0.950932,1.26017,1.21096,0.939484,1.00083,0.834132,0.920355,0.812224,1.14893,1.39125
0.946237,1.25805,1.21152,0.927157,0.993146,0.837699,0.922531,0.808843,1.14987,1.3743
0.958048,1.26127,1.2222,0.93273,0.9835,0.851682,0.940255,0.817058,1.14076,1.37385
0.943618,1.23602,1.2172,0.945396,0.987603,0.859453,0.939537,0.820058,1.14384,1.3548
0.949052,1.23518,1.20288,0.936166,0.997432,0.843987,0.933793,0.823326,1.14209,1.35548
0.931184,1.22784,1.19402,0.949695,1.01431,0.848006,0.924166,0.818761,1.1452,1.37971
0.929707,1.23758,1.19229,0.950301,1.0189,0.855927,0.907809,0.818525,1.16371,1.39448
0.930563,1.23597,1.1773,0.945437,1.03049,0.861541,0.897,0.817121,1.16372,1.40831
0.924476,1.23048,1.17743,0.940839,1.04279,0.87336,0.892666,0.817264,1.16397,1.40903
0.946596,1.25882,1.19061,0.947047,1.05511,0.86746,0.887727,0.814195,1.17852,1.38746
0.954625,1.26999,1.19138,0.969155,1.04395,0.883229,0.890838,0.820462,1.16373,1.38419
0.959303,1.28188,1.1766,0.974903,1.03535,0.87968,0.906457,0.837996,1.16674,1.39582
0.97778,1.27633,1.17558,0.98763,1.02474,0.871736,0.89886,0.829095,1.18589,1.41062
0.99402,1.25811,1.18374,0.9968,1.02111,0.879631,0.897744,0.841478,1.18512,1.39955
0.987348,1.23654,1.17114,1.0134,1.01047,0.891283,0.890949,0.85126,1.18007,1.40995
0.999504,1.23359,1.17375,1.00404,1.0096,0.891211,0.882196,0.859862,1.17662,1.42956
1.00029,1.22835,1.17973,1.00643,1.01152,0.894582,0.886087,0.877635,1.16895,1.45823
0.984568,1.23932,1.18126,1.00733,1.01539,0.892824,0.885318,0.860556,1.17308,1.47415
0.975978,1.23669,1.17331,0.999823,1.01057,0.892883,0.884028,0.853195,1.16067,1.46424
0.995871,1.25432,1.15784,0.995178,0.99149,0.887216,0.890174,0.845205,1.14199,1.45103
1.0036,1.2442,1.16839,1.00244,1.00738,0.882318,0.896702,0.838934,1.13198,1.44005
0.992101,1.26488,1.16318,0.993334,1.01547,0.877442,0.913102,0.838607,1.13313,1.4303
0.993691,1.28117,1.15367,0.993858,1.00922,0.870535,0.921212,0.836931,1.1463,1.4234
1.00214,1.295,1.16003,0.981957,0.993501,0.857303,0.93589,0.85744,1.13917,1.42258
0.998355,1.31245,1.15403,0.99721,0.998638,0.865066,0.90951,0.862325,1.15765,1.43567
0.994771,1.29679,1.1681,0.976145,0.97824,0.863983,0.92199,0.852506,1.16907,1.44468
0.99228,1.28411,1.15033,0.979578,0.973622,0.862222,0.935839,0.851498,1.16562,1.46611
0.984985,1.27259,1.1455,0.986838,0.982712,0.845827,0.956271,0.839869,1.16063,1.46128
0.987318,1.25359,1.16804,0.983624,0.986316,0.857952,0.959109,0.842556,1.1712,1.46863
1.01422,1.24528,1.15761,0.980822,0.982129,0.861504,0.953299,0.861093,1.16717,1.4547
0.990056,1.23398,1.17146,0.981803,0.971183,0.866338,0.965463,0.869364,1.17325,1.5018
0.994371,1.22556,1.17561,0.97556,0.972088,0.878501,0.966431,0.868018,1.17379,1.50141
0.990513,1.22578,1.19302,0.976279,0.959044,0.870619,0.953124,0.868477,1.16507,1.51238
1.01565,1.23548,1.19757,0.968097,0.956063,0.867165,0.94518,0.871314,1.17343,1.51062
0.99689,1.24065,1.2058,0.968163,0.957193,0.86171,0.950425,0.873025,1.16384,1.51684
0.99105,1.24998,1.20873,0.979414,0.965658,0.861074,0.959335,0.865483,1.17161,1.52848
0.989187,1.23531,1.21059,0.964864,0.961856,0.863839,0.953245,0.856198,1.16485,1.50668
0.978311,1.20359,1.20124,0.959985,0.975197,0.871999,0.946097,0.860645,1.1763,1.51077
0.998327,1.17943,1.19379,0.947825,0.974454,0.888378,0.950283,0.871804,1.17893,1.51373
0.982582,1.17693,1.20393,0.939714,0.991451,0.887604,0.94046,0.870101,1.16981,1.50686
0.971963,1.17216,1.20932,0.931943,0.992272,0.895209,0.924228,0.864742,1.17548,1.5275
0.965117,1.20047,1.1966,0.946592,1.00167,0.881653,0.914903,0.889633,1.18317,1.52841
0.978835,1.21468,1.18646,0.942693,1.00267,0.873957,0.931882,0.873783,1.18736,1.51706
0.998373,1.21284,1.19386,0.945385,1.00417,0.878229,0.919298,0.883661,1.18725,1.5354
0.999801,1.21769,1.19931,0.934051,1.01122,0.881647,0.922967,0.895056,1.17071,1.54288
1.01866,1.20738,1.20252,0.922229,1.00299,0.879814,0.916892,0.902051,1.15511,1.5538
1.02107,1.1968,1.20529,0.912226,1.01849,0.868349,0.91949,0.904291,1.13597,1.54649
1.01092,1.19913,1.19597,0.899502,1.00192,0.856213,0.9275,0.912166,1.11107,1.56189
0.998973,1.20547,1.18591,0.90649,0.989938,0.847564,0.921512,0.916199,1.10542,1.57027
1.00507,1.19102,1.1859,0.916637,0.985293,0.854368,0.919543,0.927909,1.09537,1.56389
1.01311,1.16725,1.19448,0.925439,0.988205,0.849165,0.915563,0.932468,1.10001,1.57053
1.00657,1.17893,1.19085,0.910634,0.996055,0.844347,0.943635,0.941622,1.10602,1.56942
1.01645,1.18262,1.19764,0.903592,0.982263,0.853493,0.947773,0.940377,1.11378,1.57014
1.0124,1.17917,1.19885,0.909551,0.977254,0.856223,0.960408,0.947659,1.12225,1.58856
1.00718,1.19331,1.19701,0.897365,0.983921,0.851242,0.96822,0.93061,1.12314,1.60902
1.00665,1.19939,1.21091,0.904755,0.978189,0.848194,0.956742,0.935691,1.12208,1.64228
1.01285,1.18114,1.19682,0.902348,0.960258,0.852554,0.96321,0.916657,1.10758,1.6386
1.01369,1.17592,1.17911,0.911027,0.965961,0.857863,0.973806,0.917359,1.11424,1.68052
1.00212,1.19485,1.17882,0.907012,0.980329,0.857001,0.996122,0.914039,1.12805,1.65766
1.00193,1.19052,1.18736,0.90226,0.978288,0.856277,0.990735,0.910134,1.14465,1.65641
0.995146,1.18455,1.20033,0.917058,0.993498,0.861203,0.981682,0.90721,1.14344,1.65437
1.00226,1.19772,1.20113,0.906205,0.996064,0.856836,0.977537,0.903754,1.13309,1.62786
1.02897,1.18812,1.19799,0.908533,0.992061,0.852,0.981126,0.896273,1.14869,1.60206
1.03283,1.19399,1.1956,0.922535,1.00245,0.855618,0.997288,0.890983,1.16465,1.6027
1.02721,1.21543,1.21432,0.903814,1.0026,0.853087,1.02123,0.905827,1.15141,1.60238
1.03976,1.21886,1.2199,0.91045,0.991255,0.845014,1.02933,0.907221,1.16216,1.59066
1.05116,1.22641,1.20733,0.911246,0.985388,0.851549,1.03393,0.91199,1.13265,1.59798
1.04859,1.22165,1.2166,0.903728,0.98054,0.845218,1.03415,0.920624,1.12788,1.59399
1.0449,1.22636,1.21537,0.907012,0.982827,0.852467,1.04976,0.921975,1.12789,1.62247
1.04671,1.21878,1.23208,0.91751,0.991868,0.858598,1.04181,0.916708,1.13638,1.62487
1.0827,1.20629,1.22537,0.910332,0.998884,0.864668,1.0321,0.906563,1.1372,1.62088
1.07314,1.23817,1.2227,0.919989,0.995019,0.874179,1.0271,0.90796,1.137,1.62124
1.07789,1.22414,1.22828,0.926094,0.998786,0.864711,1.02443,0.895142,1.12662,1.62547
1.08175,1.22536,1.2324,0.947955,1.00562,0.864484,1.02272,0.891916,1.14187,1.62282
1.06734,1.24338,1.23896,0.958822,1.01461,0.852356,1.03195,0.883459,1.15426,1.61885
1.07689,1.27343,1.24562,0.956958,1.04907,0.850169,1.0282,0.883761,1.14847,1.63109
1.08063,1.28918,1.24705,0.957268,1.05932,0.854423,1.03593,0.877137,1.14255,1.6565
1.0753,1.28384,1.24549,0.959133,1.06685,0.858331,1.03379,0.874732,1.14552,1.652
1.09938,1.26558,1.26027,0.958553,1.0708,0.867995,1.03828,0.882462,1.17349,1.66037
1.0891,1.26402,1.2713,0.971509,1.07156,0.873125,1.04507,0.878979,1.17263,1.64756
1.09164,1.26525,1.25292,0.959615,1.07032,0.878113,1.04198,0.878396,1.1601,1.66724
1.10296,1.27884,1.28021,0.95786,1.07304,0.876234,1.04643,0.878823,1.16024,1.66188
1.09334,1.27921,1.28221,0.961136,1.0622,0.886469,1.03443,0.876066,1.14989,1.67833
1.08429,1.27625,1.28329,0.948627,1.07136,0.890146,1.03979,0.872651,1.1536,1.68973
1.06621,1.28698,1.30661,0.939473,1.06163,0.888051,1.0368,0.865286,1.15689,1.66797
1.07823,1.28729,1.27648,0.946257,1.0733,0.905995,1.03632,0.859539,1.14129,1.6467
1.08705,1.28774,1.27656,0.94776,1.07818,0.910248,1.02737,0.860413,1.13051,1.60658
1.0988,1.30818,1.27993,0.939402,1.08873,0.901209,1.01922,0.873558,1.12264,1.59024
1.09031,1.30079,1.26359,0.935018,1.09364,0.897059,1.02394,0.868306,1.11995,1.59318
1.08638,1.31635,1.25654,0.935916,1.08856,0.894438,1.03309,0.888751,1.11088,1.59652
1.09027,1.34312,1.25351,0.946911,1.08254,0.894952,1.03329,0.891779,1.12013,1.59804
1.09023,1.36495,1.247,0.942146,1.0932,0.907075,1.04422,0.883047,1.1127,1.57562
1.10146,1.34973,1.24827,0.923721,1.08398,0.9206,1.03836,0.885541,1.09999,1.58537
1.10743,1.37084,1.25463,0.93672,1.08738,0.932623,1.03156,0.869245,1.08954,1.56462
1.09463,1.37323,1.26595,0.938025,1.09309,0.930467,1.02899,0.850912,1.0812,1.58663
1.108,1.37078,1.26745,0.942637,1.07747,0.911497,1.03166,0.860188,1.10376,1.60278
1.0813,1.35617,1.2723,0.939605,1.0726,0.910005,1.03427,0.865822,1.11751,1.61173
1.08535,1.36104,1.27934,0.935738,1.06405,0.905654,1.06092,0.873194,1.11769,1.58372
1.09287,1.35703,1.27233,0.918753,1.06583,0.892743,1.0515,0.892686,1.11595,1.56414
1.08475,1.35471,1.27399,0.92008,1.06,0.886097,1.04673,0.892128,1.1139,1.5608
1.09524,1.3364,1.28212,0.906985,1.06394,0.878112,1.03923,0.893682,1.11376,1.55614
1.07526,1.34211,1.29477,0.911456,1.06958,0.887012,1.0272,0.881484,1.11695,1.52762
1.08617,1.33932,1.29401,0.923122,1.06656,0.892501,1.04907,0.881499,1.09758,1.48658
1.11062,1.32472,1.2926,0.931763,1.08122,0.894731,1.06218,0.870324,1.09093,1.50188
1.10761,1.34184,1.27275,0.936852,1.08611,0.889805,1.06961,0.855618,1.0819,1.48868
1.12044,1.33539,1.29863,0.938897,1.09507,0.879577,1.04634,0.846852,1.09125,1.50487
1.13066,1.32872,1.2736,0.944526,1.08421,0.878496,1.05347,0.864951,1.08165,1.49522
1.1481,1.31927,1.26413,0.945893,1.08499,0.876988,1.05812,0.853264,1.09759,1.49788
1.13242,1.30797,1.26655,0.936322,1.07189,0.87995,1.05425,0.855679,1.08103,1.49841
1.14304,1.32496,1.2622,0.920488,1.0796,0.877376,1.05194,0.859982,1.07545,1.51874
1.14009,1.30239,1.25055,0.936731,1.07475,0.862496,1.05009,0.857614,1.07397,1.51918
1.14461,1.27604,1.25478,0.930591,1.06437,0.867966,1.06383,0.844967,1.07582,1.53227
1.15381,1.29224,1.25232,0.93792,1.06343,0.853767,1.06426,0.850502,1.07534,1.52034
1.15045,1.28596,1.26757,0.938238,1.07296,0.846928,1.08963,0.844782,1.05979,1.50994
1.15753,1.27228,1.24871,0.952809,1.06632,0.843581,1.10139,0.844163,1.08,1.47281
1.15678,1.28141,1.25947,0.948013,1.06501,0.845508,1.09857,0.844795,1.09002,1.45514
1.15557,1.28067,1.27912,0.938624,1.05075,0.849491,1.09971,0.841465,1.07837,1.46202
1.1506,1.27267,1.26971,0.949333,1.04858,0.840591,1.11302,0.842244,1.08354,1.47334
1.17446,1.26442,1.26076,0.927443,1.04086,0.846298,1.12105,0.845103,1.08035,1.46416
1.19788,1.25319,1.27203,0.925328,1.0177,0.852775,1.10607,0.852497,1.06929,1.46437
1.18415,1.23116,1.2732,0.950331,1.01704,0.859273,1.10747,0.860027,1.07189,1.46278
1.18756,1.24145,1.26187,0.962088,1.0211,0.865862,1.12647,0.861542,1.04548,1.49497
1.22175,1.2516,1.2691,0.966583,1.03121,0.862867,1.11814,0.882464,1.06231,1.4899
1.22188,1.28281,1.26284,0.95889,1.03638,0.872352,1.11821,0.889792,1.06203,1.4839
1.21282,1.2878,1.23526,0.971429,1.03452,0.867486,1.10591,0.895531,1.06184,1.48333
1.209,1.27873,1.24525,0.986534,1.05356,0.855855,1.11472,0.894399,1.08481,1.46336
1.20664,1.28165,1.20451,0.984632,1.07573,0.866319,1.112,0.914397,1.08503,1.4678
1.20289,1.27336,1.20777,0.971714,1.08229,0.865969,1.12359,0.912142,1.08777,1.44288
1.22462,1.27768,1.19626,0.98273,1.06416,0.854956,1.11835,0.923731,1.09147,1.45666
1.21859,1.29002,1.18694,0.986591,1.05685,0.850167,1.11024,0.928749,1.09887,1.46848
1.24103,1.30023,1.19571,0.99313,1.05097,0.848225,1.11616,0.920257,1.10679,1.4762
1.24142,1.30887,1.21146,0.981441,1.04974,0.846541,1.12805,0.918008,1.11689,1.48894
1.24019,1.3032,1.21497,0.959965,1.06125,0.836949,1.15147,0.929652,1.09198,1.50168
1.25727,1.26755,1.22165,0.95355,1.05995,0.833205,1.14291,0.913217,1.08409,1.50168
1.23515,1.2557,1.22298,0.933354,1.04584,0.848546,1.14317,0.907141,1.08255,1.51196
1.25262,1.26325,1.24024,0.946944,1.03943,0.852,1.13767,0.906125,1.08032,1.52115
1.26242,1.2672,1.25499,0.947828,1.04452,0.838113,1.12513,0.911728,1.08733,1.5037
1.22098,1.25778,1.24914,0.932432,1.06452,0.82463,1.11896,0.90599,1.10366,1.49607
1.23381,1.26403,1.2521,0.92932,1.06663,0.823887,1.13082,0.906654,1.10861,1.50827
1.2498,1.28027,1.22878,0.933653,1.06878,0.845704,1.13104,0.901146,1.09409,1.50832
1.24596,1.29209,1.25618,0.934844,1.06919,0.846791,1.12688,0.888967,1.06752,1.4977
1.24176,1.29133,1.26819,0.937628,1.06688,0.847862,1.13422,0.898013,1.08679,1.48337
1.25276,1.29047,1.2701,0.940272,1.06877,0.854447,1.12557,0.890754,1.06631,1.49457
1.26868,1.31344,1.25541,0.949864,1.07707,0.859863,1.11292,0.903429,1.05209,1.49276
1.26416,1.31096,1.23544,0.948326,1.06618,0.846234,1.11895,0.90355,1.04417,1.49786
1.24289,1.30983,1.24253,0.955922,1.06922,0.840651,1.12616,0.919513,1.02855,1.50413
1.24103,1.32938,1.25075,0.973114,1.06643,0.841274,1.13075,0.909436,1.02151,1.49033
1.21793,1.33196,1.27908,0.959523,1.04878,0.845292,1.14173,0.886666,1.03806,1.48167
1.24167,1.34897,1.26576,0.96282,1.05016,0.853796,1.13285,0.905794,1.04342,1.49688
1.25776,1.34225,1.25029,0.944488,1.07884,0.85487,1.1253,0.911262,1.05215,1.5162
1.24669,1.35634,1.24067,0.925167,1.08255,0.845612,1.13528,0.908012,1.0513,1.50457
1.27206,1.33781,1.24309,0.939305,1.08689,0.848694,1.12451,0.91953,1.04394,1.50659
1.28399,1.3287,1.24492,0.935372,1.09088,0.856363,1.13612,0.918846,1.04369,1.53382
1.28864,1.33082,1.21918,0.923458,1.07835,0.863532,1.1066,0.935616,1.03952,1.50954
1.32219,1.33222,1.22016,0.920207,1.08939,0.841272,1.10811,0.949743,1.04869,1.53098
1.30527,1.32641,1.21054,0.917813,1.09777,0.844558,1.13596,0.952242,1.05782,1.52978
1.31383,1.33968,1.19962,0.913023,1.0951,0.833888,1.13452,0.948258,1.03715,1.54661
1.32733,1.35277,1.20534,0.916482,1.08936,0.822963,1.13303,0.937393,1.02194,1.57518
1.30976,1.32759,1.21791,0.923858,1.08907,0.82186,1.14385,0.942861,1.02342,1.60267
1.30818,1.30639,1.21901,0.926632,1.10045,0.838578,1.14674,0.933726,1.03072,1.61689
1.29564,1.31322,1.22083,0.929728,1.07875,0.839276,1.14139,0.929997,1.04383,1.6105
1.29143,1.32515,1.22147,0.938216,1.06775,0.837372,1.14413,0.933503,1.03108,1.59161
1.30236,1.3161,1.2288,0.959546,1.06834,0.847543,1.14529,0.939734,1.03527,1.6059
1.30745,1.33969,1.23347,0.971482,1.07054,0.850126,1.13717,0.93917,1.04816,1.63413
1.30611,1.32437,1.23063,0.988834,1.06982,0.85499,1.1378,0.944746,1.03804,1.64612
1.3073,1.31424,1.23421,0.98249,1.07642,0.857358,1.15046,0.93465,1.04667,1.67561
1.3132,1.31316,1.23664,0.989647,1.08121,0.855644,1.13738,0.913499,1.04974,1.68026
1.33103,1.31528,1.22464,0.981962,1.07098,0.860647,1.14712,0.89214,1.07287,1.67591
1.33898,1.3011,1.22161,0.97423,1.06853,0.840161,1.13823,0.897659,1.09704,1.66275
1.33181,1.30043,1.22968,0.98492,1.06837,0.833752,1.1432,0.916575,1.10106,1.67578
1.29712,1.29029,1.22882,0.984552,1.05402,0.828204,1.13252,0.924224,1.10294,1.71103
1.31172,1.30654,1.24106,0.985668,1.05793,0.819814,1.11672,0.925081,1.10417,1.70307
1.31913,1.29409,1.24578,0.980847,1.05494,0.825863,1.11661,0.929812,1.10084,1.69772
1.2975,1.26436,1.26223,0.981592,1.06414,0.831838,1.13421,0.935937,1.09158,1.67696
1.2922,1.27109,1.24476,0.975327,1.05489,0.837311,1.11944,0.92952,1.09313,1.6996
1.28685,1.26915,1.22701,0.983156,1.06288,0.830589,1.1126,0.928113,1.09922,1.69933
1.25518,1.24446,1.22616,0.971292,1.06259,0.824677,1.10863,0.927044,1.10679,1.70925
1.27625,1.26072,1.23707,0.966313,1.06317,0.812213,1.10147,0.911902,1.10631,1.73998
1.2879,1.27488,1.23206,0.959319,1.06983,0.792039,1.07846,0.904148,1.10198,1.76122
1.27957,1.25678,1.24672,0.952016,1.07793,0.799783,1.08715,0.893323,1.10585,1.77869
1.30475,1.23972,1.22989,0.965321,1.08576,0.796195,1.10619,0.8925,1.09723,1.78077
1.30988,1.22642,1.22891,0.975663,1.08505,0.805404,1.08462,0.894355,1.08977,1.74903
1.31011,1.20855,1.2266,0.979985,1.07567,0.804094,1.07677,0.898122,1.07961,1.74454
1.32362,1.20659,1.24617,0.979549,1.0719,0.799318,1.08136,0.874869,1.08077,1.73233
1.29725,1.20173,1.25728,0.964228,1.06833,0.800884,1.0731,0.866923,1.07939,1.74804
1.30991,1.18629,1.27399,0.963388,1.06638,0.796398,1.06779,0.865243,1.08396,1.755
1.30439,1.18722,1.29454,0.933144,1.09227,0.803871,1.06758,0.86393,1.06317,1.77304
1.32421,1.19042,1.30265,0.90917,1.10529,0.806514,1.07657,0.857213,1.05611,1.74936
1.30942,1.20051,1.2964,0.915736,1.11846,0.803513,1.07942,0.863714,1.0704,1.73913
1.31746,1.20192,1.30815,0.925924,1.11784,0.802714,1.07532,0.863105,1.07384,1.72419
1.30896,1.20395,1.30605,0.927736,1.11625,0.793697,1.06519,0.858088,1.08759,1.73874
1.30107,1.20795,1.30405,0.936294,1.12726,0.794582,1.06286,0.855584,1.10317,1.73231
1.30135,1.22051,1.28465,0.95466,1.13641,0.800718,1.07879,0.841809,1.09798,1.74649
1.28099,1.22784,1.2652,0.949053,1.12966,0.809272,1.08632,0.835084,1.09465,1.73738
1.28964,1.24691,1.27565,0.95839,1.13241,0.809962,1.09912,0.834894,1.08701,1.72291
1.29688,1.25383,1.2764,0.959753,1.14786,0.811423,1.1045,0.828762,1.08317,1.70245
1.28969,1.24391,1.27881,0.94357,1.13306,0.813863,1.10192,0.826168,1.07011,1.72271
1.29873,1.23732,1.29091,0.95346,1.14136,0.806374,1.1095,0.82497,1.0763,1.69293
1.32889,1.24663,1.30265,0.961127,1.14419,0.816185,1.09623,0.835616,1.09073,1.68878
1.3146,1.22287,1.29609,0.956768,1.16009,0.817302,1.09351,0.81829,1.08786,1.67325
1.30862,1.21777,1.29709,0.965093,1.16019,0.809441,1.10429,0.800449,1.08611,1.69766
1.32061,1.2101,1.31001,0.976778,1.14276,0.81467,1.1126,0.803125,1.08847,1.71912
1.31061,1.21283,1.31023,0.993123,1.16151,0.806759,1.0943,0.823655,1.09462,1.73321
1.32237,1.21315,1.2973,0.999094,1.15237,0.790346,1.08942,0.830588,1.08897,1.72217
1.31615,1.2089,1.30897,0.994718,1.16351,0.791845,1.09306,0.832459,1.10108,1.73416
1.32151,1.22323,1.2955,0.996894,1.17223,0.801824,1.0944,0.833308,1.10164,1.7118
1.31349,1.22163,1.2885,0.986391,1.17563,0.811504,1.08782,0.825697,1.11253,1.71378
1.3281,1.25128,1.26795,0.984704,1.1616,0.809735,1.09868,0.822858,1.11919,1.73598
1.331,1.26562,1.24225,0.975263,1.16971,0.798756,1.08378,0.813686,1.12048,1.72694
1.33126,1.28234,1.24835,0.975959,1.16582,0.78996,1.08318,0.813116,1.11665,1.72595
1.318,1.28571,1.27477,0.957122,1.18592,0.78509,1.0782,0.822021,1.12378,1.72102
1.3206,1.28326,1.28536,0.950231,1.18736,0.792573,1.06928,0.818412,1.12334,1.71778
1.31512,1.27805,1.30237,0.940762,1.19163,0.793449,1.05962,0.813562,1.13037,1.70501
1.31901,1.25983,1.30132,0.928388,1.20947,0.795342,1.07743,0.812654,1.11899,1.72091
1.31828,1.25641,1.28636,0.938375,1.22128,0.797521,1.08536,0.816966,1.11595,1.70559
1.31019,1.25414,1.28548,0.933111,1.21763,0.797679,1.0861,0.816613,1.11911,1.70707
1.29432,1.25193,1.29512,0.934625,1.22221,0.794481,1.09493,0.818434,1.12374,1.72484
1.31544,1.23943,1.29983,0.932114,1.22139,0.790986,1.1108,0.81859,1.12071,1.7328
1.323,1.23445,1.3015,0.939819,1.22211,0.81267,1.1143,0.81792,1.14212,1.72815
1.32529,1.25071,1.30356,0.949248,1.22135,0.804849,1.12188,0.806066,1.13606,1.73248
1.31144,1.24043,1.29648,0.958266,1.22237,0.802446,1.14169,0.803995,1.11871,1.75994
1.31251,1.25999,1.30157,0.95162,1.21289,0.807317,1.13717,0.804805,1.11434,1.7552
1.30507,1.25005,1.30617,0.954853,1.20345,0.810396,1.14984,0.807624,1.11669,1.74977
1.31589,1.26257,1.3006,0.954909,1.2004,0.818176,1.15584,0.811624,1.12745,1.75539
1.33922,1.24842,1.30281,0.958833,1.21261,0.813119,1.15891,0.824535,1.14474,1.75544
1.33747,1.25272,1.31257,0.953999,1.22177,0.811626,1.16424,0.820882,1.14718,1.75975
1.3472,1.24457,1.34227,0.955011,1.24135,0.805203,1.17218,0.811282,1.15558,1.77063
1.35377,1.23147,1.35251,0.942255,1.23695,0.79768,1.16031,0.811547,1.16367,1.75985
1.35907,1.23869,1.34698,0.946108,1.24407,0.807248,1.1724,0.817527,1.16807,1.77236
1.37918,1.25605,1.34067,0.959245,1.23844,0.81333,1.16653,0.825752,1.163,1.7854
1.37909,1.28832,1.34417,0.963034,1.26973,0.80791,1.17329,0.829557,1.18184,1.81021
1.38498,1.27251,1.34668,0.952246,1.28197,0.809146,1.16945,0.825024,1.17431,1.81843
