0,1,2,3,4,5,6,7,8,9
0,0,0,0,0,0,0,0,0,0
0,0,0,0,0,0,0,0,0,0
0,0,0,0,0,0,0,0,0,0
0,0,0,0,0,0,0,0,0,0
0,0,0,0,0,0,0,0,0,0
0,0,0,0,0,0,0,0,0,0
0,0,0,0,0,0,0,0,0,0
0,0,0,0,0,0,0,0,0,0
0,0,0,0,0,0,0,0,0,0
0.101448,0.102736,0.10133,0.0988978,0.0977943,0.0978918,0.0999035,0.0985877,0.100517,0.100893
0.106936,0.103925,0.105827,0.0993195,0.0961558,0.0953198,0.0993269,0.0963224,0.0984827,0.0983847
0.10729,0.103686,0.103975,0.100001,0.0954334,0.0951166,0.101411,0.0965729,0.0982388,0.0982751
0.102866,0.103463,0.104504,0.101238,0.0965984,0.0969297,0.0998504,0.0975313,0.0980904,0.0989287
0.104264,0.104283,0.105251,0.10085,0.0959667,0.0952911,0.0982185,0.0977584,0.0980158,0.100101
0.105902,0.102754,0.103306,0.0983986,0.0965572,0.0941196,0.0988521,0.098317,0.0996347,0.102159
0.104648,0.104696,0.101477,0.0994114,0.0949879,0.0941793,0.102482,0.0965936,0.0997139,0.101812
0.107139,0.102674,0.102493,0.100127,0.0968419,0.0926457,0.102469,0.0953556,0.0983271,0.101928
0.105617,0.100806,0.100841,0.097087,0.0981517,0.0962709,0.0985342,0.100917,0.101,0.100775
0.104419,0.101782,0.105466,0.0992685,0.0993843,0.0955427,0.099583,0.0951393,0.098093,0.101322
0.107466,0.102161,0.10539,0.0998046,0.0977778,0.0916884,0.100581,0.0933379,0.0976625,0.10413
0.103532,0.102016,0.102906,0.0983528,0.0981812,0.0947395,0.0981161,0.0974123,0.100142,0.104602
0.104917,0.102041,0.106476,0.0984537,0.097993,0.0920197,0.0959694,0.0962405,0.0998975,0.105992
0.104527,0.103486,0.106032,0.0986661,0.0976227,0.0912092,0.0944248,0.0973316,0.101061,0.105639
0.102959,0.10285,0.103609,0.0996071,0.0978958,0.0952862,0.0954322,0.0987531,0.100936,0.102672
0.10063,0.103908,0.104471,0.100889,0.0988336,0.0955995,0.0968828,0.096547,0.0996559,0.102584
0.0979186,0.107731,0.113276,0.108206,0.0987381,0.0934592,0.0885883,0.093072,0.0985677,0.100443
0.0989712,0.106654,0.108975,0.105179,0.0984642,0.0946637,0.0921741,0.0954248,0.0984061,0.101087
0.0983401,0.105016,0.104555,0.103352,0.0974212,0.0925532,0.095207,0.096516,0.100112,0.106928
0.098255,0.105473,0.107182,0.105073,0.0983989,0.0928281,0.0938395,0.0956465,0.0990909,0.104213
0.0988471,0.108092,0.113195,0.10723,0.0987292,0.0922995,0.0912858,0.0926945,0.096982,0.100645
0.0987587,0.106961,0.116533,0.107732,0.100429,0.0917211,0.0909655,0.0896012,0.097166,0.100132
0.100038,0.10602,0.111819,0.10525,0.0997292,0.0940129,0.0936992,0.0916764,0.0978014,0.0999538
0.107525,0.103362,0.114401,0.100559,0.10093,0.0921707,0.0971836,0.0890832,0.0979787,0.0968071
0.105445,0.102844,0.110013,0.101553,0.0987037,0.0953519,0.0995817,0.092455,0.0975649,0.0964873
0.103897,0.103167,0.108549,0.100402,0.0997067,0.0968366,0.0980681,0.092795,0.0981068,0.0984714
0.101989,0.103088,0.10146,0.100635,0.0986381,0.0998781,0.100492,0.0952739,0.0978192,0.100727
0.103868,0.10397,0.108638,0.101121,0.0990661,0.0962215,0.0992418,0.0918179,0.0975353,0.0985204
0.106799,0.102223,0.117339,0.100675,0.10102,0.0929314,0.0937339,0.0901436,0.0965396,0.0985951
0.10676,0.102014,0.114452,0.0996932,0.101753,0.0910008,0.0947555,0.09377,0.0984193,0.0973824
0.113928,0.0975433,0.118243,0.099888,0.104036,0.0850121,0.0895806,0.095119,0.0962566,0.100393
0.109731,0.0990675,0.117612,0.0997502,0.102802,0.0887523,0.0908529,0.0950843,0.0976881,0.0986594
0.113946,0.10137,0.115306,0.0974458,0.0995275,0.0889021,0.0909857,0.0969729,0.0994621,0.0960816
0.108432,0.101988,0.107501,0.098831,0.0981935,0.0932573,0.0948138,0.0978964,0.100196,0.0988899
0.114006,0.101723,0.110284,0.0964151,0.096757,0.0917596,0.0921735,0.0967881,0.0984354,0.101658
0.119316,0.102679,0.11289,0.0941283,0.0952027,0.0896967,0.0894715,0.0979014,0.0983643,0.10035
0.123832,0.100687,0.113866,0.0930506,0.0952049,0.0857128,0.0874132,0.100596,0.0995392,0.100099
0.123588,0.100596,0.114498,0.0929008,0.09544,0.08589,0.0875203,0.099707,0.0989128,0.100947
0.115696,0.101758,0.11736,0.0972885,0.0979205,0.0860126,0.0896517,0.0934376,0.0971186,0.103757
0.114316,0.101114,0.118428,0.0975722,0.0986516,0.0865173,0.0887935,0.0944724,0.0967009,0.103435
0.111368,0.102116,0.105751,0.0966262,0.0967158,0.0935651,0.0931569,0.0999668,0.100232,0.100503
0.114384,0.102756,0.102616,0.0943753,0.0961658,0.0927836,0.0955455,0.100319,0.101571,0.0994848
0.112228,0.10136,0.101249,0.0977808,0.0955188,0.0947459,0.0984492,0.101304,0.100235,0.0971304
0.105384,0.10143,0.103605,0.0997618,0.097854,0.0979018,0.0981737,0.0993163,0.099988,0.0965853
0.0998191,0.103762,0.106313,0.1037,0.0997118,0.0968665,0.0957884,0.0954074,0.098983,0.0996485
0.0979628,0.105199,0.10719,0.105864,0.0989955,0.0944006,0.0943326,0.0952292,0.0983433,0.102484
0.0983523,0.104879,0.106923,0.105042,0.098751,0.0943671,0.0945488,0.0960118,0.0984902,0.102634
0.0993685,0.103266,0.104899,0.103531,0.0994103,0.0950272,0.0960105,0.0969513,0.0997451,0.101792
0.0993978,0.101312,0.100777,0.101043,0.0993424,0.0960883,0.0996512,0.0994421,0.100611,0.102334
0.0995214,0.102344,0.102062,0.101455,0.0992333,0.0956467,0.09833,0.0986998,0.100378,0.102329
0.0997552,0.103703,0.104668,0.10262,0.0990495,0.0939289,0.096581,0.0969685,0.0998512,0.102875
0.100236,0.104932,0.107469,0.103505,0.0994148,0.0917082,0.0957372,0.0952428,0.099132,0.102623
0.0988221,0.105983,0.108321,0.104571,0.0989038,0.0909518,0.0951636,0.0946038,0.0984498,0.10423
0.102177,0.103499,0.109261,0.101663,0.0998877,0.0925941,0.0988713,0.0942887,0.0971973,0.100561
0.106671,0.103759,0.106145,0.096975,0.0982904,0.0924887,0.0978646,0.097298,0.0987104,0.101798
0.105497,0.103759,0.104002,0.0970966,0.0972209,0.0927348,0.0980292,0.0985417,0.099762,0.103357
0.100885,0.101899,0.102801,0.101089,0.0984789,0.0957904,0.100234,0.0975552,0.0989891,0.102278
0.102087,0.103023,0.102694,0.0989997,0.0985626,0.0969486,0.0991966,0.0990594,0.0997645,0.0996641
0.103336,0.103015,0.102819,0.0979881,0.0980751,0.0960361,0.0994158,0.0969399,0.100404,0.101971
0.102644,0.103654,0.100683,0.0977369,0.0971551,0.0956653,0.0994368,0.0995077,0.101186,0.102331
0.099912,0.104302,0.102266,0.100345,0.0972705,0.094094,0.0988013,0.0985413,0.100873,0.103595
0.099943,0.103547,0.100888,0.100199,0.0975287,0.0944668,0.0994989,0.0982389,0.101537,0.104152
0.0989144,0.102584,0.101468,0.10163,0.09802,0.0947539,0.0988327,0.0983481,0.100754,0.104695
0.0989789,0.102019,0.10158,0.10184,0.0982493,0.0956969,0.0985857,0.0981668,0.100285,0.104599
0.0990957,0.101748,0.10126,0.101254,0.0988158,0.0970205,0.0986979,0.0983994,0.100134,0.103574
0.103429,0.101251,0.102226,0.0991679,0.0987296,0.0967353,0.0974399,0.101124,0.100823,0.0990733
0.0989952,0.10315,0.103965,0.102933,0.098199,0.0942434,0.0977648,0.0973578,0.0993718,0.104021
0.0991012,0.103579,0.103812,0.102298,0.0990234,0.093723,0.0962379,0.0975306,0.100082,0.104614
0.0999756,0.10557,0.107871,0.103016,0.099062,0.092246,0.0941964,0.0948982,0.0998928,0.103271
0.100538,0.105489,0.109211,0.102621,0.0996883,0.0924942,0.0951296,0.0934443,0.0989929,0.102391
0.0996098,0.104968,0.114666,0.104255,0.100522,0.0913114,0.0940536,0.089139,0.0985254,0.102951
0.0999147,0.106622,0.116965,0.106475,0.10017,0.0912952,0.0913709,0.0887191,0.0983409,0.100127
0.0999235,0.104574,0.114664,0.104275,0.101261,0.0926345,0.0951507,0.0896467,0.0971466,0.100724
0.100752,0.102206,0.109618,0.102817,0.101062,0.0946462,0.096566,0.0933727,0.0983487,0.100611
0.100212,0.10071,0.104619,0.101068,0.100433,0.0980123,0.0988473,0.0963637,0.0985556,0.101177
0.100511,0.101272,0.10341,0.100975,0.0993509,0.0977763,0.0976375,0.0977568,0.100467,0.100844
0.102782,0.10258,0.106518,0.100973,0.0977933,0.0957992,0.0950859,0.096674,0.100441,0.101354
0.101877,0.102648,0.103799,0.100292,0.098179,0.0980129,0.096753,0.0979476,0.100379,0.100112
0.101992,0.102386,0.0995123,0.0996475,0.096972,0.0992031,0.0988594,0.100063,0.100674,0.100691
0.100078,0.102058,0.103184,0.101405,0.0988546,0.0974431,0.0972122,0.0977168,0.100807,0.101241
0.0997071,0.101466,0.104269,0.101976,0.0994269,0.0968336,0.0968106,0.0969571,0.100776,0.101776
0.100953,0.100996,0.105309,0.101322,0.0993001,0.0965017,0.0974875,0.0965935,0.0990572,0.102479
0.0994966,0.100032,0.106209,0.104083,0.0999032,0.0972047,0.0966698,0.0961697,0.0989989,0.101233
0.101002,0.100762,0.102422,0.101243,0.0995379,0.0980985,0.100008,0.0971035,0.0990315,0.100791
0.0996157,0.101533,0.104402,0.102118,0.0986986,0.09891,0.0984858,0.0960742,0.0989652,0.101197
0.102233,0.100767,0.106531,0.100353,0.0982258,0.0987203,0.099374,0.0927784,0.0987187,0.102299
0.102273,0.100548,0.104487,0.100032,0.0971732,0.0989006,0.0987985,0.0953138,0.0997954,0.102678
0.102644,0.100299,0.107592,0.100737,0.0977965,0.0975921,0.0978028,0.0936507,0.0992008,0.102686
0.10218,0.099243,0.110522,0.101286,0.0997011,0.0957599,0.095984,0.094614,0.0985338,0.102177
0.102167,0.101848,0.10212,0.100277,0.100494,0.0958775,0.101003,0.0954814,0.10092,0.0998119
0.10461,0.1036,0.100443,0.09793,0.0986073,0.0955734,0.0997338,0.0985944,0.101612,0.0992962
0.104229,0.100724,0.100764,0.0985055,0.101348,0.0941464,0.0998084,0.09976,0.102616,0.0980986
0.10759,0.0995558,0.103274,0.0975264,0.101466,0.0936822,0.0974274,0.0994042,0.102166,0.0979078
0.108081,0.10026,0.101914,0.0963885,0.101852,0.0927979,0.0986644,0.10017,0.103707,0.0961661
0.107287,0.100847,0.100447,0.0977806,0.10031,0.0926153,0.0982104,0.102356,0.103697,0.0964507
0.108655,0.0999401,0.103266,0.0986776,0.100421,0.0923453,0.0953113,0.102856,0.102021,0.0965055
0.105221,0.102311,0.103309,0.0999252,0.0996149,0.093944,0.0965709,0.102038,0.101729,0.095337
0.109317,0.103301,0.103751,0.0976454,0.0988148,0.093273,0.0954645,0.102285,0.102579,0.0935684
0.107621,0.101422,0.102546,0.0973261,0.0982327,0.0955095,0.096066,0.102776,0.102118,0.0963833
0.107743,0.100705,0.103831,0.0981126,0.0987496,0.0946854,0.0945192,0.102537,0.100673,0.0984442
0.109438,0.101915,0.103436,0.0991966,0.0982026,0.093431,0.0952831,0.0980135,0.098266,0.102818
0.105839,0.100643,0.0998493,0.100626,0.0976663,0.0976319,0.0993983,0.100312,0.09948,0.0985547
0.106151,0.100985,0.101179,0.102722,0.096444,0.0981342,0.0989368,0.100489,0.0982359,0.0967245
0.102506,0.101413,0.10283,0.102403,0.0967234,0.0997496,0.0957011,0.10137,0.0991668,0.0981371
0.108909,0.103679,0.101822,0.10131,0.094302,0.100105,0.0957153,0.10144,0.0965916,0.0961261
0.106548,0.103441,0.1038,0.101825,0.0948064,0.100787,0.0932475,0.102695,0.0971808,0.0956688
0.105032,0.102208,0.105374,0.103531,0.0950875,0.0993871,0.0930381,0.102173,0.0980741,0.0960949
0.102719,0.10114,0.102441,0.103053,0.0959707,0.0988277,0.097123,0.101097,0.098891,0.098737
0.101993,0.103172,0.101739,0.100241,0.0972288,0.0970841,0.0956814,0.0999767,0.101019,0.101865
0.099719,0.1044,0.105153,0.102968,0.0987384,0.0970562,0.0952245,0.0980958,0.0991779,0.0994668
0.0987717,0.103472,0.104506,0.103358,0.0989674,0.0948004,0.0957482,0.0974225,0.0996514,0.103301
0.0993057,0.103977,0.104998,0.1032,0.0988183,0.0955849,0.0954301,0.0976349,0.0994449,0.101606
0.0984391,0.10602,0.113686,0.108053,0.0994489,0.0936071,0.0916455,0.0907505,0.0982426,0.100107
0.100599,0.105888,0.115776,0.105346,0.101799,0.0913327,0.0929419,0.0883989,0.0981114,0.0998073
0.0993305,0.107916,0.124486,0.108521,0.101905,0.0877105,0.0899436,0.0834805,0.0963137,0.100393
0.101329,0.106937,0.121541,0.104295,0.102304,0.0883797,0.093502,0.085125,0.0957625,0.100825
0.111269,0.0960993,0.136123,0.101257,0.104392,0.0779585,0.0863025,0.0852098,0.0944895,0.106899
0.11161,0.0947834,0.138046,0.101549,0.104898,0.0770447,0.0853898,0.0835731,0.0944114,0.108695
0.112538,0.0940931,0.131841,0.0999807,0.10213,0.0806852,0.0864699,0.0883898,0.0965121,0.10736
0.114549,0.0937553,0.138916,0.0996773,0.100858,0.0773292,0.0829678,0.0881476,0.0957355,0.108064
0.116466,0.0951408,0.134508,0.098419,0.100292,0.078987,0.0833448,0.0912272,0.096958,0.104657
0.112299,0.0938792,0.128819,0.0998305,0.103601,0.0811315,0.0877094,0.0903143,0.0966357,0.10578
0.109348,0.0967578,0.12371,0.100101,0.0990581,0.0860127,0.0879673,0.0944053,0.0974974,0.105142
0.102882,0.10034,0.106466,0.101326,0.0980716,0.0957063,0.0962817,0.0972452,0.0995142,0.102168
0.102659,0.10092,0.104099,0.100985,0.0997313,0.0963298,0.0995219,0.0959376,0.0988491,0.100967
0.102315,0.0995422,0.118718,0.104508,0.0996822,0.0922812,0.0925194,0.0896934,0.0970115,0.10373
0.0992187,0.100229,0.112726,0.10647,0.0994202,0.097534,0.0910133,0.0947574,0.0983774,0.100254
0.0995374,0.103016,0.103619,0.102311,0.0989857,0.0979931,0.0970912,0.0973955,0.0991104,0.10094
0.0992579,0.102632,0.102541,0.10145,0.0989867,0.097473,0.0983946,0.0982863,0.0989647,0.102014
0.10145,0.103027,0.105698,0.105055,0.0980019,0.0969005,0.0977028,0.0964732,0.0978568,0.0978348
0.104901,0.103349,0.106065,0.104314,0.0962488,0.0964518,0.0996336,0.0966495,0.0972511,0.0951366
0.107751,0.103368,0.103647,0.101316,0.096202,0.0968256,0.101428,0.0971422,0.0982247,0.094094
0.105737,0.104958,0.105321,0.101398,0.0957143,0.0967205,0.103068,0.0955444,0.0977325,0.0938063
0.101524,0.105582,0.109099,0.101692,0.0983039,0.0960614,0.100116,0.0918623,0.0968896,0.0988696
0.0982523,0.105896,0.105979,0.103418,0.0976188,0.0945488,0.0974146,0.0959435,0.0976763,0.103252
0.0985804,0.105586,0.104876,0.102603,0.0974349,0.0951778,0.0979687,0.0964664,0.0983114,0.102995
0.100849,0.104484,0.107176,0.101062,0.0985246,0.0954626,0.101013,0.0928813,0.0980979,0.100451
0.104069,0.104948,0.10976,0.0986335,0.100907,0.0939146,0.100356,0.0898574,0.0989831,0.0985722
0.106603,0.101071,0.112859,0.0988724,0.103197,0.0913666,0.0971863,0.0910139,0.0993793,0.0984515
0.107037,0.101442,0.114388,0.0991632,0.103404,0.0910428,0.096571,0.0895878,0.0997816,0.0975837
0.106017,0.101621,0.114858,0.100331,0.102676,0.0928079,0.0958368,0.0889001,0.0983992,0.0985523
0.102435,0.10451,0.113949,0.102774,0.101406,0.0939206,0.0960464,0.0884068,0.0975627,0.0989893
0.102966,0.103324,0.111109,0.101074,0.101695,0.094954,0.0967704,0.0909774,0.098746,0.0983846
0.107267,0.100961,0.113469,0.099871,0.102693,0.0908462,0.0943373,0.0917285,0.0990981,0.099728
0.10965,0.0994129,0.122815,0.100917,0.103018,0.086726,0.0899419,0.0889015,0.0963052,0.102313
0.109455,0.0993448,0.115861,0.0994422,0.102209,0.0880519,0.0930073,0.092495,0.0977267,0.102407
0.107049,0.0988095,0.113794,0.0993602,0.101023,0.0894789,0.0940516,0.0951883,0.097843,0.103403
0.105658,0.101161,0.10537,0.0994433,0.100556,0.0926462,0.0975944,0.0968838,0.098732,0.101955
0.105345,0.0993444,0.109152,0.0987659,0.0998049,0.0946317,0.0974733,0.094197,0.0981998,0.103086
0.110998,0.101117,0.104121,0.101824,0.0960272,0.0949447,0.10491,0.0929839,0.0962479,0.0968263
0.106817,0.101118,0.10399,0.101721,0.0974263,0.0967509,0.102997,0.0938766,0.0968493,0.0984538
0.106346,0.101275,0.104574,0.102692,0.0977307,0.0970119,0.10308,0.0924654,0.0963208,0.0985029
0.116,0.100424,0.113053,0.0992489,0.0981257,0.0886979,0.100444,0.0892742,0.0945559,0.100176
0.116033,0.0958953,0.12099,0.0960216,0.100534,0.0847139,0.0912582,0.0948396,0.098182,0.101533
0.117595,0.0970629,0.12296,0.0970216,0.0993133,0.0844931,0.0876162,0.097766,0.0970495,0.099122
0.114393,0.0957294,0.123983,0.0978309,0.102246,0.0825013,0.0901151,0.0938346,0.0975736,0.101793
0.126001,0.0927112,0.13367,0.0943211,0.101745,0.0748029,0.0821032,0.0967219,0.0968993,0.101024
0.127365,0.092116,0.142164,0.0953584,0.102776,0.0717538,0.0787763,0.0935392,0.0935891,0.102562
0.129257,0.0919242,0.137236,0.0941814,0.100836,0.0720573,0.079097,0.0923881,0.094905,0.108118
0.128186,0.0930956,0.120445,0.0922008,0.0998203,0.0765655,0.0836079,0.100271,0.103212,0.102596
0.120318,0.0941219,0.119475,0.0962223,0.101894,0.0795755,0.0875934,0.0962059,0.100651,0.103942
0.117237,0.0974699,0.11382,0.0979551,0.0998968,0.0856732,0.0858792,0.0998977,0.102343,0.099827
0.115852,0.0980237,0.119258,0.0996878,0.0998173,0.0844274,0.0840551,0.0972494,0.0999738,0.101656
0.123111,0.0966597,0.130453,0.0963612,0.0996836,0.0763248,0.0823543,0.0939479,0.0965382,0.104566
0.108573,0.0979646,0.110708,0.102412,0.0999176,0.0910576,0.0902003,0.100168,0.101097,0.0979018
0.104337,0.100694,0.104502,0.101134,0.0993689,0.0953485,0.0972453,0.0979603,0.0995162,0.0998947
0.100802,0.101996,0.103883,0.101339,0.0998209,0.0976642,0.0974955,0.0973343,0.0991119,0.100554
0.100074,0.10089,0.106649,0.104179,0.100995,0.0948292,0.0964479,0.0958822,0.0990936,0.10096
0.101179,0.100122,0.103975,0.10075,0.0998111,0.0965697,0.0980631,0.0977855,0.0993223,0.102422
0.101259,0.102068,0.104954,0.100851,0.0989861,0.0953782,0.0970007,0.0963287,0.0999947,0.103179
0.103127,0.101454,0.110048,0.101646,0.0997764,0.0931877,0.0944246,0.0964437,0.0984069,0.101486
0.104648,0.100485,0.11316,0.101603,0.100184,0.0903018,0.0930626,0.0956747,0.0976992,0.103182
0.104447,0.0999198,0.101998,0.0982651,0.0983506,0.0971176,0.0973863,0.10173,0.101329,0.0994574
0.0996068,0.100754,0.100567,0.100757,0.0993001,0.0982299,0.0995442,0.0993605,0.100151,0.10173
0.104164,0.100732,0.100347,0.0993034,0.0988222,0.0962331,0.0976588,0.101907,0.100651,0.100182
0.106914,0.101546,0.103734,0.0987878,0.0985607,0.0943846,0.0952999,0.101691,0.0994641,0.0996193
0.103066,0.102956,0.102641,0.099382,0.0977488,0.0985004,0.0972938,0.100059,0.0999042,0.0984498
0.111205,0.103616,0.103715,0.0978514,0.0965895,0.0921515,0.0930746,0.103149,0.100619,0.0980292
0.106188,0.103258,0.101618,0.0992517,0.0978913,0.0951462,0.0963311,0.10133,0.100235,0.0987512
0.1136,0.102751,0.107582,0.0985322,0.098787,0.0878757,0.0915786,0.102107,0.098869,0.0983178
0.105615,0.0986617,0.106837,0.0995857,0.100162,0.0928798,0.0952139,0.0988144,0.0997262,0.102504
0.105395,0.0961218,0.117926,0.100298,0.0998329,0.0907361,0.0926137,0.0927353,0.0988568,0.105484
0.101328,0.0997678,0.108543,0.102185,0.0988382,0.095624,0.0957584,0.0956039,0.0995465,0.102805
0.101398,0.100032,0.10818,0.101657,0.10053,0.0958613,0.097479,0.0941512,0.0984505,0.102262
0.104125,0.101032,0.108111,0.100507,0.0989423,0.0943605,0.0965883,0.0948322,0.0976937,0.103808
0.103173,0.102209,0.106693,0.099711,0.0994601,0.0951369,0.0987439,0.0937124,0.0973705,0.10379
0.103886,0.103106,0.10754,0.0992458,0.0991857,0.0965468,0.0974984,0.0943985,0.0975141,0.101079
0.100243,0.104235,0.105652,0.101067,0.0991423,0.0952007,0.0974184,0.0951572,0.0986122,0.103272
0.102076,0.1031,0.10552,0.101855,0.0976196,0.09488,0.100244,0.0948881,0.0974259,0.102391
0.100553,0.105263,0.105595,0.101945,0.0967053,0.091964,0.0979942,0.0948362,0.0992781,0.105866
0.105689,0.102461,0.104004,0.101551,0.0960389,0.0946849,0.101381,0.096543,0.09689,0.100757
0.100739,0.101835,0.102829,0.103018,0.0974093,0.099853,0.0991863,0.0981578,0.0978754,0.0990975
0.101784,0.103254,0.103917,0.103725,0.0967232,0.0951918,0.101443,0.0960015,0.0974336,0.100526
0.101462,0.103809,0.102973,0.103291,0.0962477,0.0936871,0.100879,0.0961718,0.0987526,0.102726
0.0988736,0.102238,0.102234,0.104258,0.0981727,0.0967019,0.0979111,0.0980538,0.0996553,0.101902
0.100278,0.101619,0.103047,0.104416,0.0983175,0.0983715,0.098206,0.0984399,0.0988784,0.0984257
0.100231,0.101816,0.103592,0.104886,0.0982598,0.0981785,0.0977025,0.0982439,0.0987957,0.0982943
0.100248,0.1007,0.10108,0.10207,0.0985603,0.0988134,0.0995975,0.0993435,0.0997873,0.0997998
0.0995649,0.101239,0.101259,0.101655,0.0985935,0.0972481,0.0989587,0.099087,0.100224,0.102171
0.0993743,0.101148,0.101282,0.101461,0.0991239,0.0975501,0.0990561,0.0993316,0.100077,0.101596
0.099532,0.100787,0.101171,0.101958,0.098684,0.0976546,0.099372,0.0994478,0.100164,0.101229
0.0990593,0.100777,0.100825,0.101245,0.0996069,0.0979634,0.0994699,0.0997042,0.100102,0.101247
0.0996919,0.100503,0.101124,0.100627,0.0999159,0.0991701,0.0995736,0.0996091,0.0996248,0.100162
0.102101,0.101262,0.102487,0.101356,0.0977871,0.10021,0.0973132,0.100831,0.0986587,0.097994
0.101404,0.101336,0.101747,0.100467,0.0990108,0.0999465,0.0976676,0.100051,0.0995267,0.0988431
0.100277,0.100256,0.100918,0.100402,0.0999143,0.0994114,0.0990368,0.100042,0.10007,0.0996726
0.112801,0.0958937,0.113484,0.0966487,0.100009,0.0883365,0.0914415,0.0988561,0.099344,0.103186
0.110407,0.0977115,0.107465,0.0977037,0.100653,0.0900243,0.0945793,0.0986919,0.0998629,0.102901
0.112636,0.100269,0.105353,0.0981823,0.0985468,0.0902199,0.0927741,0.10013,0.0996485,0.102241
0.124169,0.0937361,0.121523,0.095731,0.100629,0.0789684,0.0855993,0.094079,0.0987331,0.106832
0.118397,0.0940146,0.124124,0.0992448,0.0997591,0.0839607,0.0839447,0.093226,0.0990572,0.104272
0.102178,0.101276,0.106741,0.104331,0.100071,0.0967777,0.0925568,0.0976403,0.0993264,0.0991027
0.107622,0.0970096,0.115006,0.103851,0.102546,0.0920034,0.0872172,0.0941704,0.0976869,0.102887
0.110238,0.0957726,0.11984,0.102922,0.101977,0.0895324,0.0854241,0.0928782,0.0971739,0.104242
0.105553,0.0993208,0.109427,0.101326,0.101055,0.095141,0.0912592,0.0972037,0.0996468,0.100067
0.103131,0.101245,0.107009,0.101904,0.10019,0.0966908,0.0924808,0.0983515,0.100751,0.0982463
0.0969318,0.107155,0.108563,0.10804,0.0978002,0.0920703,0.0915044,0.0954191,0.0989416,0.103574
0.0985557,0.106169,0.107934,0.106072,0.0987251,0.0933984,0.0932737,0.095645,0.0990502,0.101177
0.100073,0.104029,0.107002,0.10309,0.100585,0.0938116,0.0956667,0.0955026,0.0996658,0.100574
0.0998884,0.104135,0.104374,0.102241,0.0985845,0.0913202,0.0970066,0.0968295,0.100661,0.10496
0.099062,0.103514,0.101425,0.101666,0.0980748,0.0926742,0.0984994,0.0980673,0.10139,0.105627
0.103808,0.0990221,0.100013,0.0990695,0.0998211,0.0949662,0.0982706,0.101757,0.101927,0.101346
0.106194,0.10084,0.102447,0.0985983,0.0989,0.0950472,0.09612,0.102099,0.101014,0.09874
0.100496,0.102351,0.102064,0.100659,0.0993322,0.0959511,0.0988697,0.0991669,0.100324,0.100787
0.105725,0.100568,0.100338,0.0974847,0.0984895,0.0970039,0.097874,0.102518,0.101661,0.0983377
0.109954,0.0997397,0.104826,0.0983091,0.0980143,0.0924949,0.0931437,0.10327,0.100815,0.099434
0.116755,0.0969516,0.111383,0.0967802,0.0983945,0.0850045,0.0893901,0.103393,0.101337,0.100609
0.106325,0.101215,0.106595,0.100382,0.0985717,0.0916129,0.0950996,0.0977619,0.101493,0.100945
0.0999376,0.103407,0.105186,0.103098,0.0980886,0.0956076,0.0960779,0.0970541,0.100765,0.100779
0.0995348,0.103987,0.105067,0.103173,0.0989694,0.0947828,0.0971282,0.0963864,0.0988811,0.102091
0.0991225,0.105097,0.107354,0.104351,0.0989681,0.0939046,0.096116,0.0943819,0.0980307,0.102674
0.0996823,0.104342,0.107175,0.10399,0.0983985,0.09464,0.0960417,0.0946159,0.0994419,0.101673
0.0999029,0.103989,0.107448,0.103852,0.0986202,0.0945976,0.0957395,0.0949968,0.100091,0.100763
0.100685,0.105239,0.110981,0.104883,0.0982762,0.0924969,0.0935871,0.093205,0.100723,0.0999231
0.1015,0.10263,0.109646,0.102857,0.0989904,0.0923616,0.0953823,0.0948455,0.100779,0.101009
0.100818,0.104722,0.109701,0.103219,0.0989842,0.0937705,0.0953258,0.0933639,0.0997854,0.10031
0.100451,0.104771,0.107209,0.102735,0.0991085,0.0954132,0.0953138,0.0952441,0.0992367,0.100518
0.0986885,0.103796,0.108844,0.105592,0.0985517,0.0971619,0.093262,0.094899,0.0995861,0.0996187
0.0984699,0.103079,0.107354,0.104776,0.0988612,0.097755,0.0944709,0.0954386,0.0994813,0.100314
0.101365,0.0993686,0.127004,0.107282,0.0997892,0.091405,0.085203,0.0882667,0.0963337,0.103983
0.113274,0.0953466,0.127305,0.0982284,0.0986376,0.0847605,0.0855802,0.0934946,0.0981496,0.105223
0.107364,0.102236,0.104182,0.0978379,0.0977702,0.0967336,0.0946983,0.0999836,0.0995827,0.099612
0.105539,0.102901,0.107515,0.101087,0.0994813,0.0945984,0.0931262,0.0975727,0.0990587,0.099122
0.109357,0.101325,0.102165,0.099183,0.0967972,0.0964511,0.0955682,0.101876,0.0998582,0.0974187
0.108416,0.100982,0.102656,0.100553,0.0966113,0.0970569,0.0952127,0.102088,0.0999561,0.0964678
0.105058,0.101027,0.101974,0.102788,0.0968608,0.0985232,0.0974362,0.100667,0.0988545,0.0968118
0.106341,0.101322,0.100136,0.0975728,0.0971684,0.0987636,0.0992856,0.100807,0.10062,0.0979841
0.102262,0.10305,0.102013,0.0983096,0.0988292,0.0976193,0.100199,0.0976351,0.100327,0.0997552
0.104827,0.103406,0.100778,0.0974537,0.0979687,0.0924387,0.100477,0.0963922,0.100852,0.105407
0.105704,0.103134,0.10009,0.0969315,0.0955473,0.0937307,0.0987168,0.101,0.101902,0.103243
0.105701,0.103445,0.0997834,0.0969884,0.0954254,0.0929184,0.0997604,0.0995588,0.101598,0.104822
0.111709,0.099941,0.0997301,0.0944768,0.0973645,0.0895914,0.0965721,0.104113,0.101298,0.105204
0.112609,0.0987185,0.101791,0.0957236,0.0976726,0.0893068,0.093354,0.107603,0.10094,0.102282
0.110842,0.0993977,0.0997279,0.0980224,0.0990037,0.0911635,0.0954325,0.102987,0.100499,0.102924
0.111616,0.098843,0.101442,0.0956138,0.0974291,0.0913239,0.0942815,0.104757,0.100744,0.10395
0.114485,0.0983429,0.110065,0.0980489,0.100243,0.0881189,0.0895172,0.100137,0.0983368,0.102705
0.115103,0.102031,0.105834,0.0985784,0.097863,0.0901943,0.0914205,0.096796,0.0969052,0.105275
0.110547,0.102053,0.103428,0.0996073,0.0968568,0.0959298,0.0930423,0.0989391,0.0990734,0.100523
0.110122,0.1012,0.104395,0.0965328,0.0976419,0.093928,0.093188,0.101839,0.101085,0.100069
0.105722,0.101878,0.105306,0.099788,0.0993802,0.0960623,0.0940266,0.0984549,0.100534,0.0988483
0.100642,0.103248,0.10563,0.103494,0.0995374,0.0968809,0.0954532,0.0972943,0.0995779,0.0982422
0.0999479,0.101298,0.102542,0.102549,0.0988773,0.0968647,0.0984887,0.0988887,0.100127,0.100416
0.0993673,0.10223,0.102173,0.10163,0.0989943,0.0968936,0.0979542,0.0985507,0.0999562,0.10225
0.0992178,0.103061,0.103589,0.101682,0.0983124,0.0957176,0.0983683,0.0977644,0.0991538,0.103134
0.0988121,0.103533,0.105326,0.102451,0.0981441,0.096227,0.099487,0.0964183,0.0976465,0.101956
0.0996086,0.102963,0.105939,0.102428,0.0989294,0.0944093,0.0997214,0.0953352,0.0977741,0.102892
0.102306,0.10295,0.109128,0.100736,0.100401,0.0928956,0.0982785,0.0924145,0.0971651,0.103725
0.104186,0.101481,0.108774,0.100593,0.100074,0.0906302,0.0975246,0.0947946,0.0982015,0.103741
0.105396,0.104511,0.108197,0.0996944,0.0981404,0.0907235,0.0952084,0.0949462,0.0988116,0.10437
0.103992,0.104524,0.107088,0.0997379,0.0976289,0.0907556,0.0947293,0.0953884,0.100218,0.105937
0.109163,0.105663,0.109218,0.0992262,0.0951502,0.0902385,0.0911574,0.0975031,0.0996944,0.102987
0.104737,0.106805,0.10852,0.102139,0.0957468,0.0945836,0.0910004,0.0970747,0.0987603,0.100633
0.102519,0.106131,0.106876,0.10337,0.0956837,0.0939093,0.0939096,0.096272,0.0995718,0.101757
0.10179,0.105209,0.105818,0.103148,0.0961632,0.095856,0.0940049,0.0972261,0.0997029,0.101082
0.101166,0.103308,0.105982,0.104613,0.0968488,0.0975047,0.0951468,0.0986244,0.0988361,0.0979702
0.103488,0.103729,0.105673,0.102834,0.0970024,0.0977519,0.0942646,0.0986865,0.0996139,0.0969567
0.101628,0.103608,0.10527,0.10363,0.0975463,0.0985359,0.0943221,0.0984327,0.0993277,0.097699
0.104674,0.102721,0.104417,0.1035,0.0965287,0.0980505,0.0954749,0.0994929,0.0989178,0.0962222
0.105462,0.101841,0.100758,0.099236,0.0959657,0.0965612,0.0994072,0.100667,0.100466,0.0996367
0.101199,0.102191,0.100582,0.0990188,0.0981954,0.0966333,0.0997528,0.0997108,0.10086,0.101856
0.103172,0.101546,0.10166,0.098947,0.0994546,0.0958443,0.0983826,0.101275,0.100392,0.0993266
0.100189,0.102332,0.1042,0.100505,0.0999904,0.0974612,0.0990916,0.0968913,0.0984216,0.100917
0.101257,0.103278,0.108057,0.100507,0.101468,0.0930937,0.0971845,0.0949174,0.0989361,0.101301
0.105667,0.102123,0.110133,0.101449,0.101019,0.0912071,0.0917828,0.0958066,0.101999,0.0988146
0.116429,0.0967286,0.114554,0.0978431,0.0990814,0.0881448,0.0855222,0.100676,0.0988544,0.102166
0.121943,0.095749,0.1187,0.0958748,0.0997203,0.0830757,0.0836936,0.100501,0.097952,0.10279
0.118395,0.0952977,0.117146,0.096642,0.100668,0.0843004,0.0858828,0.100225,0.0981208,0.103322
0.112026,0.0964841,0.115636,0.0992956,0.102675,0.0858997,0.0907704,0.0950379,0.0991691,0.103006
0.107363,0.097158,0.122912,0.107352,0.103578,0.0861543,0.0871296,0.089864,0.0966259,0.101863
0.109965,0.0962822,0.129207,0.105214,0.105951,0.0816263,0.085425,0.0863952,0.0942186,0.105715
0.108747,0.0966295,0.11745,0.10455,0.102336,0.0884677,0.0904342,0.0927573,0.0969452,0.101682
0.106324,0.0970696,0.12171,0.103686,0.102769,0.0886568,0.0884161,0.0900772,0.0961709,0.105121
0.104294,0.0979045,0.11409,0.101782,0.101028,0.0919256,0.0930153,0.0929852,0.098359,0.104616
0.107397,0.096797,0.107808,0.0989594,0.101581,0.0913613,0.0958454,0.0966784,0.100939,0.102634
0.104491,0.0993855,0.105104,0.100171,0.0977659,0.0950785,0.0962406,0.098399,0.100378,0.102988
0.100591,0.100814,0.101109,0.100728,0.0991583,0.0986116,0.0990661,0.0990003,0.0997879,0.101132
0.101431,0.101106,0.100216,0.0999598,0.0988418,0.0987877,0.0999341,0.0988858,0.0998045,0.101033
0.101816,0.100798,0.0991309,0.100992,0.0989791,0.0978743,0.101077,0.0988383,0.100155,0.100339
0.101615,0.101026,0.100311,0.101569,0.0989327,0.0976127,0.100887,0.098853,0.0996559,0.0995378
0.102201,0.100515,0.100305,0.100523,0.0990854,0.098608,0.0989112,0.100273,0.0999696,0.0996101
0.103856,0.10024,0.100764,0.0988882,0.0989404,0.0974778,0.098149,0.101452,0.100973,0.099259
0.10829,0.101277,0.102793,0.0983608,0.0973375,0.0942721,0.0952707,0.102466,0.101166,0.0987665
0.106775,0.0995435,0.102452,0.09784,0.0983194,0.0960702,0.0960685,0.102798,0.101409,0.0987237
0.100504,0.101155,0.101622,0.101587,0.0989804,0.0970859,0.0992277,0.0991737,0.100232,0.100431
0.100094,0.101509,0.101629,0.10121,0.0990136,0.0968897,0.0991287,0.0991002,0.100296,0.101129
0.0999787,0.101705,0.100726,0.100586,0.0990398,0.0952518,0.099667,0.098005,0.100504,0.104537
0.103423,0.101775,0.100938,0.102816,0.0967884,0.0957766,0.0996346,0.0988519,0.0998388,0.100158
0.0992431,0.10355,0.101646,0.102658,0.0973179,0.0911993,0.0996548,0.0964544,0.100705,0.107571
0.0987532,0.104158,0.102081,0.102774,0.0972093,0.0899383,0.0992662,0.0957674,0.100815,0.109238
0.101248,0.103218,0.103353,0.104325,0.0974529,0.0936628,0.0983312,0.0971035,0.0998788,0.101427
0.100769,0.103667,0.105715,0.105272,0.0971188,0.0937929,0.0960207,0.0969444,0.0997548,0.100945
0.0980619,0.105861,0.106963,0.105945,0.0966382,0.0922818,0.0925054,0.096199,0.0998494,0.105695
0.0999346,0.105181,0.107154,0.10497,0.0973175,0.0952307,0.0938244,0.0966614,0.0987801,0.100946
0.100475,0.103254,0.105325,0.103611,0.0982771,0.0967794,0.0956802,0.0976459,0.099278,0.0996744
0.100637,0.103051,0.105412,0.104414,0.0976373,0.0979777,0.0962474,0.0977374,0.0984947,0.0983907
0.102552,0.101651,0.103742,0.104315,0.0977546,0.0976932,0.0982963,0.0983194,0.0985589,0.0971172
0.1067,0.0998486,0.104858,0.0978286,0.0995727,0.0947236,0.0967872,0.0991573,0.099961,0.100564
0.119403,0.0974687,0.111916,0.0939948,0.0982531,0.0852191,0.0888834,0.10527,0.101238,0.0983548
0.122545,0.0976926,0.113574,0.0928771,0.0983155,0.0827613,0.0887812,0.103219,0.101232,0.0990022
0.113369,0.0988417,0.105558,0.0950347,0.0984539,0.0896237,0.0935933,0.103505,0.102166,0.0998552
0.118987,0.0994344,0.106268,0.0935898,0.0959235,0.0881106,0.0900859,0.107734,0.103058,0.0968091
0.112666,0.100155,0.104442,0.0958635,0.096524,0.0922942,0.0926602,0.105514,0.102203,0.0976785
0.104128,0.101484,0.101773,0.0995356,0.0992782,0.0972512,0.0973258,0.10046,0.10109,0.0976741
0.107871,0.100088,0.103091,0.0987711,0.0989156,0.0940215,0.0952539,0.102164,0.100815,0.0990095
0.105717,0.101489,0.100716,0.0989368,0.0990149,0.0949356,0.0979611,0.100823,0.101882,0.0985245
0.105701,0.0994515,0.104973,0.0993881,0.0988567,0.094029,0.0968793,0.0991229,0.101065,0.100533
0.102374,0.100104,0.0999407,0.0989662,0.0994624,0.0981081,0.0994868,0.100986,0.101113,0.099458
0.102794,0.100165,0.100345,0.0988084,0.0992165,0.0982318,0.0989407,0.101189,0.100862,0.0994483
0.106413,0.101855,0.100669,0.0985525,0.0978274,0.0956852,0.0969337,0.10218,0.101541,0.0983437
0.107794,0.101303,0.104418,0.0981364,0.099075,0.0935485,0.0961313,0.100906,0.10075,0.0979377
0.11028,0.102873,0.105305,0.0985812,0.0986844,0.0911346,0.0938509,0.101161,0.100151,0.0979791
0.113667,0.10591,0.10828,0.0972564,0.096514,0.0896547,0.0915194,0.100985,0.0988538,0.0973597
0.114796,0.102381,0.112401,0.0979417,0.0983004,0.0869094,0.0888294,0.101872,0.0974956,0.0990747
0.111457,0.100438,0.110925,0.0974173,0.0998792,0.0892097,0.091193,0.101032,0.0989179,0.0995308
0.112467,0.0982029,0.10883,0.096452,0.0999768,0.0860171,0.0914315,0.103481,0.100942,0.102199
0.110623,0.0989566,0.103314,0.0965353,0.0981719,0.0890302,0.0934109,0.106084,0.10184,0.102034
0.106908,0.100813,0.0988055,0.0969328,0.0990169,0.0922436,0.100863,0.0985838,0.0998742,0.105959
0.108528,0.100395,0.107376,0.0966599,0.0997501,0.0908558,0.0972111,0.0959846,0.0999104,0.103329
0.106428,0.10252,0.104914,0.0973862,0.0985897,0.0921221,0.0990386,0.0936556,0.0998769,0.105469
0.105396,0.101345,0.102711,0.0981405,0.100297,0.0912908,0.10117,0.0936313,0.0991888,0.10683
0.101817,0.103517,0.109672,0.0999439,0.10055,0.0939289,0.0978885,0.0918044,0.0968162,0.104063
0.103329,0.104823,0.11431,0.101216,0.100634,0.090959,0.095491,0.0895321,0.0960309,0.103676
0.108808,0.102456,0.114004,0.0982715,0.100099,0.0900449,0.0949152,0.0912482,0.0974158,0.102738
0.106477,0.101396,0.101311,0.0977621,0.100945,0.0922061,0.101895,0.0939797,0.0995934,0.104435
0.104501,0.102931,0.102459,0.0995711,0.0976962,0.094238,0.101231,0.0948432,0.0986727,0.103857
0.104587,0.101477,0.104626,0.09855,0.0990354,0.0939282,0.0980749,0.0967318,0.0996829,0.103307
0.105108,0.101783,0.103471,0.0976487,0.0983322,0.0942666,0.0982326,0.0975302,0.100458,0.103169
0.105112,0.101777,0.101552,0.0973802,0.0978079,0.0958575,0.0981167,0.100977,0.100702,0.100717
0.104623,0.101921,0.101831,0.0980133,0.0982176,0.0960028,0.0972682,0.101074,0.101075,0.0999751
0.103517,0.102393,0.100308,0.0980052,0.097224,0.0968236,0.0983369,0.100466,0.101503,0.101423
0.100964,0.101836,0.0993243,0.0992019,0.0980784,0.0945974,0.100057,0.0998793,0.101844,0.104217
0.0993974,0.102196,0.101403,0.101831,0.0975371,0.0951783,0.0991016,0.0983945,0.100717,0.104244
0.0984589,0.103448,0.102773,0.103228,0.0967481,0.0918565,0.0979573,0.0972449,0.100694,0.107591
0.0981536,0.104575,0.105129,0.103917,0.0981136,0.0955698,0.0961993,0.0966392,0.0985415,0.103163
0.0978384,0.105065,0.107831,0.105648,0.0983665,0.095384,0.0956809,0.0951947,0.0971449,0.101846
0.0993184,0.102758,0.104445,0.10258,0.0990974,0.098077,0.0981695,0.0968573,0.0982559,0.100441
0.0986034,0.104095,0.106778,0.104391,0.0988739,0.0962987,0.096408,0.0959578,0.0977034,0.10089
0.0989722,0.103524,0.105232,0.103326,0.0988384,0.0973752,0.0973557,0.0964412,0.0979957,0.10094
0.0987135,0.103323,0.103768,0.103415,0.0984727,0.0963509,0.0967693,0.0972869,0.0992226,0.102679
0.0988601,0.10281,0.103902,0.10315,0.0992213,0.0974691,0.0969855,0.0975943,0.0988192,0.101189
0.0996748,0.102532,0.10312,0.102028,0.0992351,0.0984433,0.0972872,0.097747,0.0993564,0.100576
0.0998637,0.10192,0.106311,0.104079,0.0986995,0.095699,0.0955316,0.0961744,0.10006,0.101661
0.104033,0.0983151,0.112645,0.102125,0.0993442,0.092525,0.0936609,0.0944718,0.0994759,0.103404
0.0997939,0.101277,0.106887,0.102219,0.100916,0.0949498,0.0975183,0.0952846,0.0989435,0.102212
0.102274,0.10018,0.10188,0.0994669,0.0993997,0.0979321,0.0981327,0.100704,0.100022,0.100009
0.100973,0.100846,0.0999543,0.10026,0.0995266,0.0983707,0.100595,0.0984966,0.0999155,0.101062
0.107235,0.0994044,0.106942,0.0998793,0.101293,0.0938053,0.095201,0.0966793,0.098064,0.101496
0.104987,0.101767,0.105491,0.100526,0.101526,0.0943576,0.0996684,0.0918106,0.0981803,0.101686
0.110821,0.0978274,0.124726,0.100165,0.102424,0.085743,0.0885924,0.092793,0.0948189,0.102089
0.118117,0.095592,0.132148,0.0986983,0.104822,0.0786002,0.082789,0.0935121,0.0942268,0.101494
0.108417,0.102282,0.107161,0.0979546,0.0994505,0.092653,0.0966963,0.0960893,0.0970656,0.10223
0.109332,0.104054,0.100699,0.0982607,0.0986781,0.0921846,0.104018,0.0917979,0.0975386,0.103437
0.110196,0.101476,0.109175,0.0991781,0.101698,0.087402,0.0963375,0.0933008,0.0954797,0.105758
0.10636,0.102709,0.103792,0.100064,0.0999873,0.0933046,0.101753,0.0931613,0.0967016,0.102167
0.107661,0.0987245,0.124326,0.102525,0.103899,0.0850833,0.0925691,0.0869104,0.094185,0.104117
0.0996621,0.10319,0.115941,0.10441,0.102653,0.0908235,0.0953885,0.0886742,0.0972307,0.102027
0.101724,0.103483,0.12628,0.106694,0.103099,0.0861423,0.0907732,0.0839605,0.0948153,0.103028
0.0980886,0.10555,0.120099,0.107611,0.102718,0.0898553,0.0916365,0.0858601,0.0966174,0.101965
0.0982408,0.104869,0.118723,0.108461,0.100357,0.092202,0.0912143,0.0877468,0.0976622,0.100524
0.0987401,0.104922,0.110916,0.105181,0.100491,0.0936578,0.0942318,0.092281,0.0977932,0.101786
0.0991082,0.103284,0.108901,0.104421,0.100491,0.0947344,0.0958039,0.0933423,0.098389,0.101525
0.0993456,0.102122,0.103018,0.101233,0.0992845,0.0969387,0.0986385,0.0965686,0.0993766,0.103474
0.0991184,0.102382,0.105022,0.102047,0.0996713,0.095607,0.0978274,0.0951116,0.099225,0.103988
0.0996483,0.102193,0.103296,0.101098,0.0992635,0.0972646,0.0984947,0.0963294,0.0994501,0.102963
0.100784,0.10046,0.101462,0.100806,0.0999086,0.0984201,0.0996953,0.099328,0.0995503,0.099586
0.102632,0.101551,0.101885,0.100211,0.099069,0.0989415,0.100048,0.0977064,0.0981998,0.0997573
0.102599,0.10017,0.101364,0.0995176,0.0993976,0.0981851,0.0983583,0.100473,0.0999384,0.0999959
0.10813,0.100819,0.104754,0.0984637,0.0973321,0.0932438,0.094366,0.102571,0.100743,0.0995775
0.106576,0.101135,0.102412,0.0986647,0.0975897,0.0951742,0.0958643,0.102307,0.101171,0.0991067
0.105191,0.100655,0.101386,0.0988563,0.0984209,0.0964136,0.0970932,0.101923,0.100944,0.0991159
0.106844,0.103546,0.100113,0.0985772,0.096999,0.0946078,0.0971056,0.102025,0.102282,0.097901
0.107116,0.103289,0.101563,0.0985074,0.0965965,0.0948105,0.0962466,0.101611,0.10147,0.0987899
0.101111,0.101825,0.102134,0.100514,0.0994203,0.0967938,0.09844,0.0993904,0.1006,0.0997716
0.106739,0.102331,0.102732,0.0977249,0.0988447,0.0954434,0.0963689,0.100275,0.102508,0.0970336
0.110089,0.101746,0.102686,0.0960145,0.0971902,0.0948556,0.0953032,0.10352,0.103041,0.0955546
0.106296,0.102158,0.104674,0.102015,0.0968574,0.0975167,0.0943424,0.101455,0.0993976,0.0952878
0.102447,0.103494,0.106038,0.103362,0.0986252,0.0959664,0.0956753,0.0976169,0.100142,0.0966334
0.101934,0.103743,0.107875,0.108043,0.0970056,0.0956898,0.0951205,0.0961884,0.0983053,0.0960946
0.10318,0.10303,0.106605,0.105593,0.0975233,0.097154,0.0946305,0.098046,0.0985658,0.0956733
0.102517,0.102423,0.104805,0.10366,0.0984086,0.0977908,0.0958897,0.0983124,0.0991452,0.0970473
0.101076,0.104539,0.107666,0.104946,0.0981245,0.0976743,0.0931929,0.0968447,0.0987649,0.0971706
0.100351,0.104358,0.105596,0.103138,0.0993216,0.0960749,0.0938604,0.0970496,0.0998972,0.100353
0.109805,0.0979208,0.107476,0.0994607,0.100393,0.0902596,0.0959112,0.0982746,0.100905,0.0995942
0.108683,0.0988168,0.1174,0.100276,0.100697,0.0904317,0.0913169,0.0935242,0.0972921,0.101563
0.10528,0.0995171,0.111015,0.100621,0.101538,0.0932044,0.0949775,0.095077,0.0987029,0.100067
0.105061,0.0992691,0.117032,0.100965,0.100622,0.0913938,0.0929777,0.0936184,0.0972064,0.101855
0.104961,0.0995541,0.117702,0.101348,0.0999121,0.0937379,0.0920908,0.0921622,0.0959008,0.102631
0.102212,0.0995506,0.106256,0.100126,0.100245,0.0954362,0.0973555,0.0981552,0.0990212,0.101641
0.102708,0.0994527,0.104019,0.0999281,0.100331,0.0951299,0.0982863,0.0981618,0.099696,0.102287
0.105116,0.0993578,0.110379,0.100437,0.101998,0.0919519,0.0965197,0.095058,0.097084,0.102099
0.108337,0.0989416,0.111583,0.0988385,0.0988899,0.0918715,0.0927503,0.099637,0.0981875,0.100964
0.114075,0.09986,0.111969,0.0972929,0.0987439,0.0880546,0.0900406,0.101829,0.098692,0.0994431
0.104619,0.101762,0.101928,0.0987173,0.0971885,0.0965859,0.0973598,0.10049,0.101675,0.0996739
0.0999316,0.101872,0.102169,0.100665,0.0991703,0.0995715,0.0991869,0.0989158,0.098951,0.099567
0.100956,0.101953,0.102451,0.10012,0.0990758,0.0988271,0.0988261,0.0994974,0.0991926,0.0991011
0.106087,0.100656,0.107079,0.0984097,0.0995406,0.0950184,0.0948917,0.0998185,0.0993622,0.0991372
0.103333,0.102013,0.103676,0.0993333,0.0988771,0.0994824,0.0963139,0.0991188,0.0996026,0.0982502
0.102889,0.10133,0.106487,0.100011,0.100199,0.0969457,0.09669,0.0974796,0.0990628,0.0989048
0.100159,0.102768,0.104965,0.10161,0.0996971,0.096679,0.0980681,0.097001,0.0985988,0.100454
0.104895,0.104829,0.104084,0.0993194,0.0976361,0.0943535,0.09641,0.100592,0.100463,0.0974171
0.103419,0.10533,0.104003,0.101172,0.0974766,0.0937702,0.0968486,0.0989298,0.10024,0.0988106
0.101165,0.103359,0.102991,0.101485,0.0986325,0.0954335,0.0981187,0.0988375,0.099552,0.100426
0.104107,0.102293,0.107762,0.100794,0.0994112,0.0928136,0.0958028,0.0971973,0.0990882,0.100732
0.107085,0.0994635,0.11605,0.100648,0.103044,0.0879238,0.0922237,0.0961858,0.0969859,0.10039
0.111163,0.0966712,0.111844,0.0973159,0.102502,0.0876316,0.0923317,0.0999563,0.100338,0.100245
0.111272,0.101263,0.104786,0.0963132,0.0981116,0.0934341,0.0939664,0.103326,0.102852,0.0946762
0.109657,0.102641,0.109934,0.0986372,0.0999575,0.0890934,0.0939987,0.0955639,0.102604,0.0979133
0.0998528,0.104511,0.106442,0.104901,0.0996992,0.0956866,0.0941237,0.0956854,0.0994431,0.0996546
0.105555,0.102101,0.103552,0.098111,0.0997315,0.0936212,0.0976419,0.0988515,0.103542,0.0972927
0.0987966,0.10488,0.111843,0.107149,0.0997632,0.0953411,0.0920907,0.091927,0.0988256,0.0993837
0.099034,0.101776,0.114856,0.107946,0.098901,0.0972156,0.0902822,0.0913502,0.0994187,0.0992202
0.0981159,0.102616,0.115807,0.108861,0.0989144,0.0976116,0.0902875,0.0895373,0.0990811,0.0991676
0.0994112,0.102514,0.108473,0.104964,0.100376,0.0977339,0.0937923,0.0946267,0.0989301,0.0991795
0.100431,0.10263,0.108502,0.103508,0.101082,0.0966866,0.0957137,0.0937031,0.0989426,0.0988014
0.0995819,0.102934,0.110216,0.10443,0.100991,0.0957815,0.0947893,0.0933214,0.0987511,0.0992033
0.0991137,0.10572,0.114146,0.106189,0.100326,0.0928015,0.0919918,0.0919091,0.0980616,0.0997418
0.100232,0.106047,0.1143,0.104735,0.100132,0.0920359,0.092801,0.0916261,0.0984458,0.0996458
0.103851,0.101635,0.122907,0.102547,0.100472,0.0899567,0.0916248,0.0880506,0.0968654,0.102091
0.102703,0.101982,0.114815,0.101722,0.100508,0.0930174,0.0948292,0.0913385,0.0982195,0.100866
0.102446,0.101062,0.10279,0.0990007,0.100831,0.0963128,0.0995775,0.0984353,0.100718,0.0988279
0.103809,0.101717,0.102496,0.0981359,0.100284,0.0955186,0.0990175,0.0993129,0.101313,0.098397
0.104494,0.10105,0.103037,0.099344,0.0990873,0.0975402,0.0966907,0.100909,0.100895,0.0969521
0.108221,0.0999864,0.10107,0.097262,0.0994251,0.0930276,0.0990603,0.101658,0.102087,0.098202
0.109805,0.100917,0.10221,0.0963352,0.0973606,0.0939144,0.0946512,0.104045,0.10254,0.0982212
0.103008,0.100644,0.102668,0.101231,0.0991074,0.0979296,0.0983571,0.0998005,0.099944,0.0973101
0.114025,0.0991707,0.107399,0.0969041,0.0983198,0.0888597,0.0918921,0.10156,0.0996112,0.102259
0.111348,0.101471,0.10146,0.0997712,0.0970307,0.093419,0.0957063,0.100993,0.0999904,0.098811
0.108399,0.102342,0.102803,0.0992025,0.0977682,0.0944733,0.0951723,0.100427,0.0990951,0.100317
0.109402,0.100479,0.105248,0.101089,0.0995219,0.0917391,0.0967733,0.097663,0.0981567,0.0999266
0.107325,0.100734,0.104051,0.0988851,0.0995815,0.0936254,0.0966638,0.0989114,0.0992216,0.101001
0.104846,0.0986832,0.108199,0.0993384,0.10155,0.0933418,0.0958305,0.0973068,0.0980008,0.102904
0.100523,0.101828,0.122674,0.106878,0.101662,0.0898124,0.088418,0.0900457,0.0956118,0.102547
0.100454,0.102371,0.112759,0.104079,0.100714,0.0926815,0.0936206,0.0936976,0.098145,0.101478
0.102085,0.10046,0.11813,0.10429,0.102561,0.088941,0.0923004,0.090852,0.096025,0.104355
0.10819,0.0968585,0.126142,0.101459,0.104379,0.0836495,0.0893929,0.0891466,0.0952511,0.105531
0.103245,0.0999339,0.121471,0.104537,0.102677,0.0893854,0.0889961,0.0920033,0.0954277,0.102325
0.105847,0.0986252,0.123263,0.103212,0.10291,0.0874283,0.0883178,0.0918737,0.0949586,0.103564
0.105777,0.0978783,0.124178,0.102657,0.103818,0.0856433,0.0907081,0.0892502,0.0943547,0.105735
0.114553,0.0978481,0.130842,0.0999703,0.10278,0.0792116,0.0875066,0.0864523,0.0935321,0.107303
0.108352,0.10056,0.124049,0.102244,0.101521,0.0843122,0.0907907,0.0870963,0.0950701,0.106004
0.108166,0.104289,0.114004,0.102087,0.0974597,0.0926618,0.0883255,0.0948181,0.0983564,0.0998329
0.105119,0.101469,0.108682,0.0992695,0.0979629,0.0924404,0.0955023,0.0951878,0.0981236,0.106243
0.108087,0.100509,0.109209,0.0979357,0.0971248,0.089585,0.0945275,0.096108,0.0987175,0.108196
0.104553,0.105668,0.105722,0.0987723,0.0958485,0.0918269,0.0954026,0.0944746,0.0997364,0.107996
0.104547,0.106256,0.10545,0.09872,0.0958697,0.0924172,0.0935418,0.096454,0.10121,0.105533
0.106173,0.103362,0.103064,0.0991254,0.0960868,0.0971249,0.0920674,0.10177,0.101438,0.0997879
0.104389,0.103157,0.103345,0.101074,0.0970326,0.0985099,0.091561,0.102235,0.100841,0.0978564
0.107432,0.102905,0.104517,0.103308,0.0943578,0.0988618,0.0925409,0.102404,0.0976768,0.095996
0.108005,0.102582,0.104808,0.105417,0.0943535,0.0977247,0.0952742,0.100506,0.0964602,0.0948702
0.109223,0.102454,0.104927,0.104682,0.0947327,0.0974866,0.094918,0.100669,0.096648,0.0942605
0.106419,0.102375,0.104467,0.103585,0.0961391,0.0983295,0.0949629,0.100372,0.097779,0.0955718
0.108131,0.100955,0.103722,0.102887,0.0971622,0.0958678,0.0957248,0.100469,0.0993144,0.0957673
0.112541,0.1003,0.103441,0.0986759,0.096853,0.0936852,0.0937266,0.103642,0.102213,0.0949227
0.119242,0.0973107,0.107923,0.0928297,0.0979574,0.0849732,0.0910037,0.105882,0.104915,0.0979634
0.120994,0.0970725,0.108667,0.0916861,0.0953234,0.0856235,0.0897827,0.107728,0.104071,0.0990515
0.120627,0.0933387,0.116922,0.0929363,0.0994455,0.0821162,0.0905384,0.0981675,0.1021,0.103809
0.113974,0.0985606,0.108877,0.0954946,0.0968275,0.0901068,0.0908032,0.105096,0.100552,0.0997082
0.117881,0.096224,0.115246,0.0947848,0.0996806,0.0843017,0.0885447,0.102146,0.0991336,0.102058
0.117147,0.0967177,0.116376,0.0952266,0.099885,0.0847363,0.0881915,0.101505,0.0982779,0.101938
0.114925,0.0950703,0.120478,0.0965098,0.101296,0.0855947,0.0880023,0.0977623,0.0971155,0.103247
0.11878,0.0953534,0.122296,0.0963224,0.100718,0.0828935,0.0851671,0.098838,0.0966542,0.102978
0.120963,0.0952291,0.122093,0.0956875,0.100892,0.0819244,0.0841193,0.100044,0.0968214,0.102226
0.113778,0.0958473,0.11526,0.0974677,0.100997,0.0872108,0.0890525,0.098844,0.0977498,0.103793
0.110799,0.0968977,0.107863,0.0973578,0.102081,0.0908675,0.0942799,0.0975,0.0997948,0.10256
0.104556,0.100246,0.106937,0.0994299,0.101359,0.0943294,0.0973668,0.0953288,0.0995407,0.100906
0.102508,0.100341,0.106348,0.100519,0.101612,0.0958729,0.0973154,0.0952915,0.0993265,0.100867
0.10233,0.101476,0.104856,0.100066,0.100781,0.0960277,0.0990671,0.0962963,0.0995736,0.0995261
0.10253,0.100647,0.104589,0.0994726,0.100185,0.0961151,0.0983362,0.0978872,0.100419,0.0998193
0.104068,0.0995162,0.104375,0.098638,0.0986124,0.0964662,0.0969367,0.100777,0.100368,0.100243
0.105204,0.102364,0.102077,0.0988598,0.0975657,0.0957987,0.0969294,0.1011,0.101059,0.0990419
0.104118,0.103669,0.100071,0.0991676,0.0980313,0.0964264,0.0992912,0.0997681,0.100728,0.0987289
0.101393,0.101841,0.101901,0.100611,0.0986534,0.0975952,0.0988072,0.099154,0.0997876,0.100257
0.101069,0.100677,0.102456,0.0999476,0.100104,0.0986332,0.0999714,0.0973115,0.0996039,0.100227
0.105266,0.100152,0.106647,0.0992056,0.100128,0.094977,0.0980685,0.0956037,0.0980635,0.101889
0.10398,0.101263,0.102551,0.0985115,0.0992044,0.097785,0.0995289,0.0982267,0.100284,0.0986663
0.10748,0.0998829,0.11064,0.0990913,0.0999534,0.0933595,0.0947618,0.0966103,0.0977165,0.100505
0.10378,0.100705,0.102173,0.0989301,0.0986461,0.0979613,0.0988736,0.0992666,0.0996561,0.100008
0.102632,0.100946,0.103273,0.0998782,0.099332,0.0977092,0.0983847,0.0979901,0.0992194,0.100636
0.102766,0.100002,0.108074,0.101886,0.101412,0.0942435,0.0955593,0.0964646,0.0985377,0.101055
0.0999637,0.102748,0.10896,0.104623,0.0994624,0.0968889,0.0941406,0.0946247,0.0988614,0.0997282
0.0993891,0.104368,0.108751,0.104884,0.099202,0.096645,0.0946974,0.0939635,0.098153,0.0999464
0.101879,0.101549,0.105676,0.103016,0.100099,0.0966418,0.096951,0.0971325,0.0996215,0.0974345
0.100957,0.101963,0.105686,0.10333,0.0998434,0.097306,0.0968005,0.097115,0.0997414,0.0972566
0.10134,0.102336,0.103298,0.101993,0.100221,0.0974961,0.0977435,0.0971811,0.0996506,0.0987406
0.113047,0.0971716,0.106025,0.0973162,0.0991053,0.0892035,0.0958811,0.0996776,0.101513,0.101061
0.108037,0.0994098,0.101832,0.0988203,0.0996892,0.0927381,0.0985446,0.100754,0.101685,0.098491
0.106951,0.100234,0.10401,0.0984407,0.0997225,0.092778,0.0989093,0.0984074,0.102633,0.0979131
0.10199,0.101975,0.103732,0.103373,0.100233,0.0965209,0.0985427,0.096836,0.0993241,0.0974726
0.102433,0.102389,0.103412,0.10093,0.0998902,0.0962555,0.0982338,0.0978798,0.100527,0.0980495
0.113683,0.10093,0.101527,0.0937397,0.0977914,0.0923158,0.0963238,0.103861,0.105997,0.0938317
0.110818,0.101087,0.102273,0.0955368,0.0987341,0.0931551,0.09638,0.103329,0.103929,0.0947586
0.110288,0.104771,0.10295,0.0975473,0.0977156,0.0918194,0.0952488,0.102309,0.102185,0.095165
0.113175,0.103376,0.103911,0.0954772,0.0960688,0.0920167,0.0933147,0.104694,0.102612,0.0953555
0.117162,0.10007,0.109152,0.0961393,0.0976352,0.0869912,0.0893735,0.105147,0.0998568,0.0984733
0.119837,0.102014,0.109871,0.0947207,0.097701,0.0855561,0.0891909,0.104523,0.100881,0.0957047
0.125119,0.102606,0.109419,0.0944004,0.0970783,0.0817343,0.0867529,0.106308,0.100873,0.09571
0.122385,0.0986572,0.112306,0.0950128,0.0992789,0.0825429,0.086438,0.103975,0.0995038,0.0999005
0.12338,0.0972545,0.120218,0.0958492,0.102335,0.0782064,0.0840447,0.101923,0.0975335,0.0992559
0.119748,0.0976322,0.120185,0.0969734,0.10275,0.078695,0.0855127,0.100366,0.097405,0.100733
0.11059,0.0983902,0.120816,0.0986847,0.105147,0.0829689,0.0904509,0.095038,0.0980065,0.099908
0.112808,0.100677,0.111308,0.0966387,0.101685,0.0867162,0.0920559,0.0999167,0.100686,0.0975087
0.110044,0.0991635,0.116741,0.0981051,0.102306,0.0889746,0.0925063,0.0951353,0.0980422,0.0989827
0.106857,0.0992268,0.112659,0.0996424,0.10282,0.0909176,0.0943055,0.0960312,0.0984362,0.0991037
0.103698,0.102426,0.104368,0.098424,0.0994802,0.0984059,0.100405,0.0941426,0.0999182,0.0987313
0.10449,0.101613,0.105336,0.0993198,0.100056,0.0971312,0.100503,0.0928546,0.0987638,0.099933
0.109015,0.0995913,0.112414,0.0994281,0.100978,0.0914642,0.0972116,0.0915403,0.09775,0.100607
0.107805,0.0991422,0.115202,0.0996827,0.0996765,0.091321,0.0949386,0.0923653,0.0986387,0.101228
0.105483,0.100299,0.121042,0.102477,0.0995949,0.0907821,0.0923883,0.0886378,0.0966058,0.10269
0.1098,0.0976482,0.134755,0.101899,0.0989278,0.0835549,0.086646,0.0843329,0.0954463,0.10699
0.11263,0.0958956,0.13351,0.100931,0.101792,0.0813645,0.087147,0.0876662,0.094988,0.104076
0.112979,0.0955553,0.129261,0.099834,0.101604,0.0824756,0.0885482,0.0905712,0.0964574,0.102714
0.109324,0.0976451,0.123844,0.0997284,0.0989345,0.086537,0.0894788,0.09353,0.0981426,0.102836
0.112128,0.0957246,0.132915,0.100087,0.100353,0.0825103,0.087299,0.0871683,0.0963151,0.1055
0.104953,0.0995048,0.116882,0.10164,0.0985082,0.0924405,0.0924014,0.0928449,0.0988993,0.101925
0.105199,0.102697,0.110476,0.101493,0.100156,0.0919842,0.0963571,0.0938028,0.099133,0.098702
0.1002,0.10251,0.103952,0.102158,0.099409,0.0951861,0.0973435,0.0978333,0.0998919,0.101517
0.101288,0.102088,0.105013,0.101514,0.09985,0.0966269,0.0993043,0.096598,0.0987015,0.0990167
0.10196,0.100291,0.102022,0.100462,0.0999555,0.0976361,0.0996205,0.0990904,0.0998552,0.0991071
0.103545,0.100092,0.102701,0.0998951,0.0995219,0.0966525,0.0988941,0.0989682,0.0997278,0.100002
0.104909,0.0999343,0.105793,0.0993265,0.100942,0.0930235,0.0969874,0.0980937,0.0998478,0.101143
0.103088,0.100096,0.113269,0.102746,0.100536,0.0932661,0.0934356,0.0940047,0.0987048,0.100854
0.109602,0.0991104,0.111443,0.0999331,0.100661,0.0882463,0.0941704,0.0961656,0.0988021,0.101867
0.107822,0.0990108,0.103602,0.100528,0.099677,0.0927969,0.0983282,0.0994382,0.0998366,0.0989605
0.122513,0.0946562,0.114912,0.0930737,0.100086,0.0787062,0.0919294,0.09772,0.100728,0.105675
0.122622,0.0939712,0.116243,0.0930108,0.10054,0.079586,0.0905668,0.097727,0.101181,0.104553
0.125377,0.0900321,0.128931,0.0924202,0.10116,0.0755083,0.0867157,0.0931455,0.0997897,0.106921
0.117366,0.0946507,0.112188,0.0958916,0.102078,0.084986,0.0907042,0.101,0.101062,0.100074
0.114631,0.0980977,0.108112,0.0963501,0.0995337,0.0892044,0.0932503,0.0997659,0.10222,0.098835
0.110802,0.103053,0.101837,0.101416,0.0977653,0.0924807,0.0985566,0.0970825,0.0987319,0.0982755
0.11162,0.102805,0.103236,0.102551,0.0980274,0.0916452,0.0978803,0.0964179,0.0982907,0.0975259
0.109863,0.10275,0.100919,0.101903,0.0980002,0.0929337,0.100382,0.0971694,0.0992472,0.0968324
0.110636,0.102013,0.103259,0.100544,0.0997729,0.0912691,0.0990759,0.0955952,0.0999188,0.0979164
0.11143,0.100627,0.10064,0.0961902,0.100979,0.0910981,0.100383,0.0953476,0.101135,0.10217
0.107306,0.0994478,0.109551,0.0993435,0.102409,0.0912744,0.0956696,0.0942423,0.099931,0.100826
0.11008,0.0983864,0.11153,0.0999298,0.102346,0.0898123,0.0928216,0.0944811,0.100449,0.100163
0.114009,0.0976101,0.113057,0.0980448,0.103076,0.0858094,0.0921395,0.0931132,0.0995801,0.103561
0.108721,0.098337,0.118334,0.100753,0.103557,0.0877821,0.0914911,0.0909973,0.0977847,0.102242
0.112761,0.0960429,0.120909,0.100008,0.103523,0.0846316,0.0878218,0.0915376,0.0966684,0.106097
0.108638,0.0983548,0.118995,0.100874,0.103295,0.0878213,0.0899713,0.0921293,0.0974368,0.102485
0.103766,0.101353,0.112347,0.103396,0.101105,0.0934893,0.0941097,0.0942245,0.099307,0.0969032
0.106011,0.0999925,0.114446,0.102464,0.101073,0.0930098,0.0932857,0.0932361,0.0993189,0.0971627
0.100772,0.103502,0.113553,0.10544,0.100299,0.0947473,0.0936065,0.0917108,0.0989457,0.097424
0.103111,0.101627,0.108537,0.10242,0.100547,0.0952504,0.0963951,0.0957858,0.0998999,0.0964254
0.100918,0.101614,0.105264,0.10107,0.100029,0.0977706,0.0975817,0.0968902,0.0996222,0.0992398
0.100832,0.102621,0.10838,0.101648,0.098904,0.0975152,0.0964618,0.0941773,0.0989166,0.100544
0.100335,0.100925,0.103671,0.100241,0.0989684,0.0999034,0.0990638,0.096677,0.0991861,0.10103
0.100116,0.1007,0.101027,0.100301,0.0998541,0.0994434,0.0994717,0.0993456,0.099698,0.100044
0.102059,0.099782,0.103233,0.0998933,0.0995726,0.0979859,0.0982471,0.0989606,0.0991912,0.101075
0.10094,0.100479,0.0997598,0.0998352,0.099389,0.0998418,0.100281,0.0999527,0.0996915,0.09983
0.105076,0.101256,0.101313,0.0990073,0.0983233,0.0965318,0.097242,0.101553,0.100743,0.0989536
0.102818,0.101498,0.100686,0.0992336,0.0987108,0.0978312,0.0986186,0.10097,0.10071,0.0989235
0.0990931,0.100632,0.101294,0.101135,0.099895,0.0978701,0.0996133,0.0998155,0.099801,0.100851
0.103849,0.100628,0.100927,0.100542,0.0984699,0.0989766,0.0987825,0.100423,0.099766,0.0976362
0.104733,0.100954,0.101643,0.0992965,0.0984931,0.0962749,0.0969634,0.101441,0.100348,0.099852
0.109439,0.100354,0.105204,0.0988629,0.0996385,0.0926138,0.0932701,0.101613,0.0997589,0.0992459
0.11116,0.102743,0.104475,0.098062,0.0980786,0.0920522,0.0929312,0.102124,0.100043,0.0983306
0.106317,0.101451,0.10026,0.0973899,0.0969026,0.0974066,0.098952,0.102004,0.101008,0.0983083
0.111145,0.101067,0.0994948,0.0965638,0.0941087,0.0966493,0.0948332,0.106547,0.100976,0.0986152
0.121475,0.102157,0.0987291,0.0906915,0.0911969,0.0921296,0.0937145,0.108636,0.103683,0.0975871
0.116857,0.102173,0.0998411,0.0921506,0.094144,0.0926971,0.0944724,0.106059,0.102906,0.0987011
0.112592,0.103881,0.101526,0.0937662,0.0942047,0.0919787,0.0954811,0.105153,0.10171,0.0997056
0.112709,0.102239,0.0995422,0.0931618,0.0955773,0.0926323,0.0970103,0.1056,0.102411,0.0991169
0.113961,0.102211,0.100073,0.0932634,0.0958039,0.0930344,0.0957105,0.106032,0.102016,0.0978956
0.108241,0.104224,0.102719,0.0979282,0.0950484,0.0981334,0.0940373,0.10281,0.0996887,0.0971707
0.105291,0.103817,0.103008,0.104465,0.0955211,0.0959696,0.0962492,0.0991131,0.098873,0.0976936
0.109001,0.102274,0.0997909,0.102492,0.0955335,0.0970373,0.0984455,0.100183,0.0984347,0.0968088
0.105017,0.102381,0.0992209,0.0995572,0.0976754,0.0936589,0.0997093,0.0982489,0.100579,0.103952
0.103616,0.102068,0.100743,0.102335,0.0978624,0.0960099,0.099842,0.098001,0.0993628,0.10016
0.104345,0.101588,0.10135,0.102166,0.0984024,0.0962255,0.0995671,0.0982677,0.0994842,0.0986049
0.100867,0.102974,0.103001,0.102458,0.0986952,0.094735,0.0986607,0.0974527,0.100169,0.100988
0.105563,0.103173,0.104396,0.101482,0.0991646,0.0954308,0.0984409,0.0951848,0.100334,0.0968302
0.109013,0.103739,0.103417,0.0988893,0.0985904,0.0953192,0.0975244,0.0955951,0.100413,0.0974997
0.104526,0.103083,0.102711,0.10024,0.0986462,0.0967161,0.0987119,0.0966018,0.100347,0.0984167
0.105393,0.104911,0.103953,0.100237,0.0970902,0.0982858,0.0957477,0.0975422,0.100305,0.0965362
0.10917,0.102343,0.100209,0.0971643,0.09881,0.0951941,0.100921,0.0973933,0.10131,0.0974844
0.106143,0.103825,0.102837,0.0982185,0.0994735,0.095691,0.0995107,0.0956922,0.101357,0.0972521
0.110143,0.102607,0.100938,0.0985788,0.0980181,0.0965323,0.0989654,0.0970437,0.100424,0.09675
0.10556,0.102832,0.103376,0.0980857,0.0994276,0.0957646,0.0975996,0.0974567,0.101826,0.0980716
0.107126,0.101684,0.0999316,0.0970824,0.0995318,0.0958966,0.0997414,0.098637,0.101027,0.0993418
0.107226,0.101525,0.10474,0.0990021,0.0987044,0.0975797,0.0940991,0.0977847,0.100534,0.0988052
0.114498,0.0995374,0.110397,0.0956609,0.0998423,0.0882198,0.0926441,0.0956188,0.101331,0.102251
0.106948,0.101855,0.107812,0.0990415,0.0994965,0.0922487,0.0958149,0.096352,0.100071,0.100361
0.107133,0.102154,0.104432,0.10008,0.0976163,0.0963946,0.0941232,0.100104,0.100898,0.0970648
0.107462,0.105002,0.10718,0.100584,0.0969711,0.0954138,0.0913873,0.0986409,0.0998788,0.0974798
0.1027,0.105044,0.110462,0.105862,0.0978481,0.0955587,0.0873175,0.0982478,0.0994345,0.0975248
0.106063,0.103936,0.110565,0.104743,0.097763,0.0945963,0.0867595,0.0983187,0.100707,0.0965498
0.105885,0.100811,0.106793,0.104148,0.0976304,0.0967345,0.0897986,0.102233,0.100966,0.0950016
0.110359,0.0993201,0.109548,0.104985,0.098415,0.0926315,0.0904559,0.0998406,0.0997745,0.0946706
0.108688,0.103243,0.105859,0.105237,0.0974393,0.0933771,0.094557,0.0985421,0.0984696,0.0945887
0.112105,0.102432,0.102823,0.101232,0.0963648,0.0926194,0.0973607,0.100619,0.0983239,0.0961208
0.110444,0.102826,0.103741,0.102302,0.0964084,0.0940742,0.0954795,0.100486,0.0986243,0.0956149
0.110914,0.103056,0.105758,0.10082,0.0987531,0.0895848,0.0956003,0.0984043,0.0983913,0.0987181
0.110783,0.101497,0.106673,0.1026,0.0996307,0.0885773,0.0968067,0.0973883,0.09739,0.098654
0.109889,0.102067,0.106084,0.0999109,0.100253,0.0884661,0.0964925,0.0973389,0.0981028,0.101396
0.109211,0.102391,0.107064,0.100016,0.100427,0.0887456,0.0965082,0.096149,0.0975388,0.101949
0.109721,0.102125,0.103257,0.10134,0.0981862,0.0914439,0.0988367,0.0986425,0.0982194,0.0982275
0.107518,0.101734,0.107376,0.103239,0.100413,0.0908381,0.0965787,0.0962883,0.0977194,0.0982957
0.10648,0.102628,0.111328,0.103616,0.100836,0.0909302,0.0937234,0.0940536,0.097051,0.0993545
0.104439,0.100381,0.11982,0.106925,0.100796,0.0902719,0.0877065,0.0927143,0.0972275,0.0997178
0.104342,0.100738,0.120189,0.107879,0.09984,0.0909344,0.0861391,0.0927983,0.0984261,0.0987149
0.108903,0.0971117,0.131222,0.105984,0.0989483,0.0844103,0.083029,0.0903855,0.0979872,0.102019
0.111676,0.0974958,0.127459,0.102005,0.0972784,0.0847732,0.0825287,0.0935724,0.101531,0.10168
0.111064,0.0991422,0.110719,0.100414,0.100209,0.0866057,0.0931862,0.0981317,0.101573,0.0989555
0.123593,0.0926035,0.120903,0.0917827,0.0979603,0.0796591,0.0864419,0.100747,0.104296,0.102013
0.124606,0.0937039,0.12014,0.09167,0.0968783,0.080937,0.0855123,0.103749,0.102997,0.0998059
0.121014,0.0935398,0.119467,0.0930673,0.100342,0.0808611,0.0878109,0.099882,0.101936,0.10208
0.12296,0.0911358,0.130129,0.0930366,0.100045,0.0765748,0.0842173,0.0955024,0.101053,0.105346
0.11711,0.0952338,0.123209,0.0952859,0.101138,0.0811267,0.0884743,0.0947455,0.100527,0.103151
0.122012,0.0937321,0.121159,0.0932795,0.100761,0.0809194,0.0864273,0.099498,0.100558,0.101655
0.116979,0.094479,0.118124,0.0960333,0.103981,0.0822561,0.0882645,0.0978689,0.0984848,0.10353
0.117391,0.0989528,0.11124,0.0959648,0.0974572,0.0882118,0.0876977,0.103189,0.100258,0.0996376
0.116053,0.0989874,0.111062,0.0968197,0.0974478,0.0888871,0.0882994,0.101751,0.0994409,0.101252
0.116386,0.0996654,0.111783,0.0956805,0.0967873,0.088529,0.0882183,0.104264,0.0994905,0.0991963
0.113726,0.100486,0.106665,0.095401,0.0966463,0.0911167,0.0916119,0.104295,0.100729,0.0993222
0.106398,0.102169,0.106744,0.0985913,0.0983242,0.0955203,0.0944011,0.0992178,0.0996172,0.0990175
0.105695,0.102825,0.111549,0.100367,0.0989165,0.0941076,0.0927406,0.0964914,0.0983763,0.0989301
0.105454,0.104633,0.108042,0.0995122,0.096519,0.0954805,0.0932752,0.0964213,0.0999854,0.100677
0.104228,0.103249,0.111997,0.101979,0.0971854,0.0921908,0.0933506,0.0933783,0.0978002,0.104641
0.10313,0.102831,0.110523,0.102197,0.0976588,0.0927099,0.093858,0.0941056,0.0985635,0.104423
0.103289,0.1043,0.108497,0.101594,0.0971255,0.0959803,0.0941155,0.095124,0.0991914,0.100782
0.102749,0.103637,0.111807,0.102698,0.0980399,0.0940473,0.0945305,0.0923409,0.0967195,0.103431
0.104567,0.103132,0.114427,0.102326,0.0980679,0.0921169,0.094162,0.090859,0.0953365,0.105006
0.1042,0.102501,0.115809,0.102763,0.0993913,0.0908559,0.0938228,0.0901641,0.0957745,0.104718
0.104111,0.0998641,0.116549,0.101871,0.102206,0.0902441,0.0952682,0.0898098,0.095483,0.104595
0.104615,0.0996669,0.113181,0.101006,0.101702,0.0912247,0.0954957,0.0929208,0.0965402,0.103647
0.10225,0.100299,0.10838,0.10081,0.100248,0.0962528,0.0974491,0.0941896,0.0973494,0.102771
0.10048,0.10168,0.111751,0.103269,0.101344,0.0939944,0.0958353,0.0925798,0.0970683,0.101999
0.102887,0.102275,0.103591,0.099958,0.0983827,0.0978456,0.0966934,0.0992353,0.0997359,0.0993969
0.103696,0.102354,0.10536,0.100094,0.0977623,0.096565,0.0961417,0.098184,0.0988716,0.100972
0.105041,0.100956,0.106685,0.0994179,0.0976711,0.095919,0.0960955,0.0981221,0.0987528,0.10134
0.103885,0.101054,0.115195,0.102571,0.100396,0.0907215,0.0932682,0.0938963,0.0970168,0.101997
0.105644,0.100558,0.118064,0.102322,0.0999176,0.0895448,0.090614,0.0936756,0.0966533,0.103007
0.101114,0.10178,0.109441,0.102609,0.0995458,0.0933591,0.0950529,0.0950789,0.0987532,0.103266
0.102604,0.10293,0.106335,0.102161,0.0975423,0.0954814,0.0926861,0.0972641,0.101083,0.101914
0.103346,0.103449,0.104877,0.101152,0.0966356,0.0957042,0.0933697,0.0980915,0.101338,0.102038
0.103017,0.104044,0.107644,0.10269,0.0968833,0.0943689,0.0908594,0.0967779,0.101247,0.102468
0.101056,0.10412,0.105492,0.102448,0.0977835,0.0959437,0.0941179,0.0969067,0.10045,0.101683
0.100468,0.106446,0.110892,0.106086,0.0979658,0.0950455,0.0898873,0.0954676,0.0987273,0.0990145
0.0999832,0.107316,0.114402,0.108673,0.0982243,0.0943147,0.0870822,0.0942267,0.0978464,0.0979306
0.0991159,0.107915,0.121562,0.111754,0.0988377,0.0920954,0.0822183,0.0896547,0.0982719,0.0985758
0.0993635,0.107519,0.116304,0.108606,0.0982327,0.0921069,0.0858364,0.0914078,0.099389,0.101234
0.101084,0.107055,0.115526,0.106151,0.098018,0.0904868,0.0875767,0.0915161,0.0995662,0.103019
0.102053,0.105574,0.111779,0.104729,0.0973685,0.0922399,0.0887712,0.0940305,0.1007,0.102756
0.103671,0.102538,0.115867,0.104867,0.0991193,0.0913074,0.0889976,0.0941047,0.0978273,0.1017
0.104803,0.10201,0.112858,0.102711,0.0987463,0.0910442,0.0919062,0.0941372,0.0980347,0.10375
0.109537,0.101357,0.114898,0.101454,0.0985142,0.0914352,0.0886815,0.0961579,0.0982727,0.0996924
0.109186,0.100978,0.118473,0.101602,0.0983656,0.0900089,0.0885534,0.094564,0.0976207,0.100647
0.10246,0.102648,0.113734,0.105083,0.0979962,0.0951147,0.0882484,0.0963537,0.0990509,0.0993105
0.115402,0.100509,0.119979,0.0981867,0.0930956,0.0873215,0.0854281,0.0983054,0.0988298,0.102942
0.110393,0.102158,0.108444,0.0987731,0.0976369,0.0914904,0.0920893,0.101595,0.0992636,0.0981567
0.110938,0.100703,0.11221,0.099512,0.0987544,0.0895111,0.0911259,0.100495,0.0981847,0.0985663
0.111186,0.101165,0.11011,0.0983255,0.097972,0.089925,0.0911771,0.102378,0.0987895,0.0989729
0.113066,0.101003,0.11119,0.0964526,0.0971229,0.089933,0.0905459,0.103524,0.0988758,0.0982866
0.112702,0.103098,0.110046,0.0956601,0.095976,0.0909456,0.0915361,0.103241,0.0988038,0.0979912
0.116048,0.101118,0.114008,0.0962196,0.0971682,0.0865784,0.0884483,0.103732,0.0974985,0.0991809
0.113819,0.10179,0.112106,0.0961631,0.0975883,0.0885073,0.090549,0.103044,0.0983191,0.0981147
0.110301,0.101936,0.111485,0.0964107,0.098495,0.0904081,0.0935298,0.100923,0.0994734,0.0970386
0.109685,0.100295,0.113601,0.098043,0.100729,0.0884932,0.0936486,0.0978105,0.0984792,0.0992149
0.103446,0.103521,0.105631,0.0993648,0.0991395,0.0929978,0.098836,0.0955947,0.0987952,0.102674
0.0997338,0.103889,0.105266,0.101937,0.0993423,0.0951254,0.097201,0.0969137,0.098509,0.102083
0.0996763,0.103972,0.106492,0.102626,0.0997412,0.0952122,0.0959591,0.0962981,0.0985587,0.101465
0.0994353,0.104346,0.108658,0.103303,0.100164,0.09422,0.0953853,0.0945989,0.0980504,0.101839
0.0987461,0.105573,0.11095,0.104617,0.0998065,0.0924993,0.093953,0.0928641,0.0976336,0.103358
0.0986734,0.106045,0.108386,0.104037,0.0988144,0.0921277,0.0944501,0.0943745,0.0981275,0.104965
0.0991051,0.104561,0.106006,0.103047,0.0989956,0.093645,0.0947403,0.0965991,0.09966,0.103642
0.0987321,0.104012,0.103805,0.102444,0.0984445,0.0945197,0.0961623,0.0977427,0.0996528,0.104485
0.0990733,0.103878,0.104261,0.1026,0.0987097,0.0947707,0.0958785,0.0975667,0.0996679,0.103594
0.0991686,0.103981,0.104506,0.102692,0.0985272,0.0953889,0.0959579,0.0973445,0.0994414,0.102993
0.099411,0.102497,0.104646,0.101649,0.0993763,0.0966749,0.0982195,0.0972298,0.0986445,0.101652
0.0995073,0.102621,0.105612,0.101784,0.0995847,0.0960275,0.0978879,0.0968382,0.0988117,0.101325
0.106861,0.0995399,0.111486,0.0989741,0.0976002,0.0917384,0.0919616,0.100507,0.0995722,0.101759
0.112851,0.0991177,0.111277,0.0967063,0.0957997,0.092165,0.0899669,0.102676,0.100055,0.0993852
0.112004,0.102309,0.108944,0.0981596,0.0945287,0.0905638,0.0904343,0.102737,0.0999406,0.100378
0.121493,0.102286,0.112302,0.0948488,0.0918286,0.0865041,0.0859655,0.105675,0.100455,0.0986428
0.11601,0.102816,0.107626,0.0977696,0.0948918,0.0877955,0.0895112,0.103724,0.099852,0.100004
0.116067,0.101777,0.11407,0.0983429,0.0988376,0.0848368,0.088185,0.101295,0.0973628,0.0992262
0.111915,0.102105,0.108751,0.098185,0.0989258,0.0887633,0.0917976,0.102185,0.0989156,0.0984566
0.114843,0.101538,0.112739,0.0970198,0.0995089,0.0867061,0.0899321,0.101991,0.0982395,0.097481
0.11111,0.102081,0.107071,0.0973296,0.0989724,0.092346,0.0992379,0.0941921,0.0977617,0.0998979
0.114704,0.0999342,0.114052,0.0952413,0.0991998,0.0895279,0.0927685,0.096888,0.0983821,0.099302
0.10854,0.101216,0.105713,0.0982416,0.10014,0.0943418,0.100844,0.093158,0.0986433,0.0991634
0.105631,0.100749,0.11339,0.100023,0.10209,0.0919234,0.0967276,0.0905265,0.0970457,0.101893
0.107557,0.101328,0.115577,0.0994469,0.102227,0.090758,0.096082,0.0890751,0.0972633,0.100685
0.108421,0.102071,0.115106,0.0989742,0.101636,0.0906169,0.095944,0.0894524,0.097691,0.100087
0.114139,0.100682,0.124138,0.098945,0.100255,0.0850709,0.0900091,0.0870042,0.0941914,0.105566
0.115307,0.099397,0.118267,0.0973061,0.10016,0.0861363,0.0903192,0.0947668,0.0978827,0.100459
0.117303,0.0968146,0.12216,0.0972158,0.100639,0.0836945,0.0867345,0.0977984,0.0972649,0.100376
0.114896,0.095558,0.13054,0.099821,0.102904,0.0819083,0.0862474,0.0911196,0.0947851,0.102221
0.106116,0.0985695,0.114012,0.10057,0.0995156,0.0934545,0.0934241,0.0944208,0.0979312,0.101987
0.105488,0.0967705,0.124114,0.10162,0.0994444,0.0883099,0.0905025,0.0893612,0.0971913,0.107198
0.104909,0.0992695,0.115674,0.101253,0.101236,0.0917115,0.0942414,0.0926681,0.0968135,0.102224
0.103373,0.100984,0.105942,0.0994599,0.100774,0.0957023,0.0981546,0.0969251,0.099234,0.0994518
0.099224,0.101254,0.101783,0.101729,0.0993199,0.0984486,0.0992177,0.0990925,0.0992403,0.100691
0.0998372,0.100807,0.101557,0.102173,0.0990759,0.0986717,0.100207,0.0990686,0.0990492,0.0995533
0.0998968,0.101354,0.100617,0.102067,0.0984892,0.0977947,0.099423,0.0989727,0.0998727,0.101513
0.0992081,0.101694,0.102221,0.101964,0.0990728,0.0981557,0.0990859,0.0981709,0.099015,0.101413
0.0992758,0.101295,0.10324,0.101426,0.0995047,0.0990425,0.0994873,0.0963556,0.0989692,0.101403
0.0993705,0.101443,0.102106,0.101669,0.0993651,0.0986637,0.0993266,0.0979861,0.0990351,0.101036
0.0993064,0.101174,0.102515,0.101895,0.0992847,0.0992087,0.0996202,0.097423,0.0987015,0.100871
0.102365,0.100876,0.102277,0.100601,0.099092,0.0985251,0.100876,0.097226,0.0987045,0.0994568
0.10029,0.101801,0.103161,0.101535,0.0995588,0.0985821,0.0991959,0.0967429,0.0987429,0.10039
0.0997616,0.101692,0.10554,0.101134,0.0994317,0.0987851,0.0991238,0.094256,0.098536,0.10174
0.101917,0.101739,0.108242,0.100919,0.100595,0.0963147,0.0981006,0.0928824,0.0974788,0.101811
0.103802,0.100285,0.111951,0.101642,0.101675,0.0927199,0.0950669,0.0938116,0.0980671,0.10098
0.107759,0.0993659,0.118777,0.100826,0.102264,0.0876029,0.0918996,0.0921358,0.0973706,0.101999
0.105414,0.100348,0.121561,0.103144,0.102782,0.0879822,0.0913557,0.0890711,0.0962137,0.102128
0.102457,0.101588,0.117433,0.103468,0.102472,0.0904521,0.093779,0.089379,0.097098,0.101874
0.102116,0.100857,0.119879,0.105717,0.103416,0.0897696,0.0898886,0.0890618,0.0977226,0.101571
0.101356,0.104443,0.10915,0.103147,0.10139,0.0938029,0.0947149,0.0929946,0.0994445,0.099557
0.100749,0.103933,0.105241,0.10217,0.100302,0.0949132,0.0962744,0.096124,0.0994451,0.100849
0.1076,0.101052,0.101086,0.0989159,0.098703,0.0950951,0.0974722,0.0983212,0.100337,0.101418
0.108098,0.101495,0.0990304,0.102741,0.0959429,0.0972885,0.0998895,0.100233,0.0979317,0.0973509
0.110959,0.10143,0.103832,0.100519,0.0977994,0.0930281,0.0941363,0.0977562,0.0980511,0.102488
0.108316,0.100044,0.103842,0.0992718,0.0995901,0.092986,0.0962412,0.0982119,0.0990889,0.102408
0.10526,0.0999946,0.103221,0.0993027,0.100026,0.0955359,0.0974574,0.0979419,0.0990505,0.102211
0.105524,0.0978761,0.107556,0.0991978,0.101999,0.0931322,0.0961806,0.0970174,0.0986419,0.102875
0.103581,0.0980504,0.105633,0.0997556,0.101449,0.0953329,0.0973373,0.0979039,0.0996025,0.101355
0.104115,0.0977251,0.104083,0.0992785,0.101506,0.0952833,0.0976848,0.0982447,0.0999407,0.102138
0.109386,0.0956942,0.116199,0.0983167,0.100121,0.0905195,0.0912694,0.0961939,0.098666,0.103635
0.103756,0.100181,0.107502,0.0999205,0.0982429,0.0967886,0.095467,0.097226,0.0995475,0.101369
0.100551,0.103556,0.106194,0.102312,0.0985707,0.0959485,0.0955108,0.0960107,0.100609,0.100736
0.105548,0.103034,0.118084,0.102701,0.0969211,0.0926492,0.0887571,0.0945319,0.0982056,0.0995684
0.106589,0.10402,0.113958,0.101598,0.0970712,0.0926592,0.0901617,0.0967779,0.0988019,0.0983627
0.114261,0.103743,0.111824,0.0973592,0.0956836,0.0893187,0.0881558,0.102869,0.100337,0.0964478
0.120043,0.104496,0.1121,0.0949888,0.0940697,0.086755,0.0866756,0.105273,0.100062,0.0955363
0.111615,0.103496,0.104616,0.097283,0.0959235,0.0916728,0.0924362,0.104087,0.0999582,0.098912
0.116838,0.104421,0.106235,0.0961367,0.0946547,0.0881651,0.0894459,0.105703,0.10001,0.0983903
0.1165,0.103167,0.101097,0.0942904,0.0940785,0.0902967,0.0912832,0.107695,0.102882,0.0987103
0.112192,0.103331,0.10115,0.0932996,0.0950798,0.0959989,0.0958069,0.103022,0.101179,0.0989411
0.116643,0.103478,0.108271,0.0929839,0.09539,0.0910454,0.0914418,0.101189,0.100492,0.0990654
0.113463,0.103268,0.10328,0.0936108,0.0961285,0.095006,0.0949859,0.100891,0.101029,0.0983384
0.108862,0.102686,0.105963,0.0954581,0.0984738,0.0954965,0.0969156,0.0968026,0.1,0.099342
0.111456,0.102635,0.114411,0.09574,0.0995895,0.0912048,0.0954744,0.0900596,0.0966019,0.102828
0.10835,0.100927,0.115113,0.0979214,0.101002,0.0909379,0.0956459,0.0901337,0.0961271,0.103843
0.109588,0.0972978,0.120882,0.0994393,0.103575,0.0859712,0.0923143,0.0905728,0.0956788,0.104681
0.11538,0.0962669,0.130963,0.0982034,0.102962,0.0804626,0.0858814,0.0901115,0.0934315,0.106339
0.113102,0.0972479,0.125112,0.0980215,0.102362,0.0838095,0.087458,0.0927209,0.0948455,0.105321
0.116058,0.0960131,0.125837,0.0967503,0.102174,0.0828173,0.0855884,0.095708,0.0957933,0.103261
0.111886,0.0974113,0.125525,0.0990558,0.102514,0.085349,0.0864662,0.0946006,0.0956511,0.101541
0.111951,0.0975341,0.121945,0.0989961,0.101013,0.0864733,0.0874396,0.0964745,0.0968562,0.101317
0.11866,0.0971977,0.125017,0.0969057,0.100143,0.0824843,0.0844004,0.0979134,0.0963612,0.100917
0.120172,0.0977612,0.122719,0.0971099,0.100504,0.0809346,0.0842731,0.0994349,0.0959175,0.101174
0.121018,0.0987741,0.118497,0.0960943,0.0982922,0.0826127,0.0850402,0.101763,0.0975706,0.100338
0.118452,0.099212,0.111618,0.0943505,0.0967012,0.0863014,0.088246,0.107142,0.100531,0.0974453
0.116557,0.100158,0.107142,0.0941712,0.0959172,0.0881712,0.0904012,0.107895,0.101421,0.0981662
0.11291,0.102133,0.10606,0.0955741,0.0961089,0.0918584,0.0918511,0.105058,0.10198,0.0964667
0.11704,0.100288,0.107857,0.0946799,0.096009,0.0896818,0.0899168,0.106209,0.102315,0.0960046
0.114642,0.0982525,0.115776,0.097415,0.0994133,0.0879463,0.0888885,0.0996356,0.0991278,0.0989025
0.115061,0.0992915,0.108312,0.0954238,0.097883,0.0902651,0.0915264,0.103232,0.102456,0.0965497
0.118452,0.0971636,0.11487,0.0957446,0.0981265,0.0862475,0.0863504,0.102731,0.102265,0.0980508
0.111912,0.100025,0.10523,0.101703,0.0972703,0.0932889,0.0945574,0.100982,0.100716,0.0943146
0.108111,0.0999284,0.107237,0.10611,0.0967051,0.0954526,0.0919953,0.101214,0.0998381,0.0934094
0.107186,0.100144,0.103941,0.10222,0.0971308,0.0971273,0.0943041,0.10218,0.100624,0.0951427
0.106144,0.103486,0.108516,0.102514,0.0977136,0.0957766,0.0901319,0.0973474,0.0998036,0.0985666
0.108163,0.101888,0.122444,0.106823,0.0978459,0.0902183,0.0821812,0.0917105,0.0987147,0.100011
0.102451,0.100266,0.125373,0.109406,0.0976843,0.0922266,0.0837107,0.0893808,0.0977215,0.101781
0.103032,0.100668,0.121722,0.108887,0.098568,0.0922576,0.0842994,0.091298,0.0984061,0.100862
0.0987223,0.101511,0.118655,0.112844,0.0971025,0.0954098,0.0868743,0.0928906,0.0993951,0.0965949
0.101768,0.100836,0.115657,0.107986,0.0988601,0.0940428,0.0882099,0.0944191,0.0994066,0.0988145
0.103529,0.104892,0.110938,0.106046,0.0985077,0.0942902,0.0869535,0.0974889,0.100791,0.0965647
0.10492,0.104479,0.110569,0.103912,0.0980175,0.0942114,0.0888579,0.0971581,0.0998043,0.0980712
0.105645,0.105262,0.10989,0.102199,0.0968912,0.0941792,0.0917328,0.0959338,0.0980925,0.100175
0.109756,0.103564,0.11001,0.099204,0.0960005,0.0942251,0.09345,0.0952585,0.0973098,0.101223
0.110303,0.102876,0.104989,0.0961445,0.0962605,0.0950047,0.0959114,0.0982123,0.0994211,0.100878
0.111175,0.10391,0.102828,0.0949551,0.095317,0.0956952,0.0966724,0.0997788,0.101152,0.0985171
0.116722,0.103466,0.10277,0.0923598,0.0946429,0.0944719,0.0959509,0.100481,0.102455,0.0966812
0.114701,0.102666,0.0975325,0.0934072,0.0970344,0.0927423,0.0977871,0.100047,0.102433,0.10165
0.117702,0.10446,0.102304,0.0938122,0.0936536,0.0900444,0.0911302,0.106855,0.101398,0.0986403
0.117946,0.100785,0.108084,0.0954372,0.0979735,0.0869539,0.0890722,0.104294,0.100168,0.0992864
0.109013,0.10476,0.103354,0.0968928,0.096359,0.094169,0.0950375,0.101693,0.100057,0.0986646
0.112252,0.102588,0.105298,0.0971737,0.0980358,0.0908236,0.0924737,0.103064,0.100914,0.0973784
0.112534,0.0994723,0.106403,0.096894,0.100156,0.0905018,0.0923652,0.102616,0.101065,0.0979934
0.105876,0.101008,0.105162,0.100525,0.100636,0.0941288,0.0966503,0.0978726,0.0996898,0.098453
0.107036,0.0992118,0.11132,0.0985259,0.100901,0.091923,0.0938391,0.0968934,0.0995691,0.100781
0.103189,0.0990518,0.112476,0.101499,0.101968,0.0934028,0.0934355,0.0943074,0.0986648,0.102006
0.101468,0.0992254,0.115196,0.104264,0.0998661,0.093492,0.0910261,0.0935535,0.0977459,0.104163
0.101458,0.0996372,0.123383,0.105467,0.0998011,0.0918033,0.0871111,0.0912095,0.0959176,0.104211
0.105164,0.0982546,0.128589,0.104109,0.102338,0.0869908,0.0852537,0.0905641,0.0942448,0.104492
0.105269,0.0989062,0.119805,0.102061,0.101437,0.0899874,0.0899998,0.0932314,0.0959351,0.103368
0.102792,0.0994479,0.115075,0.103546,0.101833,0.0926027,0.0910216,0.0942634,0.0977907,0.101628
0.102145,0.1002,0.100897,0.0998962,0.1004,0.0975279,0.0995813,0.0987931,0.100031,0.100529
0.105092,0.100378,0.112056,0.100483,0.100027,0.0937505,0.0955421,0.0939329,0.0966197,0.102118
0.107149,0.0995621,0.114418,0.100009,0.0998604,0.0905596,0.0932526,0.095309,0.0966883,0.103191
0.108865,0.0995106,0.109595,0.0982039,0.0990985,0.0905331,0.0928086,0.100904,0.0997776,0.100703
0.111627,0.0989784,0.118222,0.0984102,0.100937,0.0861713,0.0894628,0.0981948,0.0979287,0.100067
0.116794,0.0990028,0.118425,0.096883,0.099672,0.0835912,0.0863782,0.101835,0.0979309,0.0994877
0.123399,0.0986787,0.120815,0.0957166,0.098275,0.0795577,0.0829965,0.104169,0.0975235,0.0988689
0.11085,0.0992695,0.118554,0.0994649,0.0992767,0.0867324,0.0882404,0.0977598,0.0976782,0.102174
0.109171,0.102643,0.108782,0.098346,0.097252,0.092,0.091713,0.10156,0.100035,0.0984973
0.104532,0.103529,0.105886,0.100451,0.0974822,0.0958074,0.0931577,0.100546,0.100401,0.0982068
0.113995,0.10328,0.112809,0.0972387,0.0962356,0.0894851,0.0880247,0.101256,0.10042,0.097257
0.118968,0.101265,0.109403,0.0938655,0.0954234,0.0890132,0.0887893,0.105472,0.101901,0.0958985
0.110306,0.105427,0.107405,0.0981167,0.095155,0.0941107,0.0897659,0.102448,0.101178,0.0960875
0.109326,0.104537,0.106975,0.0983566,0.0959136,0.0942878,0.0907595,0.101991,0.101164,0.0966884
0.116156,0.101895,0.109205,0.0952411,0.0958936,0.0901719,0.0893259,0.104071,0.101494,0.0965454
0.119357,0.101152,0.115396,0.094468,0.0964032,0.0862081,0.0868744,0.102935,0.0997815,0.0974249
0.108819,0.10274,0.103108,0.0964955,0.0955375,0.0969147,0.0957676,0.100863,0.0999426,0.099811
0.107107,0.101332,0.0987159,0.098964,0.0958655,0.098309,0.101174,0.101032,0.0992678,0.0982326
0.107038,0.101608,0.106454,0.0982112,0.0986919,0.0941517,0.0974445,0.0974439,0.0988086,0.100148
0.111421,0.10011,0.114042,0.0971977,0.0988688,0.0899517,0.0926865,0.0977282,0.097193,0.100801
0.104948,0.10369,0.102662,0.10179,0.096825,0.094767,0.103625,0.0934668,0.0971956,0.101031
0.105624,0.103799,0.10227,0.101646,0.0968035,0.0947269,0.103913,0.093768,0.0972042,0.100245
0.114648,0.104771,0.111702,0.0966182,0.0973758,0.0894788,0.0903649,0.100033,0.0973038,0.0977054
0.1213,0.0995513,0.125312,0.0984197,0.101998,0.0794837,0.0827122,0.0979388,0.0943811,0.0989025
0.114872,0.102819,0.11512,0.0980678,0.100668,0.0864701,0.089027,0.098195,0.0966411,0.0981193
0.114868,0.0980441,0.115432,0.0998842,0.104436,0.0830949,0.0895579,0.0965799,0.0966379,0.101466
0.113504,0.10037,0.114556,0.0987372,0.103413,0.0818633,0.0901334,0.0984927,0.0984884,0.100442
0.119648,0.0965402,0.127109,0.0969424,0.104153,0.0766526,0.0839184,0.097403,0.0968705,0.100763
0.120797,0.0951502,0.135603,0.0960114,0.10119,0.0749686,0.0809396,0.0943173,0.0970295,0.103994
0.12066,0.097838,0.123392,0.097246,0.100198,0.0780599,0.0836447,0.0998651,0.0968933,0.102203
0.131926,0.101229,0.125136,0.095062,0.0955897,0.0725621,0.0786788,0.104272,0.0969158,0.0986298
0.129517,0.104603,0.116584,0.095745,0.0959431,0.0760419,0.0822702,0.105554,0.0978494,0.095892
0.1206,0.100813,0.117509,0.0950489,0.0967207,0.0833004,0.0864873,0.1035,0.0997694,0.0962516
0.116769,0.0980735,0.113574,0.0946343,0.0975508,0.0872081,0.0890162,0.104606,0.100413,0.0981545
0.121729,0.0960747,0.121898,0.0934768,0.0977853,0.0821924,0.084997,0.10396,0.099553,0.0983334
0.113434,0.0980149,0.113625,0.0963797,0.100343,0.0877814,0.0912614,0.100006,0.09933,0.0998241
0.117107,0.0951681,0.11554,0.0947013,0.0985601,0.0860439,0.0890202,0.101575,0.100556,0.101728
0.113175,0.0969314,0.111132,0.0969333,0.100394,0.0889208,0.0914105,0.100702,0.0998566,0.100545
0.116394,0.094151,0.121771,0.096991,0.104379,0.0810906,0.0902891,0.093591,0.0979501,0.103394
0.114363,0.0945514,0.121779,0.0981766,0.104178,0.0824422,0.0905569,0.0940356,0.0973958,0.102522
0.108808,0.0991042,0.114751,0.0990998,0.101745,0.0895999,0.0945097,0.0914547,0.0969508,0.103976
0.109156,0.0999985,0.117977,0.100282,0.101864,0.0878299,0.0934192,0.0902209,0.0965224,0.102729
0.108411,0.101647,0.105641,0.100397,0.0969147,0.0944948,0.10139,0.0946542,0.0971698,0.0992808
0.11085,0.102987,0.108389,0.100036,0.0957872,0.0929263,0.100705,0.0934378,0.0965571,0.0983251
0.105051,0.10449,0.10283,0.101107,0.0950176,0.0936183,0.103166,0.0960198,0.0983475,0.100352
0.100244,0.103924,0.103445,0.101276,0.0963561,0.0955218,0.100712,0.0967452,0.0991718,0.102604
0.0992479,0.106543,0.106237,0.101669,0.0966047,0.0938712,0.0983953,0.0941525,0.0982579,0.105021
0.107138,0.103558,0.107787,0.100835,0.0971537,0.0933868,0.10106,0.0919575,0.0963011,0.100822
0.107966,0.102921,0.103579,0.0985658,0.0969443,0.0914135,0.101001,0.0943929,0.0986473,0.104569
0.104357,0.103123,0.1065,0.0985772,0.0981872,0.0921403,0.097791,0.0930845,0.0988449,0.107394
0.104947,0.101276,0.099549,0.0967469,0.0975652,0.0957454,0.0988122,0.101087,0.101471,0.102799
0.104839,0.101672,0.100204,0.0969709,0.0971316,0.0952976,0.0982395,0.100894,0.101484,0.103268
0.103618,0.101275,0.100787,0.097657,0.0983303,0.0958577,0.0986932,0.100397,0.101034,0.102351
0.101117,0.101927,0.10362,0.0990976,0.100417,0.0958298,0.0989074,0.0971785,0.0998876,0.102018
0.106139,0.100087,0.113256,0.100525,0.102029,0.0887427,0.0960845,0.0903074,0.0958655,0.106964
0.113788,0.0951141,0.13061,0.09907,0.10375,0.0807417,0.0866016,0.090151,0.0945032,0.105671
0.113462,0.0931943,0.143015,0.101444,0.106337,0.0759319,0.0836555,0.0842662,0.0911707,0.107522
0.1129,0.0962373,0.122412,0.0987211,0.102289,0.0845615,0.0884996,0.0942705,0.0961322,0.103977
0.102875,0.0996548,0.106325,0.100235,0.100881,0.094286,0.0977636,0.0954207,0.0985175,0.104042
0.106085,0.100109,0.103254,0.0980414,0.0989925,0.0955411,0.0962989,0.0998354,0.100353,0.101489
0.0999476,0.101543,0.108766,0.103953,0.100358,0.0966059,0.0949291,0.0948821,0.0990355,0.0999799
0.103772,0.0998161,0.106057,0.100058,0.0999964,0.0964004,0.0962034,0.0986398,0.0993184,0.099739
0.101908,0.0994873,0.105689,0.101088,0.100495,0.0957953,0.0972451,0.0978861,0.0992372,0.101169
0.108107,0.100322,0.112898,0.100266,0.0989657,0.0907403,0.0914748,0.0977078,0.0987494,0.100769
0.109084,0.100546,0.107908,0.0973389,0.0984191,0.0931431,0.0934514,0.101039,0.099646,0.0994232
0.105376,0.102241,0.105321,0.0994039,0.0973954,0.0961185,0.0951901,0.0999076,0.099531,0.0995158
0.108887,0.100828,0.104955,0.0975088,0.0977103,0.0930295,0.0938003,0.103909,0.100246,0.0991268
0.102194,0.101961,0.100247,0.0995248,0.096938,0.0979304,0.0983027,0.0992414,0.100453,0.103208
0.105999,0.101383,0.098474,0.0972711,0.0959858,0.0986326,0.0981954,0.102122,0.100529,0.101408
0.103788,0.101244,0.0977721,0.0984579,0.0975785,0.0936055,0.0997062,0.100659,0.101494,0.105695
0.106038,0.1011,0.099762,0.096608,0.096908,0.0931511,0.0982454,0.100365,0.101732,0.106091
0.106483,0.10294,0.10043,0.0966359,0.0955416,0.0921047,0.0970509,0.0994844,0.102211,0.107118
0.104812,0.104905,0.104303,0.0998939,0.0960158,0.0938357,0.0939929,0.098469,0.10083,0.102943
0.101935,0.105612,0.106783,0.103766,0.097484,0.0950018,0.0929003,0.0972602,0.0991287,0.100128
0.0984105,0.107351,0.109627,0.106032,0.0980634,0.0939938,0.0919433,0.0948856,0.0978355,0.101858
0.0979891,0.109537,0.11338,0.108463,0.0980715,0.0933548,0.0888892,0.0931873,0.096779,0.10035
0.0975258,0.110819,0.116282,0.1105,0.0980758,0.0935659,0.085992,0.0923715,0.0965222,0.0983454
0.0973317,0.110904,0.116164,0.11066,0.0980767,0.0928489,0.0859859,0.0922882,0.0965766,0.0991644
0.0980539,0.108564,0.11159,0.107678,0.0980168,0.0936119,0.0884501,0.0943253,0.0986644,0.101046
0.0989657,0.107756,0.108635,0.105117,0.0977723,0.0939481,0.0910532,0.0953778,0.0988586,0.102517
0.0984841,0.108398,0.110566,0.106817,0.0979238,0.0918534,0.0892953,0.0943012,0.0989751,0.103386
0.0983482,0.107184,0.110064,0.106657,0.0985078,0.0924309,0.0902291,0.0948288,0.0991413,0.102609
0.0987066,0.105695,0.108523,0.105371,0.0994705,0.0936202,0.0927613,0.0951294,0.0987367,0.101986
0.100043,0.105067,0.105811,0.103672,0.0983934,0.0970458,0.0938533,0.0967964,0.0991333,0.100186
0.0996922,0.104808,0.105037,0.103128,0.0985191,0.0964692,0.0940487,0.0972835,0.099618,0.101396
0.10108,0.102284,0.103405,0.102204,0.100152,0.0973998,0.0978369,0.0973609,0.0993704,0.0989063
0.1014,0.101962,0.103648,0.101228,0.100063,0.0977949,0.0973018,0.0983032,0.100167,0.0981323
0.104468,0.100901,0.102217,0.0992926,0.0995739,0.0970946,0.0976638,0.10007,0.100779,0.0979389
0.105559,0.0999397,0.10295,0.100454,0.0999991,0.094433,0.0988007,0.0989086,0.0994712,0.099485
0.107858,0.0970446,0.108451,0.0976753,0.100426,0.0927878,0.095014,0.099638,0.100343,0.100763
0.110508,0.0963499,0.109377,0.0982076,0.103608,0.0881564,0.0947319,0.0974553,0.0994397,0.102167
0.10983,0.100557,0.101616,0.0980868,0.0987125,0.0933343,0.101244,0.0970531,0.0994489,0.100118
0.105554,0.0974261,0.11167,0.100824,0.102517,0.0922849,0.0946758,0.0957992,0.0984354,0.100814
0.109177,0.0947628,0.128756,0.101068,0.102199,0.0839683,0.0887624,0.0887147,0.0968991,0.105693
0.111419,0.0938639,0.124993,0.0989542,0.102052,0.0850482,0.0893619,0.0908254,0.0983915,0.105091
0.111728,0.0945023,0.119916,0.0992437,0.10628,0.0828217,0.0915264,0.0918612,0.0977621,0.104359
0.111198,0.0943409,0.129126,0.0998182,0.101808,0.0842782,0.0884307,0.0884671,0.097533,0.105001
0.109023,0.0977051,0.119751,0.0995432,0.103599,0.088383,0.0921352,0.0910819,0.0977598,0.101018
0.104408,0.10103,0.110977,0.0998521,0.102204,0.0945002,0.0965396,0.093029,0.0992162,0.098244
0.102611,0.100514,0.108824,0.101873,0.102264,0.0936973,0.0957555,0.0951169,0.0985607,0.100784
0.106422,0.0991677,0.110028,0.100269,0.102341,0.0907956,0.0945263,0.0957925,0.0981997,0.102458
0.105196,0.0995903,0.10745,0.099386,0.101783,0.0927079,0.0962668,0.0968868,0.0990352,0.101699
0.11059,0.0995733,0.103982,0.0959565,0.0982293,0.0914397,0.0945355,0.104027,0.101696,0.0999707
0.109127,0.100724,0.101061,0.100157,0.09736,0.0963016,0.0972855,0.101332,0.100605,0.096048
0.104756,0.100196,0.100599,0.097783,0.0991742,0.0966108,0.0983684,0.101782,0.101656,0.0990745
0.104171,0.100289,0.100422,0.0997752,0.0988616,0.0980445,0.0982297,0.100972,0.100538,0.0986979
0.101201,0.102165,0.103427,0.102628,0.0983307,0.0990082,0.0964926,0.0990072,0.0992984,0.0984429
0.102303,0.101234,0.102248,0.102803,0.0987522,0.0983265,0.0984699,0.0987663,0.0987219,0.0983752
0.105188,0.10249,0.103663,0.100233,0.0976642,0.0984315,0.0936074,0.100714,0.099846,0.0981624
0.104037,0.0983261,0.117303,0.103542,0.101063,0.0911109,0.0908208,0.0926643,0.0979274,0.103205
0.112334,0.0961787,0.11133,0.0955806,0.098567,0.0889514,0.0928548,0.0991068,0.102808,0.102289
0.112359,0.0964791,0.109985,0.0958326,0.098746,0.0894147,0.0928741,0.101212,0.101942,0.101156
0.105433,0.0978894,0.10996,0.102661,0.0996173,0.0945822,0.0912423,0.0979718,0.100784,0.0998596
0.102021,0.101047,0.127146,0.108252,0.101777,0.0869625,0.084971,0.087689,0.0960476,0.104086
0.098481,0.103623,0.110616,0.104961,0.100806,0.0938108,0.0929117,0.0933857,0.0994514,0.101954
0.0990767,0.104245,0.105625,0.102994,0.0987961,0.0934799,0.0945925,0.095835,0.100383,0.104973
0.100147,0.103201,0.106562,0.102563,0.0992383,0.0947899,0.0948775,0.094777,0.100307,0.103536
0.103404,0.101854,0.107546,0.10095,0.0987026,0.093439,0.0949457,0.0967903,0.0995549,0.102814
0.0990784,0.103705,0.111412,0.104661,0.101034,0.0889697,0.0939355,0.0904112,0.0996763,0.107117
0.0991829,0.106539,0.110033,0.103676,0.0987399,0.0905553,0.0919318,0.0922028,0.100194,0.106946
0.0992626,0.106322,0.109504,0.102567,0.098349,0.0897084,0.0933836,0.092112,0.100129,0.108663
0.0986047,0.105921,0.112459,0.104644,0.0999132,0.0904369,0.0913448,0.0913301,0.0994578,0.105889
0.0976517,0.10727,0.117901,0.107788,0.100205,0.0897178,0.0879056,0.0890081,0.098583,0.10397
0.104943,0.104005,0.106977,0.100642,0.0993734,0.0946417,0.0934703,0.0955676,0.0997595,0.100622
0.110291,0.100984,0.105203,0.0996626,0.0973515,0.0940284,0.092978,0.100875,0.101257,0.0973693
0.111037,0.10287,0.107998,0.0970648,0.0985399,0.0917254,0.094048,0.0974408,0.100482,0.0987946
0.113309,0.102983,0.106542,0.0951898,0.0972201,0.0929889,0.0945095,0.0985497,0.100924,0.0977842
0.108013,0.103737,0.10911,0.0975948,0.0987993,0.093168,0.0965495,0.0944064,0.0982462,0.100376
0.102257,0.105891,0.108698,0.101167,0.0996331,0.0953175,0.095359,0.0936017,0.0978687,0.100207
0.100703,0.104313,0.105987,0.101461,0.0992878,0.0963873,0.0976933,0.0956196,0.0981341,0.100414
0.102573,0.101662,0.10485,0.100873,0.0992282,0.0971558,0.100072,0.0962137,0.0981034,0.0992696
0.104542,0.10343,0.107127,0.101395,0.0981179,0.0944119,0.101298,0.0927571,0.0966678,0.100252
0.105114,0.102499,0.102832,0.100501,0.097452,0.0930765,0.101975,0.0958478,0.0980974,0.102605
0.104233,0.102197,0.102689,0.09917,0.0980849,0.0929379,0.10002,0.0975263,0.0994102,0.103732
0.104104,0.103983,0.105083,0.100207,0.0973359,0.0901432,0.0994591,0.0947084,0.0988505,0.106127
0.101979,0.103289,0.106502,0.100292,0.0988709,0.0920291,0.0973766,0.0935646,0.0990118,0.107085
0.0992942,0.105498,0.106942,0.101865,0.0980172,0.0913989,0.0972919,0.0915756,0.0988716,0.109246
0.100912,0.104111,0.109302,0.101903,0.098801,0.0906085,0.0975723,0.0903318,0.0974342,0.109023
0.10401,0.103493,0.105745,0.101543,0.0978358,0.0937505,0.101557,0.0938846,0.0961381,0.102043
0.108093,0.102553,0.112591,0.0998745,0.0988114,0.0895405,0.0965341,0.0912314,0.0968171,0.103954
0.107761,0.102631,0.109522,0.10067,0.0978849,0.0890792,0.0991236,0.0903702,0.0965415,0.106416
0.106378,0.10152,0.105131,0.100045,0.0981934,0.0931276,0.0997608,0.0950567,0.0982781,0.102509
0.105815,0.102709,0.102372,0.100829,0.0972982,0.0951592,0.103057,0.0954284,0.0971892,0.100141
0.107032,0.101972,0.103611,0.0993318,0.0990423,0.0951789,0.101289,0.0961995,0.0974863,0.098856
0.107059,0.101064,0.10361,0.0981944,0.0990785,0.0950765,0.0969649,0.100399,0.099187,0.0993669
0.104192,0.100291,0.103265,0.0990951,0.0994376,0.096737,0.0972112,0.100437,0.0997534,0.0995804
0.106516,0.0983427,0.110136,0.0988763,0.100064,0.0930196,0.095093,0.0984534,0.09945,0.100048
0.107575,0.101104,0.108167,0.0993496,0.0988097,0.093158,0.0940309,0.0999805,0.0988574,0.0989683
0.106845,0.101284,0.109162,0.100007,0.0990681,0.0934286,0.0937272,0.0985969,0.0987288,0.0991522
0.102038,0.102318,0.10274,0.0999695,0.0979446,0.0979688,0.0969627,0.0985928,0.100615,0.100851
0.101738,0.103305,0.107043,0.101795,0.0987555,0.0963548,0.09511,0.0968413,0.100011,0.0990459
0.103571,0.103024,0.113809,0.104226,0.0991746,0.094116,0.0901925,0.0949273,0.0980313,0.0989281
0.10561,0.104165,0.123207,0.106004,0.0992253,0.0907782,0.0850907,0.0911129,0.0961645,0.0986424
0.108136,0.108463,0.116438,0.102275,0.0955937,0.094593,0.0866327,0.0934412,0.0973575,0.0970692
0.105886,0.10854,0.113472,0.103156,0.0953111,0.0965953,0.087275,0.0942643,0.0973442,0.0981553
0.104042,0.107936,0.110214,0.103867,0.095397,0.0971971,0.0886942,0.0960561,0.0980068,0.0985897
0.103692,0.10594,0.108179,0.103169,0.0959965,0.0964569,0.089423,0.0976513,0.0997798,0.099713
0.100577,0.105293,0.109184,0.105425,0.0983068,0.0972977,0.0916343,0.0956776,0.0982594,0.0983451
0.100033,0.103128,0.105316,0.103055,0.0993727,0.0979308,0.0954383,0.0971891,0.0994145,0.0991228
0.103543,0.100511,0.10203,0.102149,0.0996074,0.0971987,0.098706,0.0992942,0.0996301,0.0973313
0.102356,0.10114,0.102232,0.100732,0.100162,0.0973672,0.0988126,0.0985953,0.100244,0.0983588
0.0997995,0.101724,0.102038,0.101347,0.0996159,0.0985304,0.0976415,0.0988427,0.0998769,0.100584
0.0995209,0.1018,0.102157,0.101496,0.0995428,0.0972003,0.0979709,0.0986579,0.0999096,0.101744
0.0988475,0.103513,0.104424,0.103237,0.0992835,0.0948718,0.096174,0.0971446,0.0995554,0.102949
0.0990348,0.103017,0.104335,0.103278,0.0995201,0.096779,0.0967761,0.0970993,0.0990213,0.10114
0.102143,0.102452,0.104415,0.101089,0.100119,0.0968009,0.0964297,0.0974031,0.100168,0.0989804
0.101112,0.102525,0.104407,0.101298,0.100312,0.0967347,0.0981065,0.0964486,0.0996867,0.0993697
0.100467,0.101747,0.104213,0.101918,0.1,0.0976421,0.0980676,0.0971939,0.0996891,0.0990613
0.100709,0.103135,0.109025,0.103543,0.0983517,0.096747,0.0964765,0.0938692,0.0998307,0.0983133
0.0990715,0.1045,0.110497,0.107074,0.0978579,0.0967108,0.0936435,0.0930869,0.0989015,0.098657
0.0995435,0.103073,0.107943,0.107013,0.0985061,0.0974694,0.0947089,0.0950348,0.098878,0.0978302
0.105837,0.100097,0.106573,0.103073,0.0986996,0.0936725,0.095944,0.0980316,0.101075,0.096997
0.110628,0.0972097,0.117087,0.103497,0.0997324,0.0873705,0.0919702,0.0940176,0.0998162,0.098672
0.121532,0.0919848,0.125844,0.0999899,0.0985516,0.079078,0.0888465,0.0929818,0.10112,0.100072
0.117775,0.092391,0.131203,0.0973312,0.0967712,0.0800444,0.0869956,0.0908395,0.101646,0.105003
0.111058,0.0986956,0.114943,0.100173,0.0970521,0.088346,0.0948384,0.0937678,0.102524,0.0986018
0.102707,0.102674,0.106478,0.107093,0.099932,0.0949702,0.0975622,0.0949812,0.0977621,0.0958415
0.102151,0.101789,0.105066,0.107505,0.0991456,0.0959077,0.0978314,0.0964442,0.0976099,0.0965513
0.104032,0.101451,0.1033,0.105217,0.0978101,0.0978468,0.0969707,0.0995122,0.0976412,0.0962183
0.105211,0.101595,0.102807,0.104587,0.0970418,0.0985838,0.0970096,0.100263,0.0969672,0.0959347
0.102269,0.101388,0.103466,0.106228,0.0986872,0.0976821,0.0979722,0.0982694,0.0974663,0.0965718
0.0994996,0.100476,0.101875,0.102834,0.0991133,0.0982519,0.0979587,0.099098,0.0999818,0.100912
0.101872,0.101737,0.103188,0.102148,0.0977333,0.100408,0.0964421,0.100335,0.0986737,0.097463
0.100567,0.10252,0.103403,0.10141,0.0984188,0.100232,0.0964251,0.0989347,0.0996909,0.0983984
0.101806,0.10079,0.101338,0.101577,0.098467,0.10005,0.0984021,0.100496,0.0986749,0.0983996
0.100761,0.102412,0.10359,0.101309,0.0988878,0.0994412,0.0964797,0.0991703,0.0992248,0.0987231
0.099899,0.102493,0.106808,0.102952,0.0971172,0.0977764,0.0949785,0.0970246,0.100164,0.100787
0.105178,0.102743,0.108368,0.100418,0.0940804,0.0949126,0.0939596,0.0973151,0.101236,0.10179
0.107111,0.103828,0.104829,0.0987007,0.0932787,0.0946836,0.0943053,0.100972,0.102075,0.100216
0.107921,0.103876,0.102416,0.0978659,0.0968206,0.094016,0.0958551,0.102197,0.102156,0.0968772
