0,1,2,3,4,5,6,7,8,9
1,1,1,1,1,1,1,1,1,1
0.999789,1.01605,0.997235,0.996962,0.99076,1.00826,1.00394,0.994262,0.99095,1.01155
1.01791,1.02026,1.0025,0.984944,0.990414,1.02059,1.00793,0.989163,0.98663,1.00169
1.03441,0.999661,1.01315,0.98473,0.976433,1.01652,0.999387,1.00188,0.997891,1.00973
1.02885,0.989958,1.02696,0.970314,0.966042,1.01156,1.00207,0.993626,0.986497,1.02044
1.01025,0.979934,1.01884,0.983746,0.980984,1.01233,1.00013,0.987782,0.974278,0.998482
1.01332,0.988106,1.02779,0.999911,0.98415,1.02659,1.00462,1.00414,0.994326,1.00438
0.997734,0.978183,1.01914,1.00401,0.976479,1.0182,1.00385,0.99997,0.986753,1.00638
0.994612,0.971928,1.01661,1.01534,0.965328,1.02478,0.992509,1.00955,0.992282,1.01442
1.00164,0.977076,0.998483,1.01272,0.954938,1.02932,1.00649,1.00109,0.996103,1.02088
0.987389,0.985137,0.995695,1.00959,0.951561,1.02517,0.996635,0.989551,0.99259,1.0122
1.00832,0.972905,1.02783,1.01905,0.951578,1.03895,0.982275,0.986682,0.994901,1.01208
1.01465,0.974399,1.03012,1.02692,0.968258,1.0388,0.974454,0.975106,1.00081,1.02777
1.01855,0.964048,1.03516,1.03468,0.967162,1.03439,0.980574,0.979501,1.00102,1.02539
1.03079,0.958984,1.03469,1.02694,0.950114,1.0454,0.985831,0.975559,1.00505,1.03339
1.01237,0.96308,1.03638,1.02607,0.953831,1.03038,0.98982,0.973577,1.01601,1.0333
1.01245,0.966954,1.04813,1.03796,0.952769,1.04415,0.967623,0.972492,1.01578,1.04275
1.00017,0.967409,1.05304,1.01269,0.95648,1.04532,0.968353,0.978814,1.01432,1.0364
0.993456,0.981724,1.04585,1.01215,0.945651,1.02966,0.984471,0.983529,1.02512,1.0032
0.988466,0.979738,1.05828,1.0169,0.939338,1.03418,0.99482,0.980233,1.01839,1.02101
0.992406,0.976714,1.0515,1.014,0.919777,1.02217,0.978551,0.992743,1.02032,1.0214
0.998475,0.974916,1.0583,1.02911,0.912647,1.02855,0.986355,0.972744,1.03172,1.03242
1.01115,0.973729,1.05526,1.01421,0.901988,1.03187,0.990414,0.974327,1.04221,1.03596
1.02861,0.965822,1.05853,0.998547,0.904377,1.01905,1.01376,0.953533,1.05896,1.02673
1.03987,0.966599,1.05551,0.99913,0.916587,1.05122,1.02159,0.951018,1.03972,1.01087
1.03952,0.971022,1.0783,0.991446,0.92614,1.06015,1.02701,0.947551,1.02181,1.00517
1.03634,0.961104,1.08663,0.992994,0.923573,1.08089,1.04971,0.950508,1.03466,0.996107
1.01159,0.966744,1.07368,1.00654,0.926765,1.06493,1.03428,0.943967,1.04108,0.997032
1.00592,0.960651,1.07924,1.0171,0.933978,1.06382,1.02685,0.935193,1.0198,1.01481
1.024,0.959237,1.08075,1.02324,0.935808,1.08255,1.03139,0.949461,1.01672,1.01483
1.01532,0.96437,1.09671,1.01927,0.929478,1.10423,1.03328,0.963666,1.02738,1.01144
1.02958,0.9742,1.10689,1.01335,0.929939,1.103,1.04748,0.975736,1.00756,1.01523
1.06955,0.97263,1.08706,1.01171,0.934029,1.11787,1.03807,0.968617,0.9907,1.01691
1.06981,0.963773,1.08835,0.999007,0.916631,1.13878,1.0239,0.97305,0.981779,1.01982
1.06209,0.961877,1.09205,0.99469,0.905909,1.14312,1.02918,0.959872,0.982304,1.02502
1.08262,0.939332,1.07962,0.995525,0.916685,1.14752,1.03531,0.95839,0.974267,1.03842
1.08049,0.945446,1.08091,1.00129,0.911203,1.14157,1.04654,0.958541,0.968883,1.03437
1.06883,0.928523,1.08195,1.01737,0.902236,1.14734,1.04932,0.967385,0.976368,1.03822
1.08404,0.930164,1.07567,1.00902,0.889267,1.16054,1.03849,0.964034,0.96588,1.02071
1.09223,0.916503,1.08438,0.991616,0.893458,1.18653,1.03341,0.948086,0.970581,1.02175
1.09113,0.935638,1.08751,0.967822,0.895824,1.19448,1.02173,0.963732,0.969401,1.01168
1.10783,0.937302,1.09115,0.984535,0.905158,1.2122,1.02775,0.961849,0.9858,1.01273
1.10052,0.931967,1.0792,0.983297,0.88506,1.20904,1.03575,0.973583,0.983626,0.999509
1.08303,0.953096,1.08053,0.983378,0.884986,1.22132,1.03008,0.968424,0.981257,0.992001
1.07877,0.964292,1.09214,1.00348,0.888712,1.21797,1.00996,0.966152,0.998123,0.987145
1.06783,0.955986,1.09425,1.01058,0.889221,1.19736,0.998959,0.974719,0.98954,0.985769
1.08557,0.951515,1.0845,1.00229,0.898831,1.22002,0.998598,0.961795,0.99145,0.981627
1.09656,0.961183,1.10378,1.0121,0.88785,1.22885,1.00772,0.967153,0.993528,0.964525
1.08683,0.94155,1.09856,1.02879,0.900399,1.23675,1.01987,0.978849,0.987095,0.963968
1.08622,0.94045,1.09529,1.02621,0.906798,1.23066,1.01942,0.976157,0.983481,0.972106
1.08399,0.942733,1.08664,1.01719,0.902476,1.23406,1.01269,0.967401,0.969714,0.973954
1.07434,0.957355,1.08023,1.02545,0.905277,1.23937,0.995126,0.96673,0.973,0.968082
1.071,0.949808,1.07501,1.00621,0.900129,1.24251,0.994944,0.955947,0.969211,0.968826
1.06783,0.954473,1.08418,1.01383,0.902377,1.25472,1.00305,0.940355,0.964684,0.966606
1.06405,0.923026,1.08028,1.0317,0.91211,1.25741,1.01366,0.935013,0.968165,0.969222
1.07455,0.908541,1.08807,1.03726,0.908454,1.24719,1.03069,0.935608,0.959313,0.990837
1.08135,0.889657,1.09545,1.0303,0.895389,1.22285,1.01852,0.942825,0.976093,0.976323
1.09347,0.882986,1.10207,1.04347,0.909923,1.22308,1.01504,0.945206,0.979432,0.99313
1.09193,0.873401,1.08779,1.03315,0.905519,1.22728,1.02781,0.934783,0.977489,0.998357
1.09422,0.873517,1.09153,1.03637,0.906314,1.21415,1.0336,0.944093,0.990757,1.00298
1.10512,0.873611,1.09365,1.03269,0.912206,1.23717,1.03419,0.942814,0.997215,1.01806
1.11107,0.866791,1.10251,1.023,0.907892,1.22831,1.03924,0.941761,0.98996,0.997641
1.10871,0.86921,1.10337,1.02864,0.894786,1.22546,1.02501,0.93702,0.992882,0.991753
1.10971,0.859635,1.12594,1.01056,0.881446,1.21484,1.02049,0.933913,0.988877,0.991326
1.10654,0.841466,1.11797,1.01823,0.860289,1.22929,1.02371,0.935932,1.00556,0.989783
1.10973,0.853214,1.12657,1.02739,0.858832,1.23324,1.03288,0.91967,0.995391,0.990153
1.11034,0.873206,1.12123,1.02287,0.868128,1.22651,1.02789,0.933382,0.980294,0.984404
1.12201,0.878334,1.12557,1.01694,0.866672,1.21664,1.01917,0.937249,0.981828,1.01421
1.12525,0.893808,1.13069,1.02348,0.857862,1.19799,1.01784,0.933912,0.981114,1.00813
1.12605,0.895453,1.12184,1.02551,0.841844,1.19748,1.02462,0.927219,0.987558,0.995152
1.11244,0.877722,1.14056,1.01582,0.834732,1.17564,1.03603,0.906388,0.984052,0.994078
1.11559,0.882413,1.12897,1.01562,0.830648,1.18544,1.03429,0.907191,0.981271,1.00693
1.12068,0.884798,1.12058,1.01002,0.821435,1.19086,1.03943,0.91206,0.97259,1.01274
1.12674,0.883924,1.14776,0.990711,0.834946,1.19203,1.04502,0.919266,0.973553,1.01233
1.1218,0.863794,1.15099,0.979523,0.83109,1.19366,1.05772,0.924531,0.982888,1.02837
1.13264,0.857453,1.15604,0.978649,0.834097,1.18171,1.06385,0.920387,0.96644,1.02738
1.13871,0.836934,1.17702,0.980244,0.845911,1.1807,1.08392,0.908867,0.963748,1.0277
1.13131,0.847373,1.19088,0.976341,0.849365,1.19035,1.08543,0.910725,0.957095,1.02552
1.12726,0.842236,1.20361,0.968343,0.850297,1.20456,1.10601,0.913884,0.955382,1.02248
1.11708,0.834303,1.20422,0.966469,0.840437,1.19665,1.10466,0.912403,0.96811,1.02657
1.09336,0.844531,1.20646,0.957302,0.836733,1.19784,1.1057,0.918248,0.959707,1.0365
1.07577,0.83154,1.19126,0.973718,0.843957,1.20929,1.11177,0.923803,0.954709,1.04195
1.07304,0.835671,1.20919,0.974835,0.827536,1.18628,1.09127,0.922155,0.959487,1.054
1.08292,0.841288,1.19592,0.968847,0.836995,1.18929,1.07961,0.934199,0.966853,1.05353
1.08998,0.851552,1.20867,0.958842,0.826994,1.16941,1.08108,0.93283,0.965677,1.06031
1.05426,0.86192,1.18435,0.955564,0.824953,1.18041,1.10333,0.924418,0.966953,1.06615
1.04654,0.873729,1.19521,0.967588,0.817408,1.19154,1.11483,0.931839,0.972319,1.0786
1.04978,0.874585,1.1932,0.973717,0.826675,1.16537,1.10685,0.918701,0.985824,1.08867
1.04254,0.861173,1.20748,0.982904,0.82307,1.14346,1.08659,0.920721,0.975908,1.11016
1.03738,0.868403,1.21429,0.978497,0.832639,1.13055,1.11207,0.932486,0.984907,1.12449
1.01973,0.860792,1.23603,0.967349,0.824249,1.13735,1.12159,0.933631,0.988088,1.11191
1.02739,0.854059,1.23431,0.971751,0.81671,1.13449,1.11804,0.942514,0.979453,1.09981
1.01513,0.838868,1.23477,0.979049,0.833978,1.14552,1.09202,0.933871,0.985325,1.08968
1.03461,0.842849,1.22698,0.996719,0.829685,1.15024,1.08209,0.951723,0.963793,1.09505
1.04665,0.860433,1.24455,0.994648,0.838671,1.13732,1.09412,0.956412,0.96744,1.09551
1.01957,0.865515,1.24352,1.00762,0.842423,1.1311,1.0891,0.956154,0.950777,1.10372
1.02929,0.870341,1.23116,1.00704,0.835063,1.13842,1.10113,0.961194,0.946364,1.11074
1.03613,0.869685,1.23386,1.00582,0.834611,1.12517,1.10294,0.965581,0.934421,1.13107
1.04827,0.865593,1.23614,0.999729,0.830366,1.12428,1.09738,0.960057,0.923196,1.11748
1.04732,0.860961,1.24643,0.993012,0.822185,1.11488,1.08416,0.948668,0.908884,1.10769
1.04792,0.864189,1.25035,0.981954,0.810354,1.09968,1.07514,0.932502,0.910618,1.09505
1.04525,0.871591,1.21793,0.978459,0.812237,1.0862,1.07531,0.927723,0.899909,1.09378
1.04372,0.869714,1.20853,0.972816,0.812147,1.08182,1.06698,0.923293,0.900807,1.08451
1.05013,0.870213,1.1919,0.973032,0.823419,1.07005,1.07088,0.917779,0.881435,1.06651
1.05308,0.867491,1.20046,0.9642,0.824857,1.09145,1.06731,0.917255,0.873444,1.06859
1.04936,0.866422,1.20254,0.967533,0.82455,1.07562,1.0668,0.921047,0.873715,1.08699
1.05926,0.853524,1.20925,0.977533,0.810222,1.08651,1.05876,0.910898,0.883993,1.09153
1.03688,0.853407,1.20774,0.981699,0.814427,1.08328,1.05239,0.91389,0.893932,1.07686
1.03508,0.852007,1.19067,0.989377,0.815078,1.08213,1.06666,0.913449,0.893384,1.09232
1.04291,0.844923,1.1891,0.976946,0.797225,1.08499,1.06993,0.913094,0.90435,1.1113
1.05029,0.866298,1.17411,0.985354,0.806229,1.08269,1.08257,0.912854,0.915761,1.0999
1.05636,0.869162,1.17645,0.991927,0.820066,1.07895,1.09276,0.912164,0.921483,1.10875
1.05185,0.885989,1.17608,0.982106,0.814675,1.08046,1.08454,0.895785,0.921221,1.08794
1.04555,0.880829,1.16154,0.986651,0.814541,1.08267,1.08346,0.896855,0.926732,1.0912
1.05668,0.890174,1.12692,0.982868,0.809495,1.10146,1.07548,0.889995,0.924067,1.0839
1.04208,0.879183,1.13165,0.977327,0.804286,1.09867,1.0755,0.881996,0.926471,1.08568
1.0312,0.872558,1.16802,0.996151,0.798435,1.08321,1.08141,0.877117,0.927941,1.08448
1.02714,0.86026,1.16481,0.98984,0.78495,1.08867,1.07911,0.878903,0.921173,1.07689
1.04911,0.859773,1.18439,0.988222,0.786722,1.09742,1.09664,0.883786,0.922511,1.06833
1.06501,0.843327,1.18559,0.99319,0.786398,1.09324,1.09317,0.888581,0.91579,1.06358
1.07071,0.84225,1.19832,0.985383,0.798929,1.0876,1.11799,0.891168,0.900885,1.08376
1.05946,0.8455,1.19563,0.979864,0.788228,1.09458,1.13554,0.894758,0.913826,1.08027
1.06672,0.840227,1.19549,0.988153,0.797866,1.09851,1.14382,0.916406,0.89824,1.05055
1.07976,0.83279,1.19202,0.976251,0.797396,1.09881,1.13706,0.923972,0.901442,1.05049
1.09042,0.837431,1.19685,0.971183,0.793967,1.09298,1.14171,0.933419,0.906657,1.06018
1.10568,0.83201,1.20373,0.97113,0.786831,1.08965,1.12732,0.921133,0.901071,1.05319
1.09438,0.840218,1.20873,0.972668,0.794847,1.07792,1.11269,0.929315,0.914461,1.05518
1.09567,0.832149,1.19181,0.981419,0.795288,1.07056,1.10405,0.935748,0.927234,1.05795
1.07816,0.826386,1.18761,0.977866,0.788148,1.06527,1.11185,0.935171,0.929008,1.05676
1.0833,0.819079,1.20385,0.959894,0.775707,1.0665,1.11196,0.94319,0.928984,1.05075
1.07216,0.825211,1.20589,0.954509,0.781289,1.0642,1.12862,0.94212,0.907078,1.05506
1.07321,0.821219,1.19901,0.970104,0.777256,1.0667,1.14408,0.947131,0.909304,1.06652
1.0718,0.817679,1.19801,0.948092,0.788099,1.06598,1.15256,0.949656,0.918071,1.07567
1.05683,0.822518,1.1999,0.972063,0.789006,1.05569,1.13382,0.951249,0.910718,1.09096
1.06392,0.827246,1.20456,0.994228,0.786478,1.05773,1.11914,0.957548,0.92465,1.09073
1.06458,0.823988,1.21642,1.00428,0.791148,1.06035,1.13219,0.968233,0.923303,1.07865
1.06824,0.835775,1.20751,1.01314,0.787942,1.05455,1.14583,0.961906,0.922855,1.06093
1.06723,0.836807,1.21424,1.01485,0.792254,1.05264,1.14585,0.940906,0.927125,1.068
1.06275,0.829596,1.23507,1.01918,0.794889,1.03749,1.12706,0.93285,0.928933,1.08827
1.05394,0.833191,1.23039,1.03025,0.800742,1.05017,1.10928,0.920155,0.935342,1.09943
1.06561,0.814903,1.22618,1.03137,0.799609,1.04989,1.09904,0.916565,0.944079,1.09682
1.06712,0.81596,1.22687,1.02523,0.804146,1.04351,1.08021,0.914252,0.940742,1.08196
1.07649,0.808351,1.24182,1.0239,0.799847,1.04474,1.08027,0.915131,0.929055,1.08589
1.07325,0.799194,1.27892,1.02756,0.796118,1.03699,1.0901,0.918282,0.938994,1.09521
1.09128,0.795677,1.28215,1.03088,0.803562,1.02812,1.09341,0.911986,0.929198,1.10223
1.11271,0.791654,1.27694,1.03004,0.807599,1.0416,1.0942,0.914788,0.925344,1.08273
1.14825,0.775533,1.26629,1.0316,0.80717,1.03539,1.07905,0.909106,0.92834,1.06838
1.15621,0.772829,1.27959,1.02692,0.813714,1.04067,1.07742,0.918654,0.932732,1.06843
1.14219,0.7716,1.26185,1.02556,0.833148,1.05109,1.08022,0.907324,0.935509,1.0623
1.14232,0.771389,1.25672,1.03529,0.851136,1.04793,1.07832,0.9015,0.926319,1.05093
1.14531,0.77713,1.24969,1.04315,0.846188,1.07032,1.07575,0.907844,0.917313,1.04868
1.14169,0.776281,1.25692,1.05936,0.843509,1.06265,1.08317,0.915408,0.915038,1.05773
1.14949,0.776377,1.25737,1.05639,0.840823,1.0516,1.08244,0.910159,0.898293,1.06428
1.14932,0.783748,1.27168,1.06785,0.860939,1.06008,1.08055,0.907092,0.908986,1.07688
1.15097,0.77904,1.29121,1.07247,0.871923,1.07446,1.0753,0.920245,0.913893,1.0764
1.15411,0.78894,1.29068,1.05725,0.872619,1.07142,1.06438,0.927213,0.911073,1.07439
1.14904,0.788797,1.29337,1.07399,0.868712,1.07272,1.06247,0.934673,0.892959,1.09582
1.1311,0.78125,1.30096,1.0834,0.876967,1.06494,1.06069,0.920352,0.888534,1.10687
1.12181,0.781207,1.30477,1.06463,0.876642,1.06777,1.05173,0.927859,0.88514,1.0911
1.13363,0.782307,1.294,1.07081,0.865895,1.07262,1.02563,0.93609,0.875576,1.11717
1.13598,0.798483,1.29776,1.06219,0.878054,1.08246,1.01799,0.92565,0.886211,1.11455
1.16854,0.799682,1.29955,1.07988,0.882838,1.0773,1.01208,0.937888,0.878136,1.12701
1.15976,0.80462,1.32465,1.07679,0.891234,1.09865,0.996786,0.947933,0.884347,1.11908
1.15779,0.787477,1.30515,1.06797,0.895304,1.08745,0.996017,0.946575,0.896766,1.13172
1.15188,0.794564,1.30425,1.06498,0.896784,1.08983,0.983363,0.961479,0.918827,1.1338
1.1461,0.783861,1.31001,1.05245,0.913123,1.10574,0.993589,0.961248,0.927822,1.12563
1.16345,0.787492,1.29159,1.04517,0.907253,1.11036,0.980131,0.963842,0.93415,1.12602
1.18599,0.789579,1.29606,1.0544,0.911848,1.12007,0.983115,0.954527,0.943299,1.1338
1.19923,0.792581,1.28432,1.05332,0.938975,1.10559,0.993412,0.955135,0.957876,1.11982
1.19054,0.795056,1.29833,1.04882,0.940794,1.09971,0.989732,0.940255,0.966456,1.11694
1.1782,0.794363,1.30787,1.06717,0.93737,1.10331,0.986913,0.942535,0.959145,1.12018
1.18979,0.796062,1.30696,1.07752,0.927681,1.10551,0.993179,0.942102,0.951264,1.11094
1.17772,0.79467,1.33371,1.05723,0.92186,1.12095,0.989684,0.953609,0.971722,1.12524
1.18627,0.80108,1.33695,1.03574,0.92048,1.11655,0.972096,0.962599,0.986383,1.13184
1.13896,0.796627,1.3462,1.04408,0.944315,1.10804,0.97123,0.94671,0.994536,1.14898
1.15818,0.795051,1.35725,1.04103,0.941532,1.10516,0.976587,0.943223,0.982104,1.16045
1.15453,0.778506,1.34458,1.03634,0.949423,1.10122,0.971215,0.937912,0.983578,1.18116
1.15744,0.778981,1.33631,1.03679,0.95685,1.12711,0.994819,0.943376,0.989924,1.18817
1.15246,0.784247,1.31984,1.02674,0.957737,1.12418,0.99668,0.944916,0.992398,1.18256
1.15031,0.787272,1.31774,1.02595,0.9309,1.13259,1.01707,0.939281,0.993188,1.18655
1.15792,0.801995,1.33684,1.01389,0.921584,1.11896,0.993331,0.923795,1.00042,1.18115
1.16256,0.80092,1.3615,1.01978,0.911125,1.11886,0.989302,0.915042,1.00546,1.16697
1.16929,0.808454,1.34672,1.01454,0.923347,1.11907,0.978671,0.914211,0.996262,1.17284
1.18276,0.815308,1.34459,1.00391,0.914685,1.09658,0.987252,0.925715,0.982229,1.17026
1.17761,0.830683,1.34125,1.01301,0.913805,1.08578,0.980577,0.925297,0.977735,1.16018
1.16496,0.82502,1.32272,1.01153,0.908859,1.09696,0.991631,0.936392,0.964,1.16386
1.14615,0.815105,1.34016,1.00817,0.90241,1.09568,0.990468,0.92827,0.982269,1.1966
1.14725,0.812904,1.32203,1.00925,0.912797,1.10667,0.977456,0.927957,0.978916,1.16625
1.14212,0.816063,1.32918,1.01047,0.91661,1.09161,0.987854,0.942533,0.968291,1.16428
1.14467,0.813121,1.3381,1.00815,0.926223,1.08948,0.973504,0.95736,0.976753,1.16394
1.15502,0.813587,1.33911,1.01261,0.91991,1.07398,0.984789,0.950656,0.978736,1.1813
1.16783,0.812429,1.36969,1.0228,0.932559,1.08298,0.971304,0.95674,0.995895,1.19247
1.15575,0.80567,1.35316,1.01715,0.913811,1.07108,0.986949,0.951871,0.993369,1.1989
1.15735,0.807949,1.3673,1.00628,0.922624,1.07969,0.983441,0.952139,0.992564,1.20217
1.15765,0.817676,1.38771,1.02423,0.912288,1.08233,0.984732,0.944093,1.01651,1.196
1.18198,0.827363,1.38562,1.03501,0.905302,1.09372,0.985342,0.936945,0.996308,1.1883
1.18729,0.831181,1.38834,1.03819,0.893649,1.10972,0.989168,0.934166,0.999742,1.16997
1.17477,0.826518,1.37807,1.0347,0.910504,1.11317,0.993492,0.916348,0.999418,1.17732
1.18724,0.838094,1.3735,1.05649,0.911168,1.12394,0.985014,0.937849,0.977429,1.19412
1.18261,0.850981,1.39376,1.05486,0.90872,1.13753,0.984852,0.930333,0.986296,1.20397
1.19048,0.853001,1.38002,1.05544,0.910696,1.15138,0.980718,0.941021,0.970134,1.19778
1.19654,0.861973,1.37888,1.04257,0.927559,1.14951,0.987146,0.935911,0.971571,1.19449
1.21097,0.850406,1.37754,1.05206,0.915626,1.15284,0.978508,0.919739,0.962699,1.21106
1.2127,0.850859,1.38463,1.05286,0.913902,1.14945,0.969385,0.910554,0.949117,1.22429
1.19658,0.85568,1.37656,1.04306,0.917732,1.14378,0.974523,0.893588,0.94821,1.23829
1.19148,0.865819,1.3764,1.0445,0.919565,1.13279,0.988618,0.895146,0.961391,1.22959
1.17445,0.872557,1.37869,1.05256,0.905219,1.11948,0.999631,0.885923,0.958977,1.22111
1.19062,0.874446,1.37334,1.04593,0.903449,1.12481,1.0008,0.897878,0.962621,1.2245
1.18665,0.884526,1.39711,1.03943,0.897376,1.13107,1.00677,0.89842,0.944873,1.23642
1.19226,0.89507,1.40736,1.03336,0.89634,1.12453,1.01095,0.900395,0.943365,1.24114
1.17727,0.897474,1.38131,1.04258,0.892642,1.11912,1.00301,0.896929,0.921239,1.24466
1.18044,0.89306,1.37152,1.02909,0.923847,1.1197,1.00235,0.901865,0.922975,1.25576
1.18655,0.898554,1.39332,1.01764,0.926349,1.1202,1.00095,0.892684,0.924887,1.26473
1.20317,0.908342,1.37673,1.02485,0.930879,1.11544,1.00344,0.883765,0.934865,1.25157
1.18773,0.899398,1.37861,1.03293,0.939671,1.1277,0.992933,0.874547,0.929039,1.25293
1.20305,0.880977,1.3574,1.02081,0.935991,1.13819,0.996199,0.872345,0.934091,1.26458
1.20286,0.892522,1.3217,1.01608,0.936549,1.11315,1.00508,0.891324,0.931096,1.25996
1.20071,0.892625,1.31915,1.02625,0.940783,1.11197,1.00593,0.895954,0.936481,1.26226
1.18961,0.893312,1.30849,1.0238,0.943439,1.12318,1.0165,0.881158,0.959525,1.27281
1.19592,0.88199,1.27972,1.01694,0.949218,1.10386,1.02319,0.901507,0.971827,1.24277
1.19161,0.868335,1.28952,1.01863,0.950306,1.10833,1.02172,0.900343,0.966462,1.24257
1.19348,0.860182,1.31537,1.02431,0.949208,1.11118,1.02928,0.88974,0.967937,1.24976
1.20989,0.855059,1.29677,1.02917,0.946773,1.11864,1.03538,0.888348,0.951909,1.25223
1.22819,0.846972,1.27443,1.03331,0.944005,1.12922,1.0272,0.888991,0.954849,1.25209
1.21758,0.840177,1.28327,1.03007,0.938209,1.14372,1.0315,0.84869,0.935758,1.23859
1.22778,0.838416,1.29044,1.03644,0.933033,1.15481,1.02971,0.839547,0.93299,1.22641
1.22962,0.840526,1.30403,1.03528,0.925207,1.16481,1.0496,0.82879,0.934967,1.23696
1.2184,0.827599,1.2922,1.0261,0.922414,1.17737,1.03281,0.844172,0.943367,1.24628
1.23517,0.82916,1.30191,1.00085,0.927751,1.17941,1.03969,0.84915,0.938778,1.24954
1.2359,0.822318,1.29414,0.99184,0.934378,1.15753,1.04569,0.84609,0.967273,1.26648
1.24242,0.809417,1.27399,0.993496,0.927772,1.15137,1.05462,0.832633,0.979822,1.26393
1.24268,0.808158,1.27575,0.983197,0.940428,1.14857,1.03458,0.831358,0.981067,1.26741
1.24917,0.814316,1.29166,0.988489,0.941153,1.13329,1.00839,0.834588,0.972368,1.25169
1.23498,0.815643,1.29559,1.00046,0.930167,1.11628,1.00181,0.821944,0.966743,1.26117
1.23479,0.817126,1.28987,1.00778,0.945449,1.09736,1.01275,0.820608,0.965927,1.25832
1.22874,0.800523,1.28582,0.993003,0.953415,1.07548,1.00778,0.817369,0.960084,1.25363
1.22158,0.806342,1.29427,0.989785,0.964742,1.0782,0.999094,0.830519,0.945435,1.242
1.23714,0.816523,1.3237,0.983183,0.979072,1.0676,1.00671,0.826726,0.928775,1.25261
1.23625,0.816804,1.33721,0.974797,0.985952,1.05834,1.01768,0.819698,0.926476,1.25018
1.2352,0.813461,1.34215,0.971288,0.972233,1.03759,1.01936,0.809173,0.899718,1.2388
1.23344,0.80872,1.3506,0.971448,0.976395,1.03488,1.04271,0.797414,0.900789,1.21398
1.2134,0.799098,1.33941,0.95858,0.965434,1.03636,1.04289,0.824578,0.892872,1.20805
1.21688,0.796368,1.33816,0.944134,0.971088,1.04871,1.04524,0.82182,0.908888,1.21511
1.2142,0.806422,1.34455,0.950035,0.966942,1.04224,1.05681,0.825635,0.911813,1.21699
1.20462,0.81427,1.35561,0.950309,0.961749,1.04313,1.05205,0.824817,0.90053,1.20737
1.20102,0.818451,1.34441,0.951298,0.982658,1.0587,1.04978,0.823856,0.906244,1.19569
1.19372,0.813771,1.34427,0.95768,0.977394,1.06599,1.05681,0.820568,0.909251,1.19748
1.17388,0.814922,1.33958,0.953054,0.971816,1.05121,1.06367,0.823027,0.919425,1.18851
1.18089,0.819979,1.35015,0.961547,0.976722,1.03821,1.05846,0.822422,0.907409,1.18324
1.18545,0.824798,1.33443,0.95751,1.00064,1.04931,1.04988,0.832294,0.899475,1.19371
1.19111,0.82979,1.32931,0.953686,1.00049,1.04819,1.04477,0.82909,0.894809,1.18545
1.18593,0.844985,1.34232,0.966636,0.990209,1.05547,1.04064,0.821495,0.894366,1.17102
1.18306,0.834741,1.33567,0.971412,0.994538,1.03458,1.0414,0.824081,0.915648,1.16268
1.18587,0.841093,1.35325,0.963304,0.987887,1.03754,1.03487,0.816975,0.933687,1.17867
1.18543,0.834015,1.34985,0.964655,0.985935,1.04831,1.03359,0.805091,0.923295,1.17511
1.18209,0.833422,1.34808,0.97327,0.978414,1.03964,1.0423,0.8022,0.936832,1.18933
1.17239,0.829544,1.37727,0.969766,0.961164,1.04835,1.03485,0.806302,0.924842,1.18044
1.22158,0.831233,1.38114,0.956547,0.958354,1.04374,1.02517,0.804313,0.926274,1.17087
1.25256,0.827331,1.38335,0.957346,0.951963,1.04857,1.01994,0.79021,0.939959,1.19308
1.23117,0.840482,1.36337,0.951865,0.947743,1.04641,1.01984,0.791699,0.939187,1.1971
1.24757,0.847745,1.36622,0.959421,0.946707,1.04828,1.01594,0.795917,0.927827,1.18189
1.26603,0.847006,1.35725,0.967436,0.963268,1.05374,1.01453,0.808266,0.951728,1.16315
1.27262,0.869636,1.3494,0.958339,0.961125,1.06966,1.00078,0.808875,0.940449,1.15437
1.27399,0.85792,1.31917,0.956399,0.952416,1.08197,1.02008,0.798813,0.931718,1.15057
1.27756,0.869385,1.31288,0.959498,0.953917,1.07834,1.04695,0.796648,0.943183,1.1446
1.255,0.859569,1.31537,0.963735,0.944164,1.0678,1.03691,0.790994,0.930294,1.13094
1.25165,0.854939,1.30884,0.97422,0.942385,1.07837,1.03044,0.78013,0.93337,1.13601
1.26955,0.848802,1.31886,0.981695,0.948053,1.07307,1.03289,0.781888,0.936206,1.13275
1.25899,0.854603,1.3463,0.975234,0.966188,1.07172,1.02417,0.782182,0.942602,1.14059
1.25023,0.84066,1.35164,0.988967,0.982032,1.0661,1.01583,0.7727,0.945517,1.15659
1.2454,0.829041,1.34233,0.984133,0.983094,1.05059,1.0282,0.765985,0.938702,1.18441
1.25394,0.814934,1.34787,0.974609,0.977482,1.05479,1.00849,0.764359,0.950788,1.20385
1.2367,0.824316,1.37247,0.962286,0.978217,1.06671,1.00914,0.768621,0.963381,1.20099
1.24285,0.818548,1.38739,0.949706,0.967954,1.08097,1.0127,0.750939,0.951978,1.2031
1.24531,0.822016,1.4037,0.955084,0.963468,1.07295,1.03252,0.751995,0.955686,1.19798
1.23622,0.818666,1.39933,0.958412,0.954359,1.09489,1.03961,0.756133,0.946027,1.19734
1.25049,0.827034,1.40587,0.955538,0.952855,1.11553,1.03334,0.751817,0.96181,1.18495
1.26245,0.824594,1.40007,0.953292,0.952416,1.12466,1.03943,0.752566,0.974548,1.16884
1.25078,0.826856,1.42262,0.957712,0.955389,1.12571,1.04141,0.748054,0.995708,1.1736
1.2478,0.832911,1.41068,0.963715,0.946743,1.1174,1.04206,0.737963,0.997796,1.17818
1.24838,0.84088,1.39565,0.967347,0.943844,1.13571,1.04707,0.730904,1.00589,1.17123
1.23815,0.833647,1.37913,0.970939,0.938494,1.12309,1.05186,0.724172,1.00004,1.16448
1.22099,0.832925,1.37918,0.986597,0.929055,1.12598,1.03618,0.722669,0.994682,1.17815
1.24204,0.838023,1.40097,0.985279,0.932371,1.10066,1.04632,0.720615,0.993197,1.19329
1.23635,0.839309,1.40897,0.986497,0.940566,1.09677,1.05742,0.720475,0.985482,1.18375
1.24259,0.841183,1.43708,0.988213,0.941238,1.0941,1.05321,0.721096,0.99888,1.17757
1.24644,0.85121,1.43921,0.983905,0.948585,1.09764,1.04662,0.718781,1.00841,1.17068
1.2624,0.860654,1.43939,0.983032,0.946965,1.11464,1.03464,0.71978,1.01723,1.15214
1.24724,0.831326,1.42766,0.977914,0.927665,1.11736,1.02573,0.725291,1.01725,1.15653
1.25357,0.817023,1.42768,0.965391,0.923881,1.11687,1.02437,0.714219,1.01065,1.16478
1.26064,0.81256,1.40931,0.950599,0.915223,1.10671,1.04903,0.714483,1.02186,1.14745
1.26294,0.812477,1.42881,0.95919,0.9325,1.0944,1.0476,0.710606,1.02226,1.16259
1.26485,0.800329,1.42141,0.969682,0.935523,1.08619,1.05015,0.713726,1.02253,1.14498
1.25865,0.805386,1.39348,0.965776,0.948053,1.09341,1.0614,0.712637,1.02322,1.13788
1.26643,0.819802,1.36939,0.979093,0.942083,1.08732,1.05396,0.718776,1.01845,1.13322
1.2567,0.828669,1.36198,0.982708,0.93903,1.07962,1.03345,0.724606,1.02789,1.13132
1.26082,0.822757,1.35832,0.973458,0.931927,1.07772,1.05833,0.729982,1.03375,1.13633
1.26984,0.81535,1.36936,0.978176,0.941108,1.06501,1.06051,0.741194,1.04058,1.13893
1.26188,0.810956,1.36861,0.987553,0.946097,1.06599,1.06554,0.751089,1.04999,1.13048
1.26516,0.818209,1.35044,0.991108,0.948364,1.07199,1.05364,0.756762,1.02607,1.1507
1.24566,0.816501,1.33634,0.985214,0.949114,1.06687,1.0574,0.743899,1.02585,1.15553
1.23859,0.815579,1.34937,0.986176,0.947777,1.07962,1.06279,0.743896,1.01861,1.16189
1.23121,0.807419,1.35337,0.98689,0.954393,1.06613,1.05516,0.745324,1.00912,1.19103
1.22905,0.809028,1.34405,0.99238,0.963948,1.04394,1.03785,0.745601,1.00802,1.1989
1.23593,0.817454,1.35016,0.984244,0.958725,1.0414,1.02843,0.743767,1.01192,1.20506
1.22015,0.803894,1.35966,0.997535,0.953182,1.02221,1.01565,0.735997,1.01841,1.2008
1.22315,0.793022,1.36911,0.987447,0.960518,1.01112,1.0199,0.730577,1.01864,1.21301
1.20169,0.796629,1.36288,0.998222,0.968752,0.995605,1.01589,0.733956,1.01724,1.22368
1.20127,0.802506,1.35657,0.992503,0.967265,1.00035,1.01295,0.729978,1.01188,1.20334
1.21732,0.805931,1.35627,0.978053,0.956039,0.999149,1.02431,0.72518,1.01975,1.2093
1.22012,0.800896,1.37031,0.956675,0.950834,0.999404,1.02875,0.714192,1.0222,1.21054
1.22367,0.793031,1.35132,0.95906,0.962293,1.02236,1.01509,0.724178,1.01806,1.22347
1.23067,0.790371,1.33111,0.956477,0.962333,1.02728,1.03722,0.71627,1.01415,1.23086
1.24358,0.792104,1.34337,0.97473,0.96433,1.02247,1.03508,0.709693,1.02962,1.22473
1.25387,0.78534,1.34628,0.972023,0.971229,1.01212,1.04505,0.708576,1.03756,1.23282
1.25868,0.790559,1.33969,0.978854,0.969679,1.02528,1.05966,0.703025,1.02341,1.25
1.25316,0.803325,1.31566,0.986162,0.973088,1.03358,1.07575,0.68877,1.01815,1.25596
1.25781,0.802305,1.31682,1.00675,0.964956,1.03546,1.08691,0.685956,1.00498,1.27443
1.26707,0.791975,1.31035,1.00795,0.973821,1.01676,1.09826,0.67815,1.0031,1.2589
1.25755,0.811681,1.31349,1.00231,0.996663,1.03513,1.07239,0.679736,1.00793,1.27762
1.26084,0.813325,1.33317,0.990325,1.00742,1.0499,1.08718,0.669537,1.01436,1.29104
1.25715,0.798763,1.34764,0.998041,1.00908,1.0454,1.08501,0.678341,1.02516,1.28443
1.25152,0.810372,1.34969,0.99333,1.00648,1.05219,1.08544,0.682537,1.04552,1.26758
1.23695,0.80262,1.34762,0.989197,1.00329,1.05372,1.07703,0.673158,1.04625,1.25917
1.25556,0.812331,1.36157,0.984012,0.997476,1.05553,1.07841,0.671313,1.0557,1.25116
1.25047,0.805881,1.35127,0.988424,0.983746,1.05243,1.05803,0.669933,1.04485,1.26065
1.25965,0.800903,1.34768,0.981174,0.984886,1.04428,1.04673,0.679104,1.0365,1.2366
1.26089,0.804936,1.34886,0.981535,0.992628,1.03627,1.02968,0.67712,1.04317,1.23792
1.26057,0.808415,1.34789,0.986992,1.00509,1.04105,1.02863,0.678012,1.04887,1.24734
1.25252,0.804943,1.33406,0.991403,1.01649,1.03698,1.03469,0.670975,1.06143,1.28023
1.23292,0.809132,1.33782,0.978787,1.02375,1.0385,1.02476,0.660977,1.06794,1.27307
1.22582,0.807085,1.33213,0.987101,1.024,1.03124,1.046,0.671871,1.05689,1.27185
1.22313,0.791991,1.32839,0.99345,1.02298,1.02258,1.0477,0.662323,1.04878,1.27154
1.22565,0.792799,1.32816,0.978514,1.01996,1.03304,1.03834,0.671931,1.03955,1.27799
1.21899,0.794005,1.35312,0.97187,1.02227,1.03347,1.03118,0.663556,1.01537,1.26233
1.21619,0.781283,1.36123,0.979997,1.00133,1.03612,1.01674,0.669552,1.01565,1.26965
1.21738,0.79444,1.34114,0.965716,0.998378,1.03031,1.02998,0.668677,1.01764,1.25569
1.21981,0.795095,1.33705,0.958938,1.01022,1.02545,1.01545,0.656502,1.02574,1.2817
1.22593,0.786376,1.33266,0.950726,1.00421,1.04058,1.01299,0.664781,1.02606,1.27702
1.21934,0.766965,1.34982,0.960368,0.991597,1.03443,1.01436,0.665273,1.01916,1.2945
1.21392,0.765202,1.3157,0.948945,0.984404,1.04176,1.01299,0.667797,1.0289,1.27917
1.21051,0.764934,1.31653,0.964337,0.960211,1.01743,1.0055,0.67778,1.03483,1.29173
1.22763,0.763255,1.32379,0.968876,0.958474,0.997166,1.02379,0.679648,1.04497,1.30278
1.24801,0.771074,1.32654,0.961492,0.958908,1.01517,1.03333,0.685917,1.05265,1.28005
1.26956,0.778272,1.31984,0.973251,0.948103,1.00007,1.0436,0.688212,1.05615,1.26851
1.27235,0.772966,1.32967,0.973469,0.946494,1.00899,1.02949,0.68056,1.06158,1.27448
1.27619,0.773453,1.32405,0.981764,0.957158,1.01345,1.03401,0.683412,1.04679,1.28482
1.29464,0.770692,1.32839,0.990244,0.965752,1.01507,1.03796,0.685744,1.04163,1.27899
1.29464,0.768758,1.34748,1.00099,0.957789,1.01307,1.03057,0.691764,1.03876,1.28711
1.3035,0.762862,1.34927,0.994365,0.957147,1.01532,1.03371,0.687393,1.0228,1.30036
1.28531,0.766643,1.35654,0.989383,0.953444,1.00325,1.04108,0.695387,1.03002,1.27212
1.29373,0.760036,1.36781,0.999325,0.946081,1.01752,1.03695,0.698837,1.05656,1.26964
1.2903,0.756155,1.35939,0.992534,0.935684,1.0204,1.03638,0.703901,1.06163,1.26688
1.32034,0.758779,1.31831,0.995374,0.926073,1.01501,1.03821,0.708148,1.04749,1.28686
1.32134,0.761076,1.33354,1.00085,0.913986,1.01575,1.04051,0.699097,1.0619,1.29168
1.32705,0.761353,1.32914,1.00583,0.912539,1.00379,1.05181,0.699026,1.06972,1.27784
1.32083,0.766277,1.3406,1.01077,0.918267,0.996869,1.0485,0.698649,1.05629,1.27045
1.31217,0.755755,1.32441,1.00582,0.917099,1.00208,1.0502,0.69789,1.05302,1.27252
1.31007,0.755549,1.33158,1.01347,0.911718,0.997387,1.05538,0.701029,1.04984,1.26905
1.29915,0.764805,1.35192,1.02514,0.899432,0.982739,1.05049,0.688162,1.03027,1.27734
1.31369,0.755849,1.34058,1.03291,0.904948,0.983561,1.04666,0.68704,1.03307,1.27684
1.27808,0.760203,1.35836,1.04502,0.897025,1.00911,1.05286,0.678853,1.03474,1.27713
1.27016,0.75807,1.36267,1.05241,0.880881,1.01791,1.06385,0.674754,1.02876,1.27356
1.24553,0.753108,1.34878,1.04223,0.890976,1.01293,1.05995,0.673688,1.02143,1.26879
1.25661,0.753701,1.36801,1.05241,0.892358,1.02255,1.07418,0.679646,1.02603,1.24611
1.2343,0.74772,1.36712,1.03841,0.894656,1.00907,1.07681,0.687019,1.03168,1.26999
1.23746,0.74402,1.37702,1.04897,0.908705,1.0056,1.08986,0.684767,1.03862,1.27101
1.25176,0.747524,1.37305,1.04589,0.916597,0.993554,1.06804,0.682615,1.04258,1.25596
1.26108,0.751171,1.36314,1.06043,0.916984,0.98227,1.06285,0.668601,1.01521,1.26575
1.27757,0.752388,1.36807,1.0563,0.916302,0.974453,1.07463,0.677763,1.02633,1.28296
1.29103,0.760935,1.36161,1.05369,0.919416,0.971219,1.07926,0.691212,1.04183,1.29178
1.27,0.76671,1.36684,1.04683,0.912444,0.961052,1.0838,0.699163,1.0297,1.29446
1.27798,0.762798,1.35028,1.04408,0.910271,0.964116,1.07541,0.695749,1.04087,1.29772
1.29485,0.762748,1.36233,1.03733,0.898695,0.965921,1.08447,0.69597,1.03803,1.29453
1.2919,0.777711,1.3612,1.03748,0.88752,0.986841,1.07804,0.680801,1.03484,1.3041
1.28772,0.777759,1.38616,1.0369,0.879755,0.981567,1.06711,0.690042,1.021,1.31113
1.31964,0.779867,1.38211,1.04981,0.882873,0.97648,1.0629,0.694369,1.00876,1.3192
1.32539,0.777258,1.3878,1.06106,0.870708,0.97778,1.05676,0.71173,0.997403,1.29976
1.33103,0.768633,1.39613,1.05153,0.873777,0.959493,1.05234,0.712819,1.00381,1.30111
1.34845,0.758952,1.38756,1.04023,0.86797,0.969143,1.05247,0.724631,1.00138,1.28146
1.35547,0.753353,1.40224,1.06263,0.861856,0.964408,1.06385,0.725304,1.00615,1.28392
1.3569,0.745309,1.38626,1.08801,0.870619,0.976156,1.06224,0.720895,1.00238,1.28343
1.35803,0.739924,1.37997,1.0582,0.866742,0.95419,1.0654,0.732147,1.02156,1.29105
1.35503,0.739225,1.40516,1.05806,0.876139,0.949363,1.07176,0.725779,1.02011,1.30184
1.35395,0.74124,1.41778,1.05913,0.863147,0.944479,1.08491,0.740847,1.02468,1.32202
1.34384,0.749373,1.43438,1.04946,0.866611,0.947669,1.10021,0.725696,1.02156,1.30451
1.34538,0.739534,1.44615,1.0586,0.870895,0.959903,1.10066,0.736453,1.011,1.31665
1.35463,0.74349,1.46159,1.0669,0.872008,0.958792,1.10118,0.733296,1.02303,1.30557
1.35491,0.734672,1.43862,1.06807,0.878873,0.963444,1.1007,0.740703,1.00566,1.31218
1.3488,0.725018,1.43224,1.0578,0.872593,0.967991,1.09973,0.736816,1.00892,1.31926
1.35856,0.719341,1.4283,1.07339,0.869134,0.963961,1.10196,0.741299,1.01231,1.33686
1.34885,0.733414,1.41718,1.06731,0.866773,0.959177,1.10164,0.730723,1.00169,1.36801
1.3444,0.732064,1.41884,1.06343,0.874349,0.967825,1.1044,0.741782,1.01295,1.36493
1.34347,0.728948,1.42345,1.06081,0.870005,0.965682,1.105,0.736916,1.00861,1.37962
1.32863,0.725086,1.44214,1.05614,0.881712,0.972901,1.106,0.733304,1.00288,1.39658
1.33263,0.726357,1.46863,1.04183,0.879697,0.963234,1.08314,0.722677,0.994618,1.39469
1.30669,0.722504,1.45207,1.04631,0.881829,0.943858,1.07692,0.735259,1.00535,1.39751
1.33065,0.722078,1.44809,1.02416,0.880957,0.934557,1.07909,0.738256,1.01119,1.40947
1.33912,0.718747,1.4368,1.01353,0.873598,0.932609,1.08705,0.720653,1.00224,1.43352
1.33344,0.726198,1.44065,1.01647,0.88041,0.928478,1.07667,0.721075,1.00132,1.43838
1.33892,0.720286,1.42329,1.01529,0.869986,0.931583,1.06677,0.713,0.979581,1.44707
1.33212,0.725287,1.4337,1.01837,0.855078,0.920255,1.06311,0.694889,0.999903,1.43247
1.33788,0.734056,1.43858,1.02062,0.861101,0.904613,1.07701,0.680639,0.988623,1.41683
1.32421,0.751046,1.44823,1.01686,0.866739,0.890031,1.06457,0.675608,1.00588,1.41286
1.32218,0.756827,1.47208,1.00421,0.867881,0.901844,1.0635,0.675821,1.01175,1.41017
1.33746,0.757451,1.46446,1.01128,0.876633,0.906558,1.0541,0.662197,1.00815,1.40461
1.33187,0.744923,1.47224,0.995175,0.879725,0.901368,1.05254,0.65772,1.01825,1.42442
1.34229,0.744461,1.45703,1.00506,0.893367,0.89651,1.05118,0.6603,1.0242,1.41184
1.32671,0.746061,1.4611,1.00369,0.899201,0.887688,1.04745,0.662516,1.02361,1.40637
1.31631,0.73623,1.45408,1.00186,0.904226,0.883836,1.06274,0.674551,1.0249,1.43289
1.34754,0.740457,1.44929,1.01359,0.914965,0.897811,1.06025,0.670778,1.02438,1.44139
1.3538,0.739287,1.45224,1.02297,0.91714,0.891189,1.07065,0.672326,1.02098,1.45642
1.35739,0.736484,1.44707,1.01257,0.924155,0.900027,1.05255,0.682132,1.01806,1.42733
1.37749,0.727818,1.44407,0.991191,0.918025,0.9098,1.05194,0.673094,1.01492,1.43748
1.38809,0.721446,1.46358,0.991128,0.910438,0.896838,1.06281,0.67585,1.01514,1.43623
1.39438,0.734166,1.50527,0.978042,0.910937,0.908797,1.05008,0.668759,1.00064,1.45422
1.4063,0.73995,1.49584,0.976161,0.915016,0.916574,1.04217,0.668343,1.00831,1.47267
1.38799,0.738987,1.48933,0.975721,0.898976,0.907216,1.05111,0.658413,1.01397,1.46231
1.39752,0.746971,1.46981,0.97916,0.892476,0.909995,1.04912,0.65838,1.02137,1.45584
1.41443,0.745863,1.50561,0.977781,0.906193,0.908157,1.03578,0.67488,1.01461,1.46474
1.39501,0.754021,1.48723,0.980766,0.909767,0.908041,1.04198,0.678472,1.01013,1.46434
1.40991,0.761168,1.47861,0.973703,0.900817,0.912411,1.0403,0.670089,1.00989,1.45818
1.41422,0.774285,1.46879,0.973329,0.900404,0.914025,1.04745,0.665999,0.983888,1.43871
1.41492,0.786646,1.4789,0.970367,0.896311,0.904338,1.06008,0.666021,0.977154,1.44504
1.39968,0.789578,1.50029,0.967143,0.892065,0.908543,1.04714,0.659639,0.967842,1.4286
1.40547,0.795835,1.51085,0.959946,0.911428,0.904939,1.0535,0.670221,0.965464,1.43905
1.39457,0.801113,1.51471,0.969429,0.91134,0.905607,1.04178,0.655676,0.971511,1.4275
1.40457,0.790958,1.5255,0.954488,0.90348,0.910992,1.0491,0.655746,0.977023,1.41793
1.40842,0.788003,1.53127,0.953892,0.905206,0.901099,1.05443,0.652009,0.968977,1.39957
1.40908,0.783205,1.52484,0.937067,0.906195,0.892967,1.02851,0.654619,0.967456,1.39298
1.42923,0.782027,1.53302,0.934639,0.927928,0.89469,1.02664,0.646967,0.980124,1.40427
1.44937,0.769734,1.54028,0.942224,0.914381,0.893264,1.02762,0.643519,0.980743,1.41042
1.45704,0.760924,1.53618,0.940952,0.91406,0.890722,1.02362,0.646714,0.973478,1.40767
1.44504,0.763552,1.54325,0.93653,0.911043,0.888357,1.03051,0.655095,0.974401,1.39426
1.42618,0.779407,1.50682,0.936429,0.917982,0.896309,1.0202,0.656683,0.974536,1.38008
1.38382,0.764746,1.49463,0.938903,0.931671,0.892954,1.01051,0.649336,0.987496,1.38589
1.38421,0.763024,1.51279,0.955082,0.938755,0.908952,1.01304,0.64278,0.986986,1.34567
1.39528,0.764433,1.51895,0.955389,0.945349,0.890305,1.03057,0.630742,0.983942,1.35251
1.3864,0.767735,1.5309,0.92988,0.943954,0.89668,1.03178,0.631824,0.97804,1.36666
1.37643,0.761924,1.56157,0.920082,0.952059,0.902889,1.0562,0.639234,0.970588,1.3427
1.36887,0.761723,1.57232,0.917704,0.939953,0.907238,1.05683,0.64115,0.983746,1.33211
1.35466,0.759575,1.5838,0.915749,0.94673,0.910541,1.05524,0.633142,0.985189,1.33311
1.36604,0.766731,1.59308,0.914852,0.945103,0.897875,1.04737,0.625697,0.983429,1.33934
1.35076,0.774003,1.60865,0.918729,0.968925,0.906429,1.04878,0.642041,0.970805,1.37297
1.35144,0.784188,1.59899,0.896049,0.966573,0.933693,1.04922,0.63018,0.971412,1.35666
1.34629,0.788097,1.63514,0.879336,0.980634,0.953677,1.06501,0.620681,0.963717,1.36064
1.33008,0.788451,1.64642,0.871077,0.982785,0.954918,1.0728,0.628387,0.960958,1.35084
1.34129,0.791247,1.65618,0.872248,0.997513,0.945187,1.06807,0.626841,0.936714,1.35721
1.34811,0.793425,1.64344,0.862168,0.99928,0.949382,1.05469,0.620935,0.940439,1.3699
1.36916,0.798024,1.60799,0.880002,1.00163,0.94579,1.0477,0.623526,0.94887,1.36125
1.35118,0.795115,1.57974,0.875749,1.00054,0.938614,1.04678,0.614923,0.940755,1.37561
1.36297,0.79753,1.55184,0.885095,0.994243,0.950078,1.03684,0.602731,0.927866,1.37256
1.35622,0.799018,1.54751,0.881601,0.999462,0.950181,1.05634,0.605057,0.933966,1.35508
1.33324,0.787981,1.54992,0.874476,1.00944,0.947994,1.05307,0.601799,0.943704,1.34634
1.33044,0.798378,1.57227,0.887164,0.990746,0.942903,1.0411,0.608128,0.944018,1.35671
1.35033,0.81001,1.558,0.883616,0.980917,0.926845,1.04446,0.612581,0.954522,1.36506
1.328,0.80972,1.57152,0.880317,0.984923,0.910415,1.04229,0.611247,0.946993,1.37823
1.322,0.801847,1.56669,0.878886,0.979093,0.91881,1.06503,0.61698,0.94752,1.36134
1.33929,0.819628,1.55881,0.884548,0.980662,0.910107,1.07628,0.615408,0.936213,1.35616
1.35662,0.831035,1.53898,0.881485,0.988031,0.928839,1.07898,0.617247,0.92413,1.3384
1.37224,0.820957,1.53779,0.874901,0.994431,0.935621,1.08455,0.624978,0.907557,1.36701
1.36815,0.825152,1.54619,0.887356,1.01854,0.949368,1.09256,0.629048,0.922738,1.35672
1.35829,0.82641,1.57959,0.886024,1.03894,0.939239,1.0868,0.62513,0.917909,1.35302
1.3487,0.824669,1.54748,0.87743,1.04256,0.934283,1.08238,0.635219,0.93628,1.37019
1.37075,0.826999,1.54833,0.885726,1.0385,0.961273,1.07159,0.640995,0.933665,1.36614
1.37281,0.835332,1.55681,0.900932,1.01711,0.958487,1.08369,0.633267,0.948994,1.35071
1.38252,0.837321,1.56253,0.909729,1.01112,0.968769,1.08525,0.632652,0.937901,1.36187
1.39502,0.824889,1.60126,0.910035,1.01448,0.962839,1.08192,0.640386,0.943842,1.35119
1.38879,0.822133,1.59879,0.918432,1.0092,0.976114,1.07514,0.645953,0.958091,1.346
1.4082,0.824508,1.59253,0.915688,1.016,0.962348,1.0894,0.648771,0.968562,1.36573
1.4001,0.824578,1.57598,0.908172,1.0106,0.943011,1.09409,0.643544,0.973883,1.34995
1.40874,0.841697,1.59365,0.909174,0.997012,0.935449,1.09559,0.646928,0.966355,1.3643
1.424,0.839454,1.60274,0.909873,0.993645,0.932231,1.10034,0.651015,0.967311,1.36695
1.41915,0.84557,1.5909,0.915705,0.987348,0.946821,1.11183,0.639054,0.967016,1.36036
1.41775,0.850931,1.59511,0.921696,0.994916,0.955549,1.09908,0.631125,0.991043,1.35291
1.39418,0.862002,1.58896,0.909547,1.00312,0.967786,1.09588,0.620561,1.00982,1.33587
1.36998,0.851673,1.56824,0.913086,1.0187,0.94874,1.09643,0.62357,0.996127,1.32439
1.37831,0.860875,1.56572,0.89812,1.03242,0.930355,1.10025,0.618054,0.998409,1.31774
1.38227,0.861641,1.55867,0.897937,1.03973,0.930764,1.09717,0.612663,0.99879,1.3338
1.37463,0.868112,1.55644,0.901039,1.05084,0.926049,1.09312,0.612279,0.996587,1.34495
1.38166,0.873927,1.55878,0.900846,1.05416,0.935564,1.1057,0.611241,0.985619,1.34036
1.38958,0.86848,1.57248,0.893073,1.05816,0.954664,1.09473,0.618488,0.979951,1.32605
1.38113,0.871425,1.55524,0.89071,1.05591,0.945803,1.09283,0.620417,0.971274,1.32383
1.39665,0.882368,1.55018,0.88119,1.0688,0.945586,1.09294,0.622599,0.974645,1.33126
1.3823,0.885696,1.52673,0.874508,1.04872,0.953858,1.08687,0.617177,0.974616,1.34241
1.38557,0.884391,1.52504,0.864821,1.06364,0.965804,1.08801,0.623895,0.965631,1.34965
1.40055,0.904985,1.51967,0.866401,1.05786,0.965447,1.09403,0.615558,0.957949,1.35359
1.40378,0.911482,1.49019,0.873932,1.061,0.976993,1.07518,0.62186,0.962549,1.34398
1.40595,0.920522,1.48043,0.869412,1.05457,1.0048,1.08211,0.613508,0.962746,1.33543
1.42655,0.913396,1.47278,0.865459,1.0562,1.0139,1.09114,0.615549,0.958021,1.34706
1.43644,0.906403,1.4702,0.857788,1.05244,1.00612,1.0937,0.616944,0.966028,1.34099
1.44558,0.909466,1.46964,0.860238,1.04043,1.01929,1.07329,0.617469,0.959525,1.31862
1.44805,0.905039,1.47288,0.87026,1.04757,1.01457,1.08052,0.613222,0.9423,1.32266
1.44548,0.897256,1.48972,0.876763,1.04611,1.01765,1.07463,0.61498,0.934971,1.31322
1.41821,0.893309,1.52796,0.872123,1.06876,1.02282,1.09914,0.61691,0.938631,1.31293
1.42094,0.891765,1.51824,0.875946,1.07092,1.02047,1.11026,0.6204,0.930881,1.32051
1.41271,0.90052,1.53174,0.859319,1.0613,1.01585,1.09247,0.612688,0.926738,1.32586
1.42549,0.913661,1.52965,0.841513,1.07114,1.0176,1.07151,0.606542,0.939281,1.33862
1.41809,0.920661,1.52049,0.833431,1.05956,1.01793,1.07837,0.604115,0.938196,1.35253
1.43978,0.916102,1.50297,0.828914,1.06311,1.00983,1.07307,0.601304,0.926695,1.3605
1.44793,0.921374,1.50975,0.845781,1.05584,1.01302,1.04773,0.608542,0.923058,1.35884
1.4353,0.922395,1.51868,0.84044,1.05321,1.00757,1.05501,0.611766,0.919793,1.3387
1.41667,0.923743,1.51694,0.86084,1.06844,1.02862,1.05325,0.608375,0.918293,1.33312
1.40357,0.914223,1.53796,0.863783,1.05434,1.05147,1.05536,0.620013,0.930166,1.34725
1.39442,0.913301,1.54724,0.866807,1.05928,1.0499,1.06768,0.618812,0.92728,1.35413
1.40485,0.919423,1.54592,0.866723,1.06398,1.05505,1.08041,0.62922,0.934182,1.34821
1.4024,0.918916,1.52982,0.861902,1.07328,1.04344,1.07739,0.618275,0.935136,1.35293
1.41928,0.919111,1.54162,0.856885,1.08116,1.04476,1.07903,0.615044,0.938677,1.36122
1.41411,0.930012,1.52353,0.847906,1.09647,1.03559,1.08743,0.614852,0.937306,1.366
1.39621,0.917153,1.52532,0.837299,1.09572,1.04341,1.10826,0.603843,0.927615,1.36176
1.39396,0.924855,1.51613,0.842409,1.09996,1.04814,1.09799,0.603004,0.916478,1.35387
1.40077,0.918166,1.49896,0.837197,1.11675,1.04383,1.09806,0.60281,0.908171,1.37259
1.40132,0.911424,1.50122,0.840359,1.12325,1.04097,1.08411,0.603226,0.914189,1.35599
1.39475,0.909731,1.50184,0.839259,1.11671,1.01557,1.08285,0.595978,0.911793,1.3656
1.38081,0.908655,1.46485,0.8371,1.11967,1.01887,1.08658,0.603807,0.907341,1.37761
1.38163,0.918137,1.47706,0.839645,1.11816,1.0283,1.09793,0.606053,0.911622,1.36075
1.36411,0.914695,1.48589,0.835765,1.12179,1.01199,1.07697,0.599675,0.907836,1.33382
1.34743,0.928039,1.50299,0.849159,1.10696,1.00242,1.07626,0.595101,0.903949,1.33499
1.35425,0.93322,1.5019,0.850766,1.09828,1.01339,1.05869,0.589303,0.889351,1.31819
1.32903,0.930132,1.48009,0.836798,1.10051,1.01305,1.044,0.583473,0.895186,1.32689
1.35685,0.928306,1.49298,0.833659,1.11483,1.01978,1.04734,0.587658,0.893708,1.30597
1.36703,0.935186,1.50608,0.82268,1.10631,1.01413,1.05347,0.588237,0.883914,1.28285
1.3732,0.935463,1.50009,0.815038,1.11823,1.01853,1.04405,0.585152,0.908291,1.29235
1.39202,0.930594,1.5103,0.804095,1.1146,1.01183,1.06056,0.595788,0.911656,1.29321
1.38385,0.931049,1.51667,0.79613,1.13001,1.00923,1.0389,0.593305,0.916173,1.27473
1.39541,0.942739,1.51367,0.807506,1.1355,0.988644,1.02774,0.601841,0.924875,1.25759
1.41084,0.943557,1.52879,0.814121,1.13519,0.987258,1.02642,0.600016,0.93241,1.25108
1.40849,0.932739,1.5347,0.806895,1.12251,0.994276,1.02058,0.594513,0.909355,1.24804
1.41161,0.928754,1.54838,0.798728,1.12227,0.986774,1.01614,0.583593,0.8995,1.24284
1.412,0.928649,1.55651,0.800376,1.13367,0.977066,1.02078,0.578909,0.892142,1.22313
1.41931,0.93962,1.55759,0.802449,1.13872,0.971815,1.01787,0.578181,0.90422,1.20763
1.39334,0.933843,1.60311,0.814989,1.12737,0.976919,1.0081,0.583512,0.90344,1.21575
1.37576,0.930067,1.58101,0.807135,1.12194,0.980382,1.01264,0.583554,0.903366,1.22732
1.36828,0.928531,1.58715,0.814613,1.11712,1.00149,1.01457,0.587362,0.892315,1.23489
1.36453,0.931291,1.58899,0.803774,1.12133,0.99279,1.00006,0.600275,0.883239,1.24353
1.36945,0.922175,1.59318,0.810206,1.13209,1.00518,1.00821,0.618469,0.873895,1.23363
1.36595,0.907098,1.58572,0.806173,1.15232,1.00914,1.01564,0.618357,0.879679,1.2457
1.36489,0.909943,1.59626,0.804311,1.15634,1.00603,1.0172,0.622179,0.885823,1.2633
1.37227,0.900185,1.58259,0.79785,1.1624,1.01224,1.00899,0.617028,0.893188,1.24511
1.37327,0.902748,1.59719,0.790569,1.13931,1.00865,1.00194,0.612394,0.885863,1.25113
1.36967,0.904761,1.59262,0.784976,1.1371,1.00997,0.994051,0.60982,0.878299,1.26072
1.37778,0.887485,1.58591,0.781543,1.1248,1.01811,1.00927,0.607663,0.882967,1.26596
1.38286,0.885474,1.58644,0.792807,1.1474,1.02365,1.00906,0.615393,0.893318,1.26562
1.36154,0.868199,1.59247,0.798035,1.14469,1.02235,1.02336,0.600243,0.882264,1.26743
1.3722,0.86833,1.60945,0.803637,1.14397,1.04101,1.01517,0.605204,0.87945,1.28009
1.36246,0.871868,1.61798,0.81113,1.14883,1.03871,1.02244,0.597168,0.867756,1.28901
1.36574,0.879858,1.62981,0.810032,1.16813,1.05119,1.02227,0.608798,0.854304,1.28346
1.3689,0.895086,1.60305,0.814753,1.18835,1.04062,1.01933,0.619656,0.845281,1.30475
1.36632,0.891912,1.6015,0.796616,1.1972,1.04671,1.0124,0.622894,0.844587,1.29358
1.36302,0.895645,1.59333,0.801416,1.19117,1.05114,1.00863,0.618468,0.83913,1.27622
1.35397,0.897558,1.59578,0.800601,1.19494,1.05607,1.00763,0.622527,0.855967,1.27326
1.35085,0.893214,1.5864,0.802524,1.22101,1.07288,0.993157,0.62179,0.851486,1.29982
1.32928,0.888227,1.56005,0.802124,1.20148,1.06169,0.991541,0.615669,0.859319,1.28303
1.32358,0.892516,1.55701,0.803131,1.21098,1.05756,0.971862,0.618804,0.843791,1.26702
1.33779,0.8924,1.54867,0.798651,1.19826,1.03518,0.968568,0.618534,0.839306,1.27611
1.34643,0.87598,1.57289,0.796591,1.20659,1.04594,0.975301,0.621536,0.856865,1.28024
1.34377,0.865319,1.54899,0.805261,1.20343,1.04667,0.965209,0.61727,0.851306,1.31303
1.33862,0.857762,1.55701,0.820298,1.24103,1.03023,0.96105,0.616462,0.860237,1.30327
1.34649,0.855643,1.54428,0.832509,1.25546,1.0428,0.947788,0.61257,0.840586,1.29761
1.3539,0.865277,1.53582,0.847876,1.2579,1.02716,0.948318,0.60887,0.854588,1.2756
1.35223,0.866564,1.54166,0.857544,1.27095,1.02625,0.953973,0.609304,0.848851,1.30877
1.35531,0.866711,1.52002,0.857039,1.27201,1.03125,0.946317,0.609919,0.83544,1.30607
1.38564,0.853313,1.52554,0.875654,1.26144,1.03465,0.948259,0.613227,0.832179,1.3088
1.37609,0.840405,1.51069,0.868241,1.27038,1.05974,0.959454,0.617338,0.818354,1.28828
1.38219,0.846708,1.49704,0.861629,1.2735,1.07782,0.961902,0.610716,0.817424,1.29033
1.40706,0.844496,1.51106,0.859165,1.28542,1.08017,0.964196,0.613998,0.809751,1.28638
1.40143,0.837414,1.5277,0.847738,1.28498,1.08972,0.964875,0.618794,0.806077,1.30179
1.39597,0.836125,1.49998,0.864375,1.30289,1.10908,0.979132,0.623732,0.815802,1.31911
1.40069,0.838314,1.5053,0.857236,1.3294,1.09353,0.986844,0.625258,0.808184,1.31825
1.38564,0.838236,1.52362,0.863703,1.33916,1.0963,0.987095,0.613721,0.806079,1.31963
1.37827,0.835308,1.53075,0.856105,1.34976,1.10318,0.978681,0.615785,0.808708,1.32337
1.35484,0.846212,1.54834,0.854584,1.35151,1.10276,0.973839,0.60993,0.821096,1.31507
1.33891,0.825514,1.54948,0.846224,1.33653,1.09149,0.969144,0.60731,0.803761,1.33964
1.31993,0.834504,1.56635,0.855385,1.3604,1.07059,0.96722,0.610618,0.795706,1.3794
1.3284,0.844171,1.59722,0.849868,1.35224,1.06315,0.969027,0.607059,0.794244,1.3574
1.34485,0.852381,1.60325,0.852172,1.3574,1.06442,0.956984,0.60638,0.795101,1.38766
1.3575,0.856972,1.57778,0.839392,1.33234,1.06173,0.961679,0.611531,0.789394,1.37641
1.35877,0.838008,1.58009,0.835253,1.33334,1.06028,0.955165,0.611592,0.789187,1.39558
1.34627,0.842651,1.57342,0.8345,1.32501,1.04184,0.973812,0.60952,0.782964,1.39399
1.3443,0.84861,1.5618,0.83314,1.32663,1.04503,0.967226,0.599869,0.795577,1.36341
1.33405,0.86623,1.55854,0.827744,1.34518,1.05043,0.970665,0.60829,0.782994,1.36758
1.33711,0.867123,1.54873,0.843319,1.32917,1.05547,0.967347,0.598558,0.785956,1.36729
1.35331,0.873572,1.53601,0.848863,1.34217,1.05669,0.973312,0.596869,0.783361,1.3728
1.35713,0.874226,1.55952,0.835919,1.31509,1.07346,0.960731,0.599656,0.774402,1.38513
1.36304,0.850929,1.55416,0.837994,1.31797,1.05713,0.939506,0.59595,0.791949,1.38416
1.35646,0.844575,1.57388,0.83553,1.31194,1.06511,0.931469,0.59481,0.803144,1.36418
1.34909,0.843005,1.55949,0.839877,1.30363,1.07804,0.933963,0.587266,0.816971,1.37915
1.36934,0.839018,1.55065,0.843236,1.29023,1.0898,0.929069,0.586996,0.830565,1.36062
1.37367,0.838199,1.56672,0.84669,1.29446,1.09245,0.923843,0.582968,0.836382,1.3456
1.35766,0.837388,1.55866,0.842614,1.28944,1.07885,0.921925,0.58827,0.846425,1.35301
1.35053,0.820728,1.53972,0.845407,1.28783,1.08236,0.929227,0.580041,0.851999,1.36839
1.37391,0.826962,1.53405,0.854833,1.30023,1.07767,0.9216,0.571242,0.84947,1.36931
1.38939,0.826392,1.52163,0.860799,1.31565,1.06007,0.924276,0.573155,0.843581,1.35808
1.408,0.817558,1.50017,0.862796,1.3087,1.06326,0.929163,0.570382,0.837561,1.37709
1.40596,0.829685,1.50953,0.868574,1.32068,1.05527,0.932919,0.562795,0.835839,1.3835
1.40044,0.835327,1.49998,0.86836,1.31269,1.07026,0.930462,0.570595,0.840188,1.38153
1.42314,0.83099,1.52192,0.871664,1.29702,1.05009,0.933793,0.571695,0.836545,1.39184
1.41063,0.837685,1.51259,0.885123,1.29493,1.07674,0.920576,0.572511,0.83437,1.41792
1.39726,0.828766,1.50603,0.889973,1.2931,1.05547,0.932482,0.568997,0.839302,1.40357
1.41105,0.828506,1.53271,0.89414,1.2862,1.04154,0.925119,0.5704,0.842875,1.37945
1.42303,0.841592,1.49688,0.90114,1.25898,1.02768,0.932912,0.559249,0.838216,1.35278
1.46153,0.870697,1.49595,0.920493,1.26832,1.04805,0.927841,0.5588,0.844702,1.34
1.47804,0.856413,1.50426,0.913655,1.28025,1.04408,0.925057,0.561083,0.848114,1.33411
1.47325,0.856416,1.50192,0.914345,1.2982,1.03102,0.915098,0.554568,0.852695,1.33526
1.49599,0.851127,1.51143,0.915579,1.31104,1.03933,0.896531,0.551391,0.851556,1.35067
1.50746,0.860415,1.50273,0.914501,1.30129,1.03055,0.898655,0.553722,0.84334,1.34545
1.50752,0.847757,1.49907,0.912932,1.30922,1.03387,0.901105,0.554154,0.853924,1.36286
1.50181,0.837435,1.51276,0.912301,1.3153,1.04647,0.894636,0.555271,0.853051,1.36247
1.46922,0.826667,1.498,0.914205,1.29052,1.05085,0.907687,0.55641,0.853433,1.35475
1.48275,0.802069,1.47119,0.939586,1.28473,1.04334,0.917762,0.558026,0.858293,1.35885
1.49158,0.798568,1.47076,0.945295,1.27958,1.05503,0.917069,0.562612,0.874371,1.33122
1.47595,0.80077,1.46615,0.956841,1.27321,1.05645,0.915777,0.560055,0.886576,1.34749
1.4673,0.822646,1.4868,0.967229,1.29037,1.05284,0.921962,0.561658,0.881891,1.34393
1.45942,0.822842,1.4894,0.9784,1.28988,1.03959,0.922659,0.558907,0.902463,1.34606
1.45569,0.827811,1.47414,0.969427,1.28981,1.03425,0.916335,0.556452,0.910586,1.35653
1.46438,0.828605,1.48094,0.977389,1.3037,1.03013,0.911182,0.560255,0.898398,1.33935
1.45244,0.835214,1.45687,0.9765,1.29639,1.02286,0.910772,0.55015,0.885637,1.33972
1.46052,0.830859,1.44074,0.990489,1.31043,1.02111,0.89403,0.551623,0.877673,1.33898
1.45191,0.841527,1.46003,1.00128,1.32817,1.02215,0.906137,0.543035,0.866074,1.34548
1.44857,0.853987,1.45152,0.995431,1.32971,1.03965,0.90582,0.544676,0.855125,1.36018
1.45535,0.863538,1.45771,0.997146,1.34476,1.04222,0.915436,0.541643,0.865019,1.34963
1.42697,0.861544,1.44611,1.00435,1.35806,1.04277,0.912735,0.552445,0.863545,1.34919
1.42205,0.864792,1.4459,1.00385,1.3564,1.04382,0.910181,0.562162,0.863539,1.33686
1.41095,0.866979,1.45836,1.01987,1.3641,1.04255,0.92509,0.554071,0.862597,1.34789
1.41155,0.873523,1.46327,1.01496,1.37399,1.04024,0.920638,0.55796,0.882042,1.35014
1.39126,0.872775,1.44956,1.00084,1.3904,1.04517,0.919192,0.556336,0.876855,1.35452
1.38972,0.871516,1.43852,0.998594,1.40146,1.03779,0.916348,0.555001,0.876686,1.35815
1.38318,0.876066,1.41835,1.00719,1.40948,1.04741,0.909378,0.560954,0.873352,1.34297
1.38974,0.870848,1.43259,0.994504,1.41748,1.05144,0.928255,0.559968,0.885548,1.35475
1.38253,0.883222,1.45174,0.985693,1.43078,1.05114,0.917641,0.555724,0.889414,1.33922
1.39949,0.883842,1.44234,0.97688,1.44984,1.04901,0.925182,0.561489,0.895157,1.34117
1.39455,0.874051,1.44771,0.959452,1.46764,1.05336,0.922067,0.560705,0.905507,1.32178
1.42173,0.880915,1.45462,0.964028,1.4828,1.04053,0.913006,0.556752,0.902522,1.3315
1.42879,0.884878,1.45738,0.955014,1.47847,1.03406,0.919215,0.554607,0.899115,1.32289
1.44606,0.885254,1.46441,0.939238,1.46329,1.03238,0.902021,0.552084,0.908316,1.31834
1.44559,0.879617,1.47499,0.950652,1.48006,1.04193,0.896418,0.548359,0.909354,1.30893
1.45265,0.885687,1.47531,0.936558,1.5158,1.02981,0.895971,0.556107,0.908332,1.33016
1.48111,0.888533,1.4694,0.951791,1.52875,1.01543,0.877908,0.550078,0.908006,1.32168
1.49543,0.893325,1.4654,0.950473,1.54663,1.01404,0.880701,0.552849,0.918967,1.32784
1.52361,0.894656,1.47079,0.956646,1.5309,1.0132,0.883938,0.550817,0.923595,1.31953
1.49911,0.915385,1.44159,0.962168,1.51015,1.00459,0.881735,0.550849,0.923943,1.33254
1.50273,0.924245,1.42438,0.947824,1.50317,1.01109,0.889181,0.546752,0.909367,1.33913
1.48111,0.937397,1.42768,0.942765,1.48175,1.00735,0.892554,0.556711,0.909808,1.33919
1.47685,0.95033,1.44594,0.951198,1.48695,1.01194,0.898793,0.558511,0.929378,1.34092
1.48845,0.956075,1.47054,0.940378,1.47882,1.01221,0.898535,0.567004,0.93421,1.35798
1.48373,0.94862,1.47408,0.945131,1.49581,1.01993,0.904798,0.571647,0.938164,1.37355
1.47426,0.958289,1.48169,0.941427,1.48084,1.02973,0.904327,0.575179,0.945785,1.38142
1.48213,0.956411,1.50991,0.946611,1.4942,1.05225,0.894512,0.573709,0.93514,1.38328
1.48028,0.959904,1.5221,0.939753,1.52392,1.03423,0.907889,0.574454,0.937014,1.37576
1.46627,0.968007,1.50039,0.939122,1.52616,1.02979,0.919136,0.578645,0.935475,1.38402
1.45667,0.978293,1.49109,0.954758,1.528,1.03443,0.910297,0.579488,0.941908,1.37758
1.46984,0.984402,1.48734,0.951186,1.51059,1.0445,0.905061,0.577402,0.935138,1.36972
1.49331,0.978022,1.48055,0.95083,1.50334,1.05452,0.905393,0.58035,0.938567,1.36488
1.50202,0.981678,1.4988,0.938157,1.51636,1.07618,0.900135,0.574802,0.930092,1.37837
1.5173,0.989921,1.501,0.951571,1.52083,1.0731,0.90081,0.583311,0.925471,1.37887
1.51675,0.996101,1.52739,0.941591,1.52845,1.07353,0.912754,0.580136,0.914163,1.38587
1.52605,0.998073,1.53716,0.935104,1.52293,1.07348,0.917936,0.583847,0.935207,1.38041
1.54209,1.01102,1.5304,0.93071,1.51331,1.06525,0.904468,0.578457,0.948451,1.40078
1.53792,1.01748,1.53,0.935066,1.50552,1.06231,0.907281,0.58276,0.955401,1.41643
1.50703,1.01034,1.52947,0.934925,1.48704,1.06642,0.901124,0.580504,0.948008,1.39935
1.49356,1.00146,1.52865,0.931043,1.46305,1.06109,0.913642,0.58855,0.950222,1.39848
1.48963,1.00255,1.52074,0.905035,1.46946,1.06285,0.92496,0.58452,0.949134,1.39658
1.47654,0.995967,1.53395,0.917404,1.48162,1.06319,0.930621,0.5859,0.956511,1.39931
1.48049,0.99845,1.51424,0.926517,1.50002,1.07544,0.946161,0.584169,0.968537,1.40137
1.47811,1.01293,1.5079,0.927718,1.48594,1.07795,0.958809,0.580404,0.968637,1.39686
1.4947,1.00991,1.54491,0.92005,1.51707,1.08601,0.965084,0.576529,0.979149,1.41757
1.49079,1.00008,1.53783,0.919358,1.51649,1.09872,0.964474,0.573064,0.983588,1.42365
1.49403,0.997003,1.53577,0.918532,1.48982,1.11004,0.960614,0.576397,0.992344,1.43423
1.48492,0.989278,1.55142,0.926062,1.49974,1.11493,0.96615,0.575863,0.999544,1.42278
1.48061,0.997035,1.56425,0.90402,1.49303,1.11652,0.973363,0.587704,1.01443,1.4224
1.48604,0.994664,1.56045,0.903394,1.46301,1.11201,0.983762,0.583812,1.01786,1.43135
1.49153,1.0016,1.58534,0.900638,1.47387,1.09769,0.987603,0.583868,1.01459,1.43862
1.48469,1.00583,1.55568,0.902524,1.4734,1.10097,0.987557,0.590069,1.01984,1.44123
1.46911,1.00517,1.54496,0.903222,1.49316,1.10273,0.972705,0.593985,1.02392,1.4229
1.46127,1.00793,1.55743,0.912739,1.48099,1.09883,0.969426,0.585253,1.03604,1.42334
1.42411,1.00811,1.55801,0.910631,1.5002,1.08803,0.968037,0.588896,1.03736,1.42424
1.40826,1.00498,1.54969,0.911988,1.50189,1.08374,0.960947,0.592254,1.03656,1.43792
1.40296,1.01815,1.54891,0.910534,1.4934,1.07341,0.966846,0.591939,1.05191,1.44073
1.39554,1.01281,1.55225,0.890957,1.50358,1.0782,0.944966,0.593195,1.04922,1.45584
1.40329,1.01117,1.5651,0.888145,1.45539,1.08715,0.943936,0.592409,1.046,1.45968
1.41039,0.997577,1.58128,0.883398,1.45413,1.09317,0.939151,0.591597,1.03888,1.47267
1.404,0.976086,1.60566,0.876849,1.44898,1.07945,0.940494,0.578957,1.03545,1.46304
1.39096,0.980117,1.61219,0.875308,1.45014,1.09053,0.927041,0.576819,1.03838,1.44321
1.41315,0.966457,1.61437,0.866228,1.42205,1.08479,0.92415,0.573298,1.04402,1.42705
1.42388,0.958914,1.64069,0.871279,1.42965,1.06592,0.922244,0.574126,1.04879,1.43006
1.41861,0.969926,1.64998,0.865296,1.44111,1.06338,0.929863,0.572552,1.0502,1.42054
1.41586,0.977013,1.66728,0.856024,1.42457,1.0732,0.939464,0.569095,1.0592,1.43042
1.40932,0.977409,1.67546,0.85185,1.44383,1.08926,0.951847,0.568645,1.06742,1.43648
1.41086,0.989466,1.66198,0.848336,1.42544,1.0987,0.951874,0.563171,1.06185,1.43074
1.39772,0.992689,1.68538,0.849686,1.44229,1.08577,0.958027,0.557138,1.05576,1.41881
1.41637,0.99521,1.71004,0.844994,1.45357,1.08606,0.961403,0.562665,1.04207,1.42237
1.43195,0.985611,1.74499,0.831853,1.45641,1.08764,0.968502,0.554654,1.0334,1.41746
1.45804,0.983127,1.74981,0.838704,1.48732,1.08619,0.957131,0.557972,1.04663,1.42152
1.47173,0.985292,1.75726,0.848864,1.4732,1.07376,0.967883,0.560596,1.0363,1.45636
1.46482,0.982104,1.76162,0.829224,1.47897,1.07129,0.964111,0.553041,1.05669,1.4485
1.47808,0.985622,1.75311,0.825338,1.47832,1.05763,0.962843,0.545139,1.05114,1.47298
1.48285,0.995395,1.76232,0.828799,1.47406,1.06495,0.965446,0.546714,1.04022,1.47678
1.46816,1.00271,1.76088,0.835477,1.48808,1.04855,0.965251,0.544616,1.04437,1.46317
1.45873,1.00294,1.75565,0.813514,1.44278,1.0422,0.965943,0.556466,1.04326,1.46105
1.46413,1.0091,1.76494,0.810699,1.45052,1.05638,0.969037,0.548835,1.04919,1.45678
1.46893,0.995584,1.77018,0.792374,1.46022,1.06457,0.960037,0.551469,1.06329,1.45266
1.45915,1.00655,1.74418,0.798995,1.46878,1.06646,0.934719,0.551519,1.05996,1.46606
1.45463,1.00415,1.74595,0.797254,1.4623,1.06416,0.939295,0.558825,1.05987,1.47986
1.45316,1.01949,1.72622,0.799509,1.47437,1.05434,0.9278,0.56543,1.05944,1.50126
1.44869,0.999819,1.72664,0.791286,1.45473,1.03735,0.933429,0.561154,1.04749,1.49596
1.45638,0.994054,1.73942,0.806159,1.44857,1.05505,0.928728,0.563194,1.04244,1.47372
1.46677,0.982361,1.76842,0.810092,1.44135,1.06192,0.942742,0.558789,1.03312,1.46286
1.48266,0.972431,1.76929,0.811313,1.42992,1.07121,0.934138,0.556228,1.01609,1.46846
1.50716,0.974709,1.78889,0.818104,1.42634,1.08694,0.912939,0.557708,1.02067,1.45975
1.49226,0.978199,1.80278,0.813896,1.43382,1.08698,0.914099,0.556695,1.03765,1.43587
1.48675,0.968261,1.78705,0.817318,1.45428,1.07416,0.925845,0.559694,1.04314,1.4288
1.46651,0.973525,1.83823,0.818468,1.45431,1.05145,0.931502,0.564225,1.05357,1.42752
1.4727,0.963735,1.82923,0.825765,1.46366,1.05191,0.918384,0.569837,1.0621,1.40632
1.4579,0.969869,1.81946,0.81531,1.4447,1.05482,0.919397,0.575896,1.05276,1.42616
1.42552,0.980238,1.8508,0.805418,1.43863,1.06981,0.914537,0.574232,1.04956,1.40435
1.44035,0.970677,1.81397,0.800963,1.42554,1.08314,0.899775,0.568309,1.03608,1.39656
1.46672,0.988326,1.79928,0.801443,1.4403,1.08352,0.908588,0.570864,1.04024,1.4075
1.44964,0.989877,1.83994,0.7999,1.43613,1.08539,0.906175,0.577995,1.01535,1.4196
1.4242,0.991983,1.8328,0.803382,1.41529,1.0955,0.90974,0.571958,1.00165,1.4323
1.46669,0.980759,1.83029,0.80013,1.43537,1.09789,0.92832,0.586803,1.0004,1.44365
1.45553,0.975969,1.82254,0.80532,1.43538,1.11169,0.934629,0.584351,0.997674,1.44707
1.4371,0.983705,1.82929,0.803405,1.43197,1.11067,0.939182,0.577529,0.992581,1.44862
1.44293,0.98561,1.81998,0.812228,1.43581,1.0997,0.9381,0.576934,1.00703,1.45163
1.42265,0.989454,1.83535,0.812813,1.42188,1.11255,0.936419,0.565058,0.979095,1.45765
1.41008,0.990953,1.84387,0.819544,1.42262,1.11283,0.944114,0.563172,0.96913,1.46254
1.41617,1.01351,1.85549,0.817036,1.43482,1.11714,0.939967,0.55843,0.961569,1.43533
1.38502,1.03207,1.88106,0.81294,1.46206,1.11225,0.939557,0.558993,0.954833,1.43698
1.38223,1.03673,1.87919,0.82041,1.44707,1.10511,0.936343,0.559938,0.955741,1.46263
1.38603,1.0254,1.90001,0.825267,1.43555,1.12349,0.920671,0.561199,0.956716,1.4672
1.40127,1.01312,1.90226,0.823862,1.44779,1.11908,0.921387,0.572759,0.974542,1.45703
1.39654,1.01378,1.90981,0.814881,1.46606,1.12476,0.923411,0.562164,0.975772,1.45777
1.40743,1.01263,1.93084,0.81589,1.48884,1.12152,0.926282,0.568422,0.952283,1.44087
1.41107,0.998553,1.94322,0.820547,1.48511,1.1281,0.933616,0.564929,0.987127,1.43633
1.42419,0.996977,1.94222,0.818052,1.51219,1.12838,0.922887,0.561158,0.993149,1.44911
1.43742,0.990342,1.93546,0.810187,1.54249,1.12757,0.917502,0.563195,0.998223,1.45633
1.444,0.989833,1.96625,0.814356,1.53256,1.13324,0.935407,0.565613,0.994668,1.45913
1.45986,1.00381,1.96431,0.822715,1.56351,1.1262,0.937505,0.564985,0.997609,1.47587
1.46384,1.0141,1.94584,0.814217,1.55046,1.12433,0.946004,0.563564,1.0099,1.46926
1.46095,1.01047,1.91906,0.811995,1.54286,1.10891,0.954108,0.555684,1.01104,1.488
1.47872,1.01397,1.90429,0.820494,1.54301,1.11063,0.952252,0.554722,1.01609,1.49087
1.47121,1.01236,1.85684,0.820883,1.53244,1.11348,0.929113,0.554233,1.00065,1.47511
1.44876,1.01216,1.84985,0.830769,1.51598,1.12653,0.930888,0.546585,0.985239,1.47809
1.44018,1.00934,1.83577,0.822069,1.55223,1.11813,0.929926,0.550682,0.981598,1.4792
1.43415,1.01852,1.84492,0.816385,1.55532,1.11943,0.935693,0.557807,0.981781,1.49126
1.44128,0.997751,1.84308,0.822524,1.55014,1.1291,0.943757,0.558911,0.983055,1.50855
1.4395,0.990063,1.84312,0.815567,1.52856,1.11915,0.957122,0.572596,0.992659,1.52215
1.44263,0.988972,1.8647,0.82293,1.53833,1.10993,0.958686,0.574296,0.995938,1.52446
1.43326,1.00622,1.83245,0.809358,1.55545,1.10962,0.968872,0.567988,0.989339,1.53179
1.42152,1.00116,1.78995,0.799579,1.52624,1.1141,0.97126,0.569123,0.994206,1.51676
1.40996,1.00355,1.8145,0.813363,1.51537,1.12676,0.966037,0.564229,0.990574,1.51987
1.39094,1.02939,1.82981,0.806667,1.49422,1.12175,0.975897,0.573198,0.994954,1.53043
1.38389,1.03838,1.82073,0.807992,1.48637,1.12427,0.966674,0.570627,1.01203,1.50535
1.3857,1.02876,1.78897,0.799758,1.49391,1.11311,0.968966,0.567399,1.0126,1.49758
1.40011,1.03592,1.81225,0.787979,1.46796,1.0932,0.96574,0.566831,1.03301,1.46584
1.40562,1.04588,1.80586,0.786381,1.43556,1.11372,0.968794,0.563707,1.0357,1.46539
1.40598,1.03355,1.81679,0.787225,1.44097,1.09905,0.964984,0.559052,1.02118,1.47565
1.41152,1.04024,1.83312,0.786093,1.43953,1.09243,0.961155,0.560033,1.02551,1.4506
1.40751,1.03626,1.8699,0.798295,1.43575,1.09659,0.951234,0.555297,1.0143,1.41526
1.42509,1.04553,1.88653,0.79896,1.42495,1.09792,0.955616,0.553358,1.019,1.38996
1.43259,1.05807,1.92557,0.810247,1.43746,1.10952,0.954784,0.561567,1.02106,1.3746
1.41087,1.06862,1.91994,0.812165,1.44737,1.09374,0.947351,0.563148,1.0217,1.39545
1.41199,1.07551,1.93446,0.817758,1.46924,1.09176,0.936268,0.567989,1.01719,1.3866
1.4377,1.08893,1.94857,0.824801,1.45826,1.09774,0.943592,0.583501,1.00676,1.39436
1.43925,1.08171,1.92985,0.821641,1.43929,1.085,0.958823,0.589627,1.00828,1.40725
1.43629,1.08211,1.9101,0.822324,1.4451,1.07837,0.958832,0.589233,1.00629,1.38762
1.44455,1.08823,1.90498,0.809695,1.44602,1.08814,0.94897,0.589772,1.01316,1.35838
1.43665,1.10423,1.86611,0.813558,1.43794,1.08605,0.956156,0.591075,1.00426,1.34825
1.42856,1.12253,1.86324,0.811487,1.41291,1.07388,0.950284,0.587827,1.00361,1.35773
1.42341,1.13981,1.88549,0.805436,1.41944,1.06144,0.965548,0.589012,1.01369,1.35992
1.40724,1.13228,1.90735,0.809761,1.40813,1.05211,0.956329,0.594661,1.01367,1.37466
1.40071,1.1531,1.87413,0.797279,1.40707,1.03837,0.964709,0.594631,1.02142,1.37188
1.4034,1.14909,1.86392,0.794987,1.40445,1.03436,0.956888,0.593996,1.0066,1.34787
1.39541,1.15064,1.85467,0.791728,1.42806,1.04375,0.965958,0.59607,1.02334,1.34265
1.40828,1.1546,1.86956,0.803986,1.44538,1.03147,0.951743,0.591258,1.02197,1.3576
1.398,1.15535,1.86543,0.804761,1.43047,1.01358,0.937215,0.585289,1.01007,1.37349
1.3803,1.17409,1.89047,0.8019,1.43039,1.02128,0.923832,0.587634,1.03672,1.347
1.37924,1.18102,1.87409,0.8082,1.43676,1.01883,0.915198,0.597945,1.04674,1.34681
1.36505,1.18325,1.89518,0.80939,1.42067,1.02325,0.919178,0.607823,1.04431,1.35664
1.35605,1.17805,1.88702,0.816718,1.42372,1.0065,0.923833,0.599989,1.05928,1.34352
1.3171,1.16999,1.84755,0.812184,1.43144,1.02502,0.921913,0.604646,1.0509,1.34621
1.32037,1.18396,1.84733,0.813285,1.45639,1.03233,0.929073,0.599711,1.0513,1.34893
1.33253,1.15754,1.84429,0.812092,1.46094,1.02206,0.930965,0.601061,1.07097,1.34418
1.32555,1.14336,1.85847,0.805479,1.45077,1.01911,0.942394,0.596518,1.09315,1.35384
1.31727,1.13808,1.86267,0.812722,1.46698,1.0455,0.940597,0.597948,1.09465,1.37954
1.32774,1.15104,1.871,0.80654,1.4809,1.04633,0.93731,0.603722,1.0957,1.37801
1.33643,1.13821,1.85599,0.796395,1.47365,1.06482,0.945817,0.609109,1.09087,1.3822
1.31339,1.13997,1.88722,0.803029,1.50156,1.06936,0.944413,0.60584,1.1021,1.37803
1.33933,1.13685,1.8604,0.82046,1.50383,1.04221,0.94977,0.618764,1.10798,1.39882
1.32447,1.14288,1.87195,0.815037,1.50209,1.04832,0.946939,0.607696,1.11425,1.39496
1.31846,1.141,1.84275,0.824201,1.48401,1.05315,0.946925,0.602727,1.13758,1.37527
1.30014,1.14421,1.84304,0.82727,1.47111,1.06003,0.939528,0.600976,1.13821,1.38286
1.31086,1.13297,1.86918,0.833026,1.45139,1.06365,0.949583,0.603117,1.13063,1.37802
1.32081,1.12413,1.87771,0.83579,1.42859,1.05783,0.942218,0.611778,1.14641,1.36915
1.3346,1.13276,1.87941,0.85826,1.43332,1.04174,0.928497,0.609324,1.14615,1.3851
1.32442,1.12939,1.8729,0.862287,1.41383,1.03699,0.919304,0.611101,1.14674,1.38533
1.33866,1.12803,1.86674,0.853886,1.4156,1.04938,0.914058,0.618561,1.14012,1.36239
1.33215,1.1342,1.85117,0.850491,1.41329,1.04072,0.910555,0.614804,1.14596,1.35433
1.32611,1.11453,1.81685,0.82991,1.40716,1.0393,0.90236,0.616865,1.15231,1.36937
1.32538,1.10717,1.81723,0.827869,1.41039,1.02412,0.913052,0.616769,1.15554,1.36294
1.29329,1.1219,1.8146,0.835194,1.39949,1.02949,0.918121,0.609909,1.14248,1.35199
1.2736,1.13297,1.82076,0.836211,1.38882,1.02502,0.924338,0.610056,1.14157,1.3096
1.27585,1.13014,1.80028,0.843825,1.38336,1.03055,0.939422,0.604998,1.13006,1.29382
1.26614,1.13292,1.81059,0.846317,1.39914,1.02238,0.937493,0.608916,1.1099,1.31376
1.28922,1.12885,1.83073,0.852394,1.40771,1.02529,0.937377,0.615958,1.09843,1.30715
1.29315,1.13383,1.82886,0.861241,1.40793,1.02801,0.940295,0.617965,1.10639,1.31865
1.28105,1.14565,1.80034,0.877457,1.3893,1.01777,0.956835,0.630385,1.10072,1.3381
1.29351,1.15421,1.79742,0.888691,1.3853,1.0276,0.959605,0.640845,1.10246,1.31889
1.30237,1.15217,1.77788,0.882364,1.3778,1.02307,0.933658,0.650008,1.1078,1.30598
1.28434,1.133,1.78827,0.869447,1.37678,1.0189,0.928668,0.641126,1.12151,1.32589
1.27882,1.1277,1.80926,0.85972,1.37199,1.00583,0.938882,0.633361,1.11535,1.30943
1.27903,1.11552,1.81636,0.853196,1.36526,1.01106,0.930788,0.622762,1.10661,1.3207
1.2905,1.11922,1.83216,0.847923,1.34407,1.03115,0.928504,0.632274,1.12427,1.34693
1.29306,1.1097,1.83982,0.85299,1.35692,1.01318,0.928398,0.638346,1.13393,1.34487
1.30748,1.12873,1.81856,0.848111,1.33548,1.01501,0.935215,0.630443,1.13143,1.32801
1.33217,1.14037,1.85611,0.846546,1.32958,1.00753,0.927295,0.636334,1.13598,1.33192
1.29975,1.14774,1.8413,0.837473,1.33759,1.00638,0.934395,0.631584,1.14079,1.32789
1.30792,1.15237,1.82906,0.822448,1.34382,1.02243,0.929823,0.63245,1.15735,1.32056
1.30435,1.15939,1.82455,0.827943,1.34178,1.02599,0.93426,0.640668,1.15081,1.3113
1.30512,1.191,1.82665,0.825601,1.33255,1.01378,0.947812,0.631139,1.16152,1.30443
1.31532,1.18838,1.84623,0.829996,1.36149,1.00926,0.952758,0.623228,1.16283,1.29634
1.31021,1.19743,1.85815,0.828446,1.35914,1.01121,0.936017,0.63122,1.17294,1.29078
1.32115,1.2054,1.845,0.81633,1.36597,1.00183,0.930995,0.631766,1.18221,1.29304
1.32197,1.22456,1.86133,0.827702,1.36381,1.0014,0.941859,0.635271,1.20178,1.30638
1.3122,1.22999,1.85524,0.827721,1.34218,1.00539,0.938929,0.630355,1.1952,1.29155
1.31054,1.22482,1.87469,0.823569,1.33212,0.999302,0.922646,0.642946,1.19941,1.31191
1.32247,1.23449,1.90553,0.816269,1.31753,0.989869,0.912297,0.640283,1.21956,1.30871
1.31785,1.22968,1.88955,0.83447,1.31561,0.984312,0.901424,0.645098,1.20485,1.33738
1.31919,1.21711,1.881,0.836787,1.32161,0.983228,0.901005,0.637785,1.17979,1.35025
1.33088,1.21121,1.90352,0.829093,1.31595,0.98121,0.893172,0.631499,1.19646,1.34939
1.32631,1.19827,1.91805,0.833881,1.33485,0.988801,0.891717,0.63749,1.18907,1.34765
1.3526,1.19979,1.91054,0.839061,1.31558,0.998581,0.906206,0.640983,1.18225,1.3669
1.35344,1.20675,1.91031,0.827963,1.30887,0.994269,0.909455,0.646919,1.1646,1.34582
1.35748,1.20446,1.90308,0.81398,1.29347,0.980511,0.901926,0.65194,1.16689,1.31591
1.37307,1.19682,1.90735,0.803293,1.28938,0.97636,0.89288,0.661764,1.13965,1.29791
1.36207,1.19751,1.93168,0.812101,1.27548,0.970165,0.885913,0.666962,1.1271,1.27765
1.36099,1.19846,1.88858,0.80021,1.29005,0.960721,0.885267,0.657454,1.12895,1.2589
1.34481,1.21458,1.91058,0.802292,1.28448,0.961834,0.892789,0.659527,1.13354,1.23207
1.34789,1.22302,1.92953,0.793228,1.30267,0.957724,0.889771,0.656281,1.14866,1.22316
1.3405,1.22698,1.92756,0.775146,1.30504,0.961949,0.889613,0.656601,1.14743,1.22726
1.31762,1.22423,1.893,0.779338,1.31164,0.965875,0.889087,0.65504,1.12957,1.23432
1.31468,1.22951,1.91211,0.765021,1.2883,0.979467,0.867437,0.658175,1.1221,1.23052
1.32528,1.25292,1.90525,0.768533,1.28961,0.970145,0.863039,0.655974,1.10724,1.22702
1.32523,1.25805,1.90427,0.76643,1.30518,0.98574,0.862973,0.655695,1.09873,1.22437
1.32524,1.25818,1.8882,0.768694,1.30521,0.982053,0.871289,0.657429,1.0878,1.21908
1.35634,1.25475,1.90903,0.755292,1.30596,0.983747,0.8754,0.66707,1.09389,1.18192
1.36314,1.24343,1.92715,0.771679,1.30899,0.999383,0.863592,0.654416,1.09553,1.17734
1.36724,1.23517,1.88628,0.772293,1.32347,1.00551,0.859764,0.65487,1.09994,1.20367
1.3712,1.23557,1.88125,0.778829,1.32248,0.981722,0.864725,0.653224,1.10729,1.20732
1.36555,1.20983,1.90388,0.772121,1.33857,0.985588,0.85687,0.671276,1.10222,1.19328
1.35795,1.20832,1.90961,0.774498,1.35525,0.987445,0.847327,0.667598,1.09742,1.2105
1.36955,1.20038,1.95735,0.794502,1.33938,0.99064,0.840311,0.66723,1.12673,1.21055
1.35503,1.18403,1.96506,0.79351,1.35683,0.999373,0.836812,0.662387,1.11706,1.23495
1.36319,1.20012,1.94472,0.804708,1.3303,0.998842,0.828314,0.655546,1.13639,1.25313
1.36715,1.196,1.97652,0.797004,1.31699,1.01258,0.825875,0.647273,1.13571,1.23727
1.37742,1.19086,1.96559,0.796954,1.31237,0.984899,0.83282,0.641749,1.13651,1.23865
1.38726,1.19254,1.98197,0.813846,1.30358,0.98195,0.844186,0.638279,1.12281,1.22468
1.38885,1.18663,1.98905,0.821282,1.3003,0.977522,0.852201,0.633299,1.13451,1.22339
1.39441,1.18963,1.99714,0.804434,1.29278,0.975893,0.849918,0.655655,1.13238,1.22683
1.3789,1.19049,1.98601,0.78948,1.29084,0.981072,0.838106,0.662975,1.15431,1.21517
1.40716,1.1943,1.98669,0.783254,1.29934,0.973393,0.851763,0.669491,1.14398,1.23005
1.41502,1.2213,1.99173,0.792525,1.28689,0.978608,0.83104,0.65795,1.15935,1.21662
1.4041,1.198,1.99306,0.810043,1.30246,0.983168,0.842579,0.661238,1.1394,1.21324
1.41137,1.20735,1.97255,0.814365,1.2893,0.982884,0.835492,0.654696,1.15276,1.22869
1.41793,1.20354,1.97675,0.821604,1.27538,0.977153,0.849036,0.654595,1.13032,1.22199
1.43419,1.19471,1.98811,0.81769,1.29425,0.979491,0.83602,0.671591,1.14139,1.23451
1.45428,1.1989,1.98202,0.820646,1.29128,0.993156,0.828356,0.672005,1.14748,1.22715
1.44488,1.19733,2.00271,0.82203,1.30091,1.00806,0.843566,0.677205,1.1474,1.23514
1.43342,1.19721,1.96841,0.805411,1.30164,0.998563,0.838676,0.678637,1.16501,1.23744
1.43808,1.18441,1.96544,0.807609,1.31003,1.00139,0.84815,0.677032,1.17111,1.24967
1.42396,1.19811,1.96024,0.801022,1.31533,0.989645,0.849189,0.678092,1.16625,1.23918
1.41898,1.19525,1.95757,0.80656,1.31498,1.00082,0.85382,0.672807,1.1688,1.25417
1.42461,1.19756,1.93902,0.800251,1.30996,0.991947,0.852722,0.671105,1.16408,1.25703
1.43367,1.19463,1.90482,0.802497,1.27968,0.974714,0.865927,0.667395,1.17015,1.27122
1.43276,1.20653,1.92268,0.802248,1.2605,0.966563,0.866648,0.676183,1.17635,1.26936
1.4433,1.2033,1.88278,0.808761,1.24503,0.977023,0.857757,0.68147,1.19555,1.27542
1.46215,1.20895,1.88173,0.807097,1.24768,0.9825,0.860235,0.681797,1.20345,1.2881
1.46439,1.20079,1.89808,0.799648,1.23833,0.98539,0.870848,0.677795,1.20675,1.28809
1.45821,1.20005,1.90013,0.801804,1.23299,0.989483,0.863321,0.6751,1.20705,1.30324
1.46804,1.21131,1.88462,0.813333,1.24391,0.983441,0.869516,0.672896,1.20602,1.2855
1.47964,1.18376,1.89224,0.803917,1.24077,0.990788,0.871754,0.670664,1.20626,1.27841
1.47847,1.18487,1.91479,0.814036,1.22824,0.990907,0.870938,0.678724,1.21333,1.29212
1.4899,1.18863,1.89732,0.843158,1.23221,0.990912,0.87078,0.673925,1.22835,1.29757
1.46375,1.18269,1.89053,0.839397,1.24067,0.978899,0.884399,0.664739,1.24577,1.29392
1.46404,1.16538,1.90176,0.844479,1.24949,0.982546,0.894492,0.673226,1.23574,1.28053
1.46861,1.17083,1.90925,0.847627,1.24165,0.987657,0.899651,0.667715,1.24394,1.27887
1.48444,1.17214,1.91978,0.845988,1.24682,0.989706,0.913651,0.663565,1.2724,1.2642
1.50219,1.17578,1.91626,0.840911,1.25488,0.999491,0.92673,0.663667,1.30298,1.26109
1.50234,1.16667,1.91715,0.847215,1.25679,0.986445,0.922171,0.663224,1.30428,1.27722
1.52163,1.17293,1.93147,0.841551,1.26332,0.979119,0.916643,0.657762,1.30017,1.28925
1.52925,1.176,1.93784,0.843352,1.27927,0.979859,0.911938,0.65248,1.28507,1.28507
1.52307,1.19171,1.95119,0.828374,1.28705,0.993129,0.932271,0.65035,1.28553,1.27812
1.52684,1.18316,1.93768,0.838617,1.29282,0.980108,0.923873,0.655192,1.28141,1.26154
1.52216,1.19987,1.95008,0.848394,1.31935,0.989405,0.913264,0.646858,1.2658,1.25968
1.51233,1.19224,1.92652,0.852531,1.31702,0.990928,0.910717,0.640407,1.26513,1.26396
1.51814,1.1956,1.94349,0.854327,1.30107,0.98204,0.909862,0.642688,1.28316,1.28001
1.48494,1.19206,1.93633,0.852304,1.31931,0.985151,0.913595,0.651692,1.26743,1.27847
1.49107,1.2024,1.92379,0.849586,1.30223,0.977369,0.902085,0.647283,1.27577,1.27441
1.4806,1.19757,1.91669,0.846801,1.30696,0.977623,0.899708,0.652807,1.2849,1.27544
1.49269,1.20105,1.92114,0.852625,1.29644,0.972202,0.899731,0.666425,1.2792,1.29315
1.53078,1.1903,1.94198,0.841791,1.30582,0.970546,0.886886,0.662839,1.27837,1.28492
1.52534,1.20633,1.94954,0.848325,1.3193,0.950976,0.892923,0.667584,1.28975,1.27416
1.5236,1.18639,1.94485,0.861653,1.3278,0.967272,0.886256,0.664361,1.29277,1.26411
1.53996,1.15544,1.94491,0.861662,1.33918,0.967356,0.894967,0.666401,1.27201,1.27416
1.54675,1.15111,1.93832,0.852398,1.34565,0.961644,0.903291,0.678521,1.26904,1.27901
1.54227,1.16929,1.92617,0.86269,1.34544,0.963274,0.902803,0.6725,1.25874,1.26051
1.52971,1.17638,1.91811,0.852085,1.33668,0.952738,0.913433,0.679081,1.24245,1.24725
1.55383,1.17691,1.93586,0.85056,1.37305,0.962561,0.898559,0.678858,1.22315,1.25188
1.58234,1.19776,1.94067,0.848843,1.36476,0.963356,0.903596,0.67453,1.23737,1.25248
1.58862,1.19934,1.95902,0.846399,1.36506,0.953272,0.896203,0.668497,1.24448,1.27067
1.55713,1.21031,1.93516,0.861821,1.35953,0.949772,0.896565,0.663253,1.24635,1.26576
1.55774,1.23087,1.91633,0.867897,1.37563,0.948238,0.918152,0.67179,1.25774,1.26151
1.55902,1.2265,1.92331,0.870835,1.38918,0.958117,0.904853,0.667037,1.25461,1.26759
1.56194,1.22811,1.91635,0.845522,1.40052,0.949472,0.893234,0.660534,1.25318,1.2843
1.56114,1.22035,1.89229,0.854592,1.39116,0.944789,0.896389,0.651994,1.24008,1.28455
1.55814,1.19858,1.91133,0.848278,1.40004,0.942409,0.905378,0.666779,1.25226,1.28283
1.55784,1.20354,1.92151,0.852725,1.39126,0.948955,0.895821,0.672215,1.25475,1.26038
1.57775,1.20161,1.94302,0.855846,1.40527,0.94443,0.904453,0.663986,1.2557,1.24975
1.54556,1.21395,1.96026,0.860996,1.4114,0.947991,0.900039,0.665634,1.2572,1.25902
1.55361,1.22345,1.93081,0.860183,1.3987,0.965781,0.906128,0.663583,1.26786,1.24768
1.54702,1.21834,1.9278,0.858889,1.40172,0.956515,0.905545,0.678202,1.24568,1.23854
1.54578,1.22598,1.91026,0.846546,1.42435,0.957248,0.905047,0.67368,1.26717,1.23775
1.56938,1.22231,1.90455,0.836593,1.44469,0.957907,0.90734,0.660557,1.28362,1.25521
1.57164,1.20685,1.88984,0.839029,1.44427,0.966831,0.902853,0.658249,1.28882,1.2611
1.57686,1.20538,1.93798,0.831851,1.43514,0.972748,0.930141,0.670437,1.2949,1.29087
1.62014,1.21599,1.95677,0.833987,1.44419,0.973435,0.940355,0.665641,1.29249,1.28862
1.61217,1.23425,1.94208,0.838176,1.46316,0.975661,0.939614,0.658348,1.29461,1.30111
1.64715,1.24432,1.93663,0.831316,1.48342,0.977983,0.941919,0.661239,1.31685,1.30818
1.64334,1.24868,1.90653,0.828912,1.47591,0.983076,0.945363,0.660919,1.32887,1.30538
1.63869,1.23583,1.92061,0.843725,1.47928,0.99748,0.957066,0.663356,1.35951,1.31287
1.65194,1.23881,1.95843,0.855453,1.49737,0.989701,0.958852,0.659768,1.35334,1.31462
1.66887,1.23895,1.97814,0.841378,1.48023,0.989,0.955784,0.653734,1.36975,1.30425
1.70137,1.24349,1.96852,0.834834,1.51498,0.992615,0.956377,0.645227,1.37944,1.2912
1.69399,1.22827,1.97704,0.843176,1.5002,0.996782,0.958171,0.653558,1.39063,1.27955
1.71495,1.23594,1.99876,0.851069,1.50354,0.991992,0.941087,0.659001,1.39448,1.27645
1.6881,1.24431,2.00483,0.845092,1.5172,1.00536,0.930549,0.655985,1.38546,1.27414
1.66777,1.23316,2.04225,0.853525,1.51527,0.996369,0.918606,0.641065,1.39815,1.27783
1.68619,1.23431,2.02978,0.847052,1.52744,0.991336,0.903459,0.639543,1.41722,1.27209
1.6929,1.24471,2.03546,0.852743,1.5324,1.00015,0.917914,0.638224,1.40976,1.29359
1.67754,1.24866,2.0595,0.864981,1.54721,1.01254,0.944626,0.632978,1.42218,1.29036
1.69288,1.25026,2.05951,0.858543,1.53478,1.01222,0.939684,0.628808,1.38773,1.29785
1.68898,1.24847,2.05464,0.846882,1.51672,1.02793,0.936911,0.631811,1.3815,1.30037
1.70251,1.24385,2.10492,0.846917,1.50239,1.02893,0.936392,0.624945,1.38392,1.30294
1.67117,1.21219,2.08084,0.837259,1.5005,1.03859,0.926714,0.618117,1.42836,1.32131
1.68027,1.21133,2.08134,0.841119,1.47997,1.03333,0.928026,0.623476,1.44847,1.32451
1.68805,1.21796,2.11694,0.840421,1.46814,1.03157,0.932323,0.622398,1.45572,1.34438
1.68898,1.21538,2.12322,0.82354,1.45975,1.02305,0.932429,0.621808,1.46677,1.3438
1.69145,1.22477,2.16254,0.831253,1.45963,1.01168,0.945451,0.623242,1.44224,1.34674
1.71503,1.22204,2.18801,0.829191,1.45628,1.0129,0.951907,0.629286,1.43158,1.34684
1.6932,1.21981,2.2021,0.831766,1.47399,1.0272,0.944349,0.62219,1.42235,1.35714
1.68678,1.21252,2.19385,0.843498,1.4438,1.03645,0.928286,0.639204,1.41583,1.33419
1.66831,1.21842,2.19856,0.847192,1.45098,1.03223,0.922966,0.634766,1.44063,1.34455
1.6538,1.21743,2.18209,0.841967,1.44632,1.03711,0.919227,0.626378,1.42469,1.35614
1.64275,1.21019,2.2027,0.830908,1.44542,1.02572,0.908729,0.619031,1.41904,1.38006
1.64326,1.19823,2.20178,0.824448,1.44476,1.02847,0.897228,0.626145,1.40388,1.39482
1.64382,1.19483,2.21159,0.816708,1.43855,1.01397,0.911958,0.625039,1.3918,1.39449
1.66818,1.20836,2.16748,0.804416,1.45464,1.02668,0.921308,0.626065,1.40795,1.39226
1.65364,1.22781,2.18612,0.813469,1.46699,1.03372,0.929616,0.637664,1.40482,1.37388
1.67242,1.23976,2.20395,0.809345,1.44804,1.02723,0.928762,0.633106,1.43678,1.38174
1.6557,1.24194,2.20834,0.82039,1.44337,1.02712,0.940979,0.635437,1.43691,1.37164
1.64963,1.24759,2.19696,0.831102,1.42119,1.03458,0.959577,0.642813,1.43892,1.35663
1.64148,1.25032,2.19828,0.825896,1.42987,1.05697,0.968745,0.651279,1.43784,1.36039
1.60974,1.26062,2.21274,0.819832,1.44253,1.07188,0.963243,0.647853,1.43588,1.35199
1.58897,1.2818,2.20645,0.824173,1.44182,1.05669,0.965658,0.651104,1.45171,1.34779
1.60509,1.31096,2.20534,0.828838,1.45197,1.05594,0.964973,0.646913,1.46667,1.35059
1.62441,1.30322,2.20054,0.828858,1.47684,1.05646,0.97444,0.634755,1.46677,1.37839
1.63485,1.29362,2.22356,0.826204,1.46666,1.05749,0.989439,0.630445,1.48278,1.38811
1.61397,1.28198,2.23425,0.811891,1.48235,1.07691,0.983111,0.628233,1.50418,1.39796
1.61232,1.28563,2.21073,0.802671,1.52021,1.07262,0.98381,0.624956,1.4771,1.38624
1.62845,1.26618,2.20909,0.798239,1.50442,1.07799,0.9776,0.61887,1.45918,1.39266
1.61915,1.25849,2.19615,0.80003,1.49692,1.07386,0.972226,0.620017,1.46559,1.38795
1.6162,1.25756,2.2089,0.803409,1.4919,1.07611,0.967316,0.625586,1.447,1.36906
1.5802,1.26785,2.26115,0.804295,1.49482,1.07201,0.963625,0.618532,1.43373,1.3684
1.57164,1.25094,2.26493,0.800818,1.48278,1.07868,0.96815,0.608156,1.42905,1.35054
1.56395,1.23918,2.27793,0.803638,1.48323,1.09568,0.97939,0.590618,1.41608,1.3441
1.57055,1.22891,2.23788,0.805259,1.51361,1.09691,0.972933,0.587165,1.44176,1.35958
1.56737,1.21633,2.21876,0.806433,1.5207,1.10138,0.973622,0.594704,1.46065,1.37488
1.55883,1.21512,2.21945,0.798454,1.54134,1.0948,0.96905,0.60784,1.45083,1.38673
1.55174,1.20648,2.2116,0.799525,1.55837,1.08012,0.961552,0.610882,1.44396,1.38638
1.53953,1.19694,2.21545,0.80064,1.57959,1.08375,0.942634,0.614615,1.43817,1.37518
1.54967,1.19262,2.21593,0.800896,1.59072,1.0684,0.94968,0.617064,1.44619,1.35486
1.53515,1.20203,2.21664,0.802474,1.57485,1.07775,0.954696,0.611328,1.45494,1.35632
1.5438,1.21564,2.20761,0.803445,1.58534,1.07047,0.935304,0.609549,1.43727,1.36573
1.54709,1.19805,2.19908,0.804059,1.60912,1.06492,0.942598,0.619576,1.4086,1.3664
1.52132,1.19844,2.18272,0.801482,1.62126,1.05114,0.942887,0.613955,1.40241,1.36205
1.50157,1.20439,2.20992,0.79438,1.6119,1.05333,0.937171,0.618047,1.43271,1.36033
1.46242,1.21499,2.21324,0.801057,1.64205,1.04719,0.927828,0.610636,1.42299,1.37922
1.45434,1.2342,2.20836,0.806587,1.63492,1.04976,0.926581,0.596413,1.42824,1.38307
1.4616,1.22392,2.2059,0.802169,1.62983,1.03984,0.929635,0.598541,1.45105,1.39397
1.47406,1.22378,2.20038,0.800857,1.64609,1.04275,0.935359,0.594538,1.46152,1.42878
1.4609,1.22736,2.17089,0.797118,1.65121,1.0401,0.9466,0.600435,1.48044,1.44662
1.45807,1.21942,2.16223,0.789555,1.64822,1.0424,0.955025,0.598298,1.4637,1.43555
1.44124,1.21568,2.14777,0.781201,1.63788,1.03632,0.969159,0.604076,1.43707,1.45911
1.41866,1.22923,2.12539,0.774183,1.64768,1.05564,0.975339,0.59907,1.44441,1.46407
1.40072,1.21993,2.11363,0.781343,1.65632,1.07267,0.976405,0.595537,1.44705,1.46083
1.39977,1.20423,2.10433,0.786894,1.62667,1.06746,0.959426,0.600389,1.43852,1.44954
1.40028,1.19696,2.0961,0.791061,1.62473,1.0727,0.969954,0.595116,1.44221,1.41482
1.37975,1.17065,2.10703,0.783633,1.61445,1.05601,0.958354,0.596542,1.44071,1.42875
1.38834,1.16452,2.0907,0.767392,1.60805,1.06333,0.952933,0.596893,1.44697,1.41401
1.38668,1.17482,2.11182,0.764744,1.61148,1.0679,0.939496,0.591225,1.43559,1.42542
1.40851,1.17594,2.14593,0.758555,1.62512,1.06818,0.936349,0.583257,1.45852,1.43328
1.41572,1.18177,2.14043,0.76036,1.63546,1.07491,0.944007,0.591963,1.45687,1.44253
