0,1,2,3,4,5,6,7,8,9
0.0198354,0.0481828,0.0610021,0.0895333,0.291186,0.0392762,0.0400624,0.115951,0.233548,0.0614221
0.0455456,0.0746356,0.0988699,0.0791475,0.254288,0.0447164,0.0616466,0.12594,0.14749,0.067721
0.0337753,0.0435321,0.0766147,0.0210334,0.505006,0.0833079,0.0133981,0.115962,0.0852115,0.0221591
0.00425654,0.0148534,0.0213045,0.00575053,0.862476,0.0205642,0.00119862,0.0512303,0.0145492,0.00381617
0.0250872,0.0445107,0.0593545,0.0247024,0.597521,0.0521869,0.0113056,0.098517,0.0667103,0.0201049
0.07772,0.170334,0.0535069,0.195901,0.16688,0.176008,0.0343402,0.0323788,0.03415,0.0587811
0.109478,0.132595,0.0726828,0.0630958,0.150025,0.270004,0.0177687,0.0707906,0.0407941,0.0727662
0.0900404,0.10908,0.049973,0.0395012,0.163787,0.289606,0.0140416,0.139348,0.0345739,0.0700478
0.0594058,0.0669442,0.131261,0.125996,0.169959,0.103678,0.0215222,0.162579,0.0935275,0.065128
0.0512734,0.0485327,0.204315,0.107482,0.0952739,0.103331,0.0450488,0.0921653,0.171353,0.081225
0.0517174,0.0557356,0.126479,0.111141,0.141457,0.0955285,0.0368112,0.117959,0.137432,0.12574
0.0385273,0.0738583,0.0875034,0.0563294,0.379452,0.0734874,0.0274544,0.104814,0.101488,0.0570852
0.0486468,0.0430684,0.14706,0.104306,0.203303,0.0728543,0.0523458,0.113897,0.151553,0.0629666
0.0554829,0.091163,0.112986,0.0887351,0.191498,0.0984147,0.0571422,0.116398,0.0705798,0.117601
0.0774176,0.0841706,0.111678,0.129948,0.264325,0.141675,0.0201399,0.0460589,0.0595986,0.0649889
0.0160307,0.0286804,0.0731023,0.120734,0.524617,0.0147443,0.0146363,0.0852789,0.0714719,0.0507038
0.023719,0.0482873,0.102263,0.125029,0.399924,0.0178583,0.0172133,0.0856618,0.140304,0.0397401
0.0653798,0.0956492,0.0795964,0.122848,0.31871,0.0813013,0.0402228,0.0432934,0.0853362,0.0676629
0.0419195,0.0754098,0.0272221,0.0604593,0.68089,0.01952,0.0199726,0.0135087,0.0463046,0.0147937
0.038253,0.092102,0.0400223,0.0685886,0.531592,0.0308301,0.0186256,0.0698836,0.0833833,0.0267191
0.0396749,0.0889184,0.0279615,0.0756639,0.63114,0.0277459,0.0317479,0.0147381,0.0460611,0.0163481
0.00166557,0.018943,0.00355698,0.0294296,0.92862,0.00219531,0.0026844,0.00640648,0.00456926,0.00192959
0.00106685,0.00898525,0.00278054,0.0219989,0.950445,0.0018881,0.000746248,0.00626272,0.00433496,0.00149122
0.0066912,0.0475352,0.015943,0.139266,0.683537,0.0177271,0.00670911,0.0275071,0.0363456,0.0187388
0.0626497,0.0904007,0.0646647,0.146159,0.401639,0.0584904,0.0110303,0.0193524,0.0997008,0.0459123
0.00968855,0.0520378,0.020266,0.0763534,0.744825,0.0159668,0.00708999,0.0234441,0.0331525,0.0171755
0.035523,0.0332737,0.190236,0.0933946,0.252131,0.11422,0.00702886,0.0388303,0.158287,0.0770757
0.0484586,0.0400438,0.150326,0.240705,0.170814,0.0808529,0.0316048,0.0401281,0.1413,0.0557667
0.0277218,0.0399299,0.227153,0.128575,0.121643,0.0721916,0.0317018,0.074227,0.205359,0.0714992
0.0278253,0.0313893,0.182505,0.0805409,0.142742,0.102319,0.0277763,0.152505,0.166272,0.086125
0.0174577,0.0230267,0.235336,0.0859227,0.173477,0.0525295,0.0264707,0.131214,0.140382,0.114183
0.0350183,0.0575975,0.143075,0.0963063,0.249702,0.0781819,0.0236511,0.115191,0.0888509,0.112426
0.0621587,0.0774516,0.111762,0.161884,0.0933404,0.102721,0.0389091,0.100738,0.124506,0.12653
0.00244991,0.0093594,0.00354415,0.00842791,0.938865,0.00152217,0.00118834,0.0273012,0.00659984,0.000741779
0.00211121,0.0138089,0.00679417,0.0332348,0.834423,0.00404206,0.00597056,0.0853571,0.0123824,0.00187599
0.0115216,0.0284984,0.0188455,0.0397558,0.777153,0.0292686,0.007815,0.0550824,0.020178,0.0118819
0.0118163,0.0480663,0.0137095,0.0384969,0.813864,0.0033803,0.00670046,0.0258049,0.0327277,0.00543357
0.0190013,0.0479763,0.0360928,0.0989642,0.532145,0.0173876,0.0187255,0.112834,0.0691721,0.0477008
0.0381087,0.083052,0.0785736,0.189823,0.166725,0.0680338,0.0200395,0.113754,0.163264,0.0786256
0.043407,0.0620232,0.14577,0.126686,0.264911,0.0321834,0.0167344,0.0554877,0.187583,0.065214
0.0160152,0.026775,0.0831882,0.072782,0.508352,0.027246,0.00793692,0.129653,0.0636725,0.0643785
0.0305335,0.0496066,0.0492375,0.0362463,0.503631,0.0446876,0.00361885,0.164308,0.0879004,0.0302302
0.0283377,0.0410355,0.0931359,0.126911,0.240239,0.0599759,0.0093005,0.130757,0.177153,0.0931543
0.0519251,0.0821688,0.0986766,0.114945,0.26337,0.0813875,0.012173,0.10297,0.0512048,0.141179
0.0317054,0.0809346,0.138379,0.070632,0.409612,0.0243457,0.010274,0.10375,0.0952651,0.0351029
0.0784584,0.0937951,0.0838236,0.0420638,0.258576,0.145183,0.0329968,0.10604,0.0957786,0.0632847
0.00571652,0.0527639,0.0127406,0.0215781,0.845469,0.0140272,0.00165171,0.0293917,0.0133936,0.0032673
0.0160827,0.0715291,0.0207214,0.0546652,0.69604,0.0684847,0.00470055,0.0393632,0.014317,0.0140966
0.00647506,0.0198251,0.0251353,0.014015,0.882804,0.00388809,0.00135707,0.0119212,0.0298939,0.00468558
0.0038539,0.0117437,0.0162894,0.00672989,0.920139,0.00413665,0.00149121,0.0152316,0.0157354,0.00464886
0.00440584,0.00821334,0.0115883,0.00730377,0.937908,0.00135288,0.00284351,0.00601307,0.018594,0.00177768
0.0303948,0.0338572,0.122962,0.0867189,0.474046,0.0136522,0.0336411,0.0664225,0.107009,0.031297
0.0660684,0.0417059,0.156436,0.0881874,0.371875,0.0542377,0.0344559,0.0529474,0.111203,0.0228837
0.0498046,0.056837,0.103943,0.110512,0.3849,0.0769743,0.0217094,0.0580963,0.0793425,0.0578809
0.0168159,0.0553276,0.024814,0.0719432,0.696434,0.0670961,0.00366179,0.0268026,0.0152028,0.0219023
0.000603842,0.0112756,0.00144615,0.00496594,0.958156,0.0161078,7.62616e-05,0.00619726,0.000480263,0.000690898
0.00134318,0.0231551,0.0028093,0.0110221,0.923687,0.0276363,7.33217e-05,0.00582331,0.000855918,0.00359486
0.00204752,0.0227727,0.00321615,0.01935,0.938733,0.00385293,0.000243109,0.00345208,0.00308611,0.00324622
0.0559847,0.0773432,0.0685431,0.0800292,0.503752,0.0258752,0.00855269,0.0254743,0.113365,0.0410798
0.0419425,0.0583539,0.194693,0.164972,0.0861057,0.0868468,0.0142928,0.0457612,0.219293,0.0877386
0.026972,0.0494562,0.158801,0.170979,0.0828702,0.111403,0.00823021,0.0697324,0.277273,0.044282
0.024082,0.0474065,0.204776,0.210385,0.0754992,0.0612172,0.0318186,0.0728777,0.176528,0.0954102
0.0259504,0.0457734,0.199614,0.223926,0.0694095,0.0642337,0.0340044,0.0748842,0.156164,0.106041
0.0124124,0.0541077,0.102244,0.0716055,0.407212,0.0254127,0.0336651,0.134495,0.100568,0.0582777
0.0110784,0.0470975,0.0475772,0.0420376,0.579511,0.0218215,0.0204243,0.136825,0.0652416,0.0283857
0.0419462,0.0849878,0.086392,0.147627,0.10895,0.0633145,0.0461816,0.117902,0.215062,0.0876364
0.00469753,0.0197447,0.0214249,0.078029,0.535974,0.0214517,0.0142845,0.265949,0.0203865,0.0180585
0.00386338,0.0294686,0.01556,0.147153,0.438736,0.0253673,0.00960131,0.287209,0.0270173,0.0160238
0.00998397,0.103485,0.00991851,0.321368,0.0559179,0.120941,0.0103095,0.304004,0.0219386,0.0421337
0.0394085,0.150958,0.046109,0.112015,0.279069,0.0557177,0.00791447,0.221993,0.0351357,0.0516795
0.0631945,0.130732,0.0777152,0.0663997,0.287927,0.144267,0.00383963,0.118609,0.0789499,0.0283651
0.0840478,0.05913,0.219416,0.0968267,0.162416,0.147761,0.0124698,0.0986049,0.0725137,0.0468138
0.130825,0.0653002,0.316939,0.103757,0.105575,0.102271,0.0105111,0.0623741,0.0714527,0.0309939
0.109812,0.0711213,0.175656,0.0588778,0.250839,0.130769,0.0170992,0.0956265,0.0553245,0.0348752
0.0229365,0.0528328,0.0602079,0.0513563,0.491506,0.122214,0.00968501,0.106394,0.034352,0.0485152
0.012705,0.058469,0.0366711,0.0118342,0.587003,0.067694,0.00462273,0.149824,0.0618248,0.00935155
0.0134226,0.0974164,0.0350948,0.059968,0.390128,0.0865558,0.0151921,0.217183,0.068292,0.0167472
0.0150737,0.154394,0.0190761,0.202319,0.143407,0.121451,0.0220773,0.22063,0.0565598,0.0450119
0.033526,0.140237,0.0307146,0.0215797,0.255046,0.139311,0.009797,0.261024,0.0923301,0.0164354
0.0284319,0.104206,0.0188156,0.0116605,0.575633,0.0431024,0.00741807,0.0946343,0.110793,0.00530549
0.010868,0.0363651,0.00452683,0.00913827,0.875166,0.00354877,0.00569522,0.0165311,0.0374159,0.000744723
0.0293287,0.030907,0.0228279,0.0585051,0.716398,0.00903497,0.015377,0.0211539,0.0916214,0.00484575
0.00695395,0.0152269,0.018803,0.0301703,0.863555,0.00091292,0.00798066,0.00871276,0.0455695,0.00211497
0.0203984,0.0464837,0.0188326,0.0747613,0.774814,0.00372414,0.0121727,0.00754289,0.0367371,0.00453337
0.0246546,0.0486873,0.0999356,0.0933738,0.484979,0.0147712,0.0233122,0.054107,0.120079,0.0360999
0.00783367,0.0421697,0.0214049,0.0752832,0.772613,0.00849766,0.00410244,0.0204393,0.0286557,0.0190007
0.001979,0.0400069,0.00434593,0.0460981,0.873631,0.0127065,0.000739366,0.0112163,0.0033125,0.005964
0.00332825,0.0781085,0.00487881,0.0623187,0.799252,0.0191998,0.00241392,0.0203154,0.00373845,0.00644587
0.00470198,0.0473871,0.0270848,0.0468854,0.753028,0.00904049,0.00610294,0.0506903,0.0312531,0.0238258
0.00578904,0.0393223,0.00981217,0.0611393,0.847364,0.0026969,0.0038098,0.00580462,0.0157362,0.00852585
0.0217146,0.0494082,0.123994,0.0724488,0.419198,0.00899571,0.0215488,0.0577142,0.14891,0.0760671
0.073702,0.0851738,0.0950927,0.104844,0.301422,0.0138819,0.0345984,0.0434616,0.196135,0.0516888
0.0449749,0.139497,0.0600994,0.216777,0.17324,0.0533654,0.0286098,0.100774,0.106569,0.0760935
0.0314716,0.0832283,0.109128,0.165365,0.222288,0.0760769,0.0156863,0.145503,0.122461,0.0287917
0.0261918,0.0573313,0.0767269,0.126141,0.257133,0.0366207,0.0205093,0.227992,0.137953,0.0334012
0.0370062,0.0554771,0.0904051,0.0943343,0.230633,0.0408983,0.0330633,0.217976,0.15557,0.0446374
0.0520402,0.100111,0.0885033,0.144444,0.0950717,0.125765,0.0551684,0.0968375,0.168045,0.0740148
0.0292727,0.0397209,0.161808,0.1286,0.207054,0.0398351,0.0586921,0.102102,0.145626,0.0872892
0.0166641,0.0370607,0.14922,0.0838869,0.290068,0.0343223,0.0320072,0.151881,0.152323,0.0525669
0.0209218,0.0779658,0.194071,0.176357,0.15151,0.0349514,0.018009,0.142592,0.0900663,0.0935559
0.00493178,0.0232522,0.0990905,0.0623552,0.587357,0.0036039,0.00565962,0.0474979,0.136272,0.0299798
0.00718374,0.0621462,0.0341064,0.116809,0.634489,0.00387217,0.00562475,0.0265196,0.0736997,0.0355497
0.0294934,0.0739442,0.0709215,0.0872866,0.537044,0.0132734,0.0192211,0.0335966,0.0788895,0.0563294
0.0122879,0.022498,0.0329906,0.0327871,0.801007,0.00627674,0.00979155,0.0192982,0.0559935,0.00706901
0.0354787,0.0665793,0.0741446,0.19882,0.322717,0.00957457,0.085246,0.0510409,0.130463,0.0259365
0.0468252,0.0430587,0.118063,0.139061,0.21143,0.0433405,0.112857,0.0588018,0.173139,0.0534245
0.0560041,0.0832098,0.0572552,0.0807979,0.565477,0.0282753,0.0277118,0.0362919,0.0525193,0.0124572
0.00846785,0.0559277,0.0312726,0.0203511,0.822826,0.00827527,0.00351061,0.0185763,0.0273589,0.00343324
0.0365745,0.159432,0.0610012,0.127118,0.371002,0.0597555,0.0101591,0.0507495,0.0988369,0.0253709
0.0254531,0.0430223,0.0788737,0.0386998,0.640126,0.0391206,0.00845938,0.0651755,0.0373815,0.0236886
0.00739106,0.0688269,0.0162448,0.0637012,0.713223,0.07881,0.0012642,0.0247527,0.0059868,0.0197991
0.0695516,0.0692166,0.0980599,0.122055,0.292041,0.0640026,0.0171979,0.0380157,0.147217,0.0826433
0.0163148,0.0514032,0.056738,0.0498759,0.654708,0.0236087,0.00306883,0.0297581,0.0680646,0.0464599
0.00193265,0.0335518,0.0507963,0.0531658,0.64755,0.0175729,0.00115675,0.116416,0.0328559,0.0450021
0.000614831,0.0150598,0.0101758,0.00660162,0.93844,0.0050803,0.000104768,0.0149207,0.00492736,0.00407524
0.0038753,0.0384112,0.0508339,0.0233159,0.740285,0.0116158,0.00335227,0.0622395,0.0532576,0.0128133
0.0147864,0.0928347,0.101378,0.0341567,0.485725,0.0662993,0.00798311,0.113251,0.0348964,0.048689
0.0102467,0.133146,0.0443035,0.369211,0.204798,0.0288632,0.0240452,0.084428,0.0294958,0.0714636
0.0612576,0.13727,0.128162,0.216243,0.104621,0.0749923,0.0330201,0.0738589,0.123934,0.0466405
0.047602,0.0966928,0.116513,0.151974,0.120347,0.0625402,0.0355543,0.111121,0.197578,0.0600776
0.0136656,0.0520857,0.0813863,0.0754232,0.485918,0.021858,0.0281789,0.116087,0.102797,0.0225999
0.0169444,0.0839876,0.0655415,0.0634843,0.358994,0.0617822,0.0130936,0.182308,0.100748,0.0531169
0.0225606,0.106861,0.0359447,0.207313,0.108268,0.0701005,0.0268622,0.333845,0.0469587,0.041286
0.0067122,0.0657698,0.0520402,0.0296096,0.556375,0.0297423,0.00623353,0.151391,0.074372,0.0277548
0.0419038,0.0707038,0.127683,0.352654,0.0637061,0.0468185,0.0288943,0.168285,0.0618243,0.0375276
0.0575131,0.0508159,0.201813,0.247967,0.113825,0.0409773,0.0201861,0.112938,0.134743,0.0192214
0.0811997,0.0754538,0.152438,0.234142,0.0992644,0.0654657,0.0333119,0.129785,0.103201,0.0257382
0.0841696,0.0777397,0.134994,0.128173,0.173832,0.0839257,0.0607977,0.0586672,0.155509,0.0421925
0.0779451,0.0880926,0.111094,0.124662,0.16964,0.0804184,0.0542554,0.0920406,0.150362,0.0514895
0.0345216,0.0534958,0.147486,0.141497,0.19265,0.0231715,0.0272184,0.126244,0.210111,0.0436049
0.0433048,0.0521499,0.089505,0.109236,0.421626,0.00736646,0.0197086,0.0447348,0.18613,0.026238
0.0417272,0.0551844,0.078524,0.0698895,0.438497,0.00756144,0.0259071,0.0333534,0.225585,0.0237716
0.0170729,0.0455502,0.0793875,0.0527835,0.614776,0.00364315,0.00870803,0.0172666,0.150348,0.0104638
0.0261767,0.0788625,0.0256994,0.0599816,0.676446,0.0155383,0.0109455,0.0352148,0.0532435,0.0178919
0.0142635,0.0981777,0.015694,0.0650541,0.720421,0.0237424,0.00872574,0.0197721,0.0228932,0.011256
0.0282119,0.0666126,0.0419421,0.146227,0.547939,0.0419747,0.0317517,0.0212745,0.0452845,0.0287811
0.0528002,0.0395985,0.152549,0.117812,0.303769,0.113762,0.0275124,0.0409418,0.106915,0.0443398
0.0281345,0.0307541,0.274133,0.105986,0.197959,0.0509511,0.0540743,0.065955,0.142816,0.0492364
0.0315898,0.0575914,0.167652,0.157461,0.173735,0.0685099,0.0189581,0.0893432,0.195726,0.0394336
0.0239812,0.0642383,0.109632,0.143999,0.0858388,0.100547,0.00983615,0.149933,0.256661,0.0553327
0.0420592,0.127428,0.0788798,0.0796162,0.158814,0.123414,0.0249144,0.134619,0.171246,0.0590079
0.032714,0.120481,0.0957555,0.0184712,0.185086,0.106856,0.00755783,0.28947,0.122307,0.0213012
0.0142945,0.102342,0.0299242,0.021144,0.224244,0.124255,0.00753883,0.402412,0.0618425,0.0120029
0.00183563,0.0338699,0.0360279,0.0131486,0.656664,0.0365935,0.0016106,0.190991,0.0262328,0.00302596
0.0109888,0.0832158,0.0584358,0.0218604,0.691786,0.04244,0.00245603,0.0655582,0.0114424,0.0118162
0.0822667,0.202566,0.0516989,0.15678,0.202229,0.14614,0.0155497,0.0476689,0.0404988,0.0546029
0.0331828,0.0612299,0.0479582,0.109316,0.58618,0.0279311,0.0124581,0.0416246,0.0536317,0.0264878
0.0536393,0.0575357,0.18603,0.120168,0.270642,0.0426655,0.0106714,0.0335461,0.201185,0.0239178
0.0821484,0.0557834,0.200509,0.0812294,0.305159,0.0397644,0.0111415,0.0367705,0.167368,0.020126
0.0512681,0.0642834,0.141028,0.0625859,0.396083,0.0172052,0.0243985,0.0502345,0.169741,0.0231725
0.0498905,0.0621218,0.235237,0.072513,0.212193,0.0354318,0.01255,0.0708105,0.209637,0.0396154
0.0578015,0.0756963,0.131988,0.128535,0.228772,0.0392128,0.0518628,0.0745852,0.165562,0.0459844
0.081271,0.0682114,0.141832,0.086056,0.24056,0.080017,0.0478723,0.0768574,0.112622,0.0647009
0.0613703,0.0692901,0.0980519,0.11763,0.194271,0.0571907,0.0907978,0.0874482,0.151701,0.0722494
0.0404524,0.0601247,0.0658556,0.107578,0.255484,0.0503934,0.0761043,0.0751927,0.233643,0.0351717
0.0122225,0.0405343,0.0205288,0.021903,0.748677,0.0101268,0.0195412,0.0435424,0.0757509,0.00717295
0.0443066,0.063368,0.0441144,0.146704,0.317194,0.0384303,0.083184,0.0887911,0.108138,0.0657688
0.00910132,0.0244971,0.042148,0.130088,0.58444,0.00770581,0.0625449,0.0442616,0.0901071,0.00510609
0.0462513,0.0664572,0.0515634,0.187182,0.156907,0.0506905,0.0626771,0.109931,0.231919,0.0364213
0.0407803,0.0364179,0.104444,0.137882,0.237233,0.0549489,0.0593524,0.111284,0.168435,0.0492224
0.0392353,0.0443561,0.0535964,0.231884,0.196449,0.0873926,0.0478178,0.158687,0.0664371,0.0741451
0.0382493,0.0680783,0.103256,0.0795996,0.228576,0.113051,0.0215757,0.211964,0.0966651,0.0389846
0.0441653,0.0599817,0.139563,0.0578246,0.306337,0.0520739,0.0131975,0.170839,0.112533,0.0434852
0.0132314,0.097039,0.0443479,0.101752,0.601353,0.0438546,0.00754514,0.0427642,0.0252373,0.0228747
0.000725892,0.0111383,0.0127849,0.015739,0.941415,0.0014993,0.000588045,0.00689688,0.00805959,0.00115278
0.00168103,0.0156107,0.0204683,0.0558385,0.855824,0.00369035,0.00204948,0.0235808,0.0136881,0.00756824
0.0213258,0.0779064,0.0986164,0.0721146,0.370298,0.0280806,0.00934306,0.177484,0.0965027,0.048328
0.0638052,0.101656,0.168909,0.109139,0.0975103,0.159377,0.0143656,0.138227,0.0465926,0.100418
0.106051,0.134297,0.0847971,0.189306,0.098192,0.0993969,0.0306939,0.076559,0.0764481,0.104259
0.0716909,0.0538071,0.101318,0.093993,0.252176,0.0759647,0.0431087,0.079836,0.130793,0.0973117
0.026104,0.0653666,0.0949812,0.0761387,0.475162,0.0526675,0.0207108,0.0724238,0.0698921,0.0465529
0.0231516,0.056743,0.100734,0.119982,0.262465,0.0347824,0.0419458,0.0953856,0.211912,0.0528981
0.0199271,0.0449537,0.0809605,0.153627,0.249299,0.0327649,0.0711312,0.0887931,0.203847,0.0546971
0.0505562,0.0611663,0.129421,0.190711,0.104139,0.0621236,0.0477979,0.0814886,0.181007,0.0915885
0.0477171,0.0422499,0.163833,0.102003,0.170932,0.063824,0.0572111,0.108764,0.138265,0.1052
0.0331236,0.0384344,0.104972,0.224769,0.150442,0.0486366,0.0806539,0.0982625,0.15659,0.0641157
0.0474535,0.0593082,0.118157,0.159198,0.230762,0.0506665,0.0579722,0.0904229,0.151845,0.0342148
0.0671875,0.0678733,0.150532,0.100579,0.249468,0.0780483,0.0476042,0.0717331,0.128493,0.0384813
0.0731849,0.0977235,0.100677,0.135121,0.111282,0.15904,0.0442308,0.0751065,0.150656,0.0529785
0.0644626,0.102848,0.131745,0.107843,0.205511,0.0683133,0.0378153,0.119187,0.142649,0.0196257
0.0582626,0.080394,0.100587,0.0172029,0.199004,0.0895834,0.0100098,0.177064,0.259713,0.00817984
0.0548591,0.121821,0.0722878,0.214147,0.113618,0.101557,0.0426526,0.0886787,0.149698,0.0406805
0.0444008,0.0695221,0.064918,0.0789893,0.358001,0.0493588,0.0285848,0.0901666,0.198994,0.0170644
0.0289915,0.0305094,0.0281181,0.0157738,0.812582,0.01348,0.00973161,0.0116625,0.0466522,0.00249854
0.036418,0.0914805,0.0330564,0.141415,0.348555,0.055855,0.0583036,0.075116,0.107019,0.0527827
0.0213232,0.0847662,0.0946287,0.0809314,0.32359,0.0429589,0.0484363,0.0972834,0.15245,0.0536317
0.0289509,0.0792667,0.0983186,0.0905969,0.145218,0.087765,0.0336927,0.106985,0.277627,0.0515798
0.0399359,0.0553958,0.106837,0.0565341,0.166097,0.047952,0.0223317,0.102587,0.364344,0.037986
0.0306886,0.0458398,0.103147,0.0346765,0.168795,0.0310691,0.0131397,0.0893768,0.455601,0.0276668
0.0334714,0.111493,0.0989902,0.0589958,0.139034,0.0392978,0.0150812,0.102002,0.371893,0.0297416
0.085754,0.0753271,0.116556,0.0481198,0.208688,0.0474203,0.0438275,0.0941707,0.229363,0.0507738
0.052758,0.115128,0.0823564,0.155448,0.117113,0.0940266,0.0461602,0.0995987,0.173904,0.0635074
0.0270924,0.0983356,0.0705585,0.0989687,0.380922,0.0632063,0.0294735,0.0877367,0.0693762,0.0743297
0.033334,0.130969,0.0555392,0.11029,0.368931,0.0690826,0.0293715,0.0741165,0.0575489,0.0708176
0.0176811,0.127328,0.0249797,0.12511,0.480869,0.0672654,0.0123073,0.0649088,0.0243375,0.0552127
0.0339573,0.0914561,0.0719767,0.111301,0.38368,0.119357,0.012177,0.0529884,0.0474891,0.0756166
0.0335558,0.124345,0.0457002,0.112128,0.160719,0.344505,0.00553704,0.0674003,0.0358045,0.0703039
0.0149133,0.105024,0.0173047,0.103631,0.442015,0.231294,0.00384785,0.0452871,0.0119606,0.0247225
0.00255739,0.041158,0.0067359,0.034889,0.841759,0.0326047,0.00140192,0.0251777,0.00475841,0.00895788
0.00170894,0.0251031,0.00457083,0.0183846,0.91294,0.0109576,0.00114242,0.0164183,0.0040397,0.00473475
0.00227676,0.0843078,0.0057261,0.0707148,0.715827,0.0635235,0.000577258,0.0354945,0.00678153,0.014771
0.00469086,0.072679,0.0207114,0.0380294,0.632394,0.0962752,0.00289835,0.104471,0.0116803,0.0161705
0.0371064,0.135597,0.0464153,0.0469556,0.151803,0.283655,0.00483516,0.178745,0.0414507,0.0734371
0.0611486,0.053273,0.0455723,0.0432689,0.104596,0.317104,0.00324309,0.252887,0.0958508,0.0230569
0.0826035,0.111325,0.032782,0.0166824,0.123688,0.22335,0.00257319,0.219458,0.169904,0.0176339
0.0682857,0.0552108,0.0965008,0.046876,0.131167,0.190126,0.0069855,0.204763,0.169197,0.0308876
0.0834608,0.0544585,0.0283488,0.0219938,0.160248,0.0965153,0.00311354,0.161022,0.383718,0.00712132
0.124062,0.0975991,0.0383872,0.0338899,0.149963,0.148691,0.00767374,0.109958,0.270889,0.0188874
0.0529852,0.0842895,0.145711,0.219208,0.127124,0.0881757,0.027897,0.0601293,0.0904253,0.104055
0.0716027,0.0761789,0.0776181,0.0780606,0.153032,0.208142,0.0165594,0.12605,0.138517,0.0542394
0.0584485,0.102402,0.0495661,0.0540586,0.143302,0.171748,0.0129778,0.172965,0.19308,0.0414519
0.0273755,0.11598,0.0586319,0.102196,0.325544,0.105436,0.0196647,0.112846,0.0689279,0.0633983
0.0639621,0.137626,0.0583959,0.0728659,0.192724,0.185604,0.0156504,0.135625,0.0928894,0.0446567
0.0312952,0.099904,0.0689852,0.0582248,0.409259,0.0699692,0.0324571,0.116793,0.0507718,0.0623398
0.0183142,0.0513795,0.0965125,0.0413235,0.449772,0.0294657,0.0331851,0.118459,0.11482,0.0467679
0.00987324,0.0434987,0.0465693,0.0768153,0.544296,0.0197422,0.0374157,0.117776,0.0491684,0.0548453
0.0145074,0.0203743,0.0882743,0.0450506,0.557099,0.00980769,0.0546821,0.0869947,0.0927057,0.030504
0.0122006,0.0570735,0.122763,0.0921399,0.326119,0.0241273,0.0261469,0.149765,0.102073,0.0875911
0.0076368,0.0302262,0.0850358,0.133867,0.340843,0.0287063,0.04093,0.142895,0.119137,0.0707224
0.0229093,0.156108,0.039404,0.167211,0.097702,0.110069,0.018613,0.196138,0.124226,0.0676202
0.0401116,0.143239,0.0349377,0.0482455,0.127221,0.158374,0.0289982,0.248106,0.12484,0.0459258
0.0315767,0.0972455,0.046099,0.0850492,0.21341,0.108098,0.0325046,0.232005,0.11893,0.0350829
0.0531843,0.0825787,0.0863704,0.104964,0.321271,0.108493,0.0385217,0.0745864,0.0996501,0.0303807
0.0453275,0.0875373,0.157419,0.0647148,0.271367,0.0773383,0.0141238,0.0814964,0.175357,0.0253197
0.0330756,0.080115,0.13771,0.140664,0.167241,0.126386,0.0142474,0.0691392,0.201385,0.0300373
0.0593331,0.079209,0.160212,0.107245,0.173452,0.0804813,0.0412533,0.0712375,0.167706,0.0598708
0.0520698,0.0785124,0.135961,0.0987853,0.197133,0.032509,0.0577007,0.102651,0.186693,0.0579845
0.0653319,0.0704145,0.0639165,0.0882268,0.329355,0.112438,0.0401014,0.082177,0.0578319,0.0902068
0.0603587,0.0738521,0.113275,0.107181,0.143628,0.0840794,0.0418124,0.0943634,0.1468,0.13465
0.0305363,0.0620778,0.114346,0.0813416,0.313227,0.0421466,0.0356992,0.118757,0.125235,0.0766336
0.0153486,0.0282223,0.0768031,0.056638,0.453835,0.0156204,0.0268509,0.178532,0.10057,0.0475802
0.03835,0.117165,0.0679626,0.0617895,0.249606,0.165761,0.016772,0.150419,0.0470842,0.0850904
0.018454,0.0811869,0.0819949,0.0985451,0.237605,0.119022,0.0146638,0.179766,0.0915314,0.0772312
0.0103031,0.186652,0.0369552,0.140325,0.260407,0.0973613,0.0128898,0.159803,0.0411044,0.0541994
0.0077807,0.0920218,0.0193334,0.0935551,0.542182,0.0877798,0.0151233,0.109467,0.0135855,0.0191715
0.00404926,0.0679332,0.00836349,0.0891156,0.485241,0.17741,0.00584708,0.144383,0.00570919,0.0119486
0.00113,0.0152629,0.0105265,0.0171786,0.917876,0.00607044,0.00141336,0.0214415,0.00745055,0.00165004
0.0234989,0.047722,0.100718,0.0492902,0.383668,0.0747035,0.01048,0.194242,0.0972153,0.0184623
0.0125064,0.0365723,0.102423,0.078813,0.45638,0.0292611,0.0197573,0.148941,0.0904866,0.0248605
0.00338014,0.0348264,0.0142512,0.0383872,0.861949,0.00991069,0.00201714,0.0212683,0.0103499,0.00366018
0.00143325,0.0219899,0.0128096,0.0415054,0.841122,0.0123501,0.00147435,0.052294,0.0112407,0.00378063
0.0229324,0.183044,0.0348947,0.108574,0.313613,0.0426062,0.0172093,0.159438,0.0691796,0.0485085
0.00483269,0.0854529,0.0215026,0.0531726,0.611647,0.0232723,0.00544145,0.153133,0.0331655,0.00837978
0.00243289,0.0564127,0.0185523,0.0399614,0.678743,0.0216559,0.00353179,0.150489,0.0232669,0.00495384
0.00139185,0.0593016,0.0082355,0.087221,0.431145,0.043325,0.00359938,0.342691,0.0175144,0.00557496
0.0016313,0.0608411,0.0142324,0.0723952,0.501181,0.0220947,0.00334607,0.282213,0.0371381,0.00492718
0.00574912,0.0832317,0.0322162,0.131238,0.396106,0.0404757,0.0133217,0.217025,0.0684505,0.012185
0.015554,0.104093,0.0499043,0.214198,0.209664,0.0552403,0.0231715,0.128949,0.171244,0.027981
0.0221116,0.162464,0.0609492,0.291737,0.0733614,0.0993279,0.0236199,0.140464,0.0639196,0.0620448
0.038205,0.100067,0.110005,0.209904,0.13335,0.0431576,0.028291,0.178165,0.125082,0.0337736
0.0427201,0.0781365,0.186069,0.145443,0.130558,0.0543121,0.029705,0.0644908,0.212598,0.0559669
0.0283973,0.107088,0.0219301,0.266092,0.113698,0.0821347,0.0154589,0.271833,0.0473182,0.0460506
0.0276845,0.0893261,0.028154,0.0588505,0.155225,0.154491,0.0112158,0.359358,0.0252504,0.090444
0.108341,0.153798,0.0588065,0.0600383,0.100922,0.150628,0.0182147,0.249487,0.0439866,0.0557763
0.0619626,0.0520532,0.135027,0.151969,0.0621677,0.169555,0.0076988,0.263473,0.0171817,0.0789115
0.0400668,0.0430944,0.0761558,0.30535,0.0483431,0.0902572,0.00873756,0.334777,0.0119359,0.0412816
0.033936,0.0413379,0.11738,0.210003,0.124687,0.139764,0.00828022,0.190489,0.036072,0.0980513
0.0460082,0.100057,0.121136,0.147761,0.0968897,0.0839858,0.0319336,0.12079,0.192269,0.0591704
0.0762116,0.0592309,0.0881649,0.0564316,0.224768,0.176708,0.0136215,0.131468,0.126808,0.0465872
0.0848866,0.0891594,0.0684355,0.0132568,0.248619,0.10499,0.0173924,0.10687,0.201022,0.0653692
0.0897127,0.161191,0.0392125,0.0134237,0.191499,0.194392,0.00580128,0.174889,0.0962425,0.0336354
0.0731722,0.101361,0.0572162,0.0333987,0.186949,0.049287,0.0109985,0.120841,0.329834,0.0369423
0.0811946,0.141594,0.0354954,0.0721398,0.175429,0.130369,0.00565885,0.202395,0.0699548,0.0857701
0.0513734,0.0843337,0.0711992,0.0782619,0.202336,0.0614306,0.0106641,0.189045,0.187197,0.0641594
0.050661,0.0779336,0.0568493,0.090143,0.304756,0.0522908,0.0130761,0.149361,0.149109,0.0558201
0.029775,0.0400974,0.0789486,0.0931787,0.550415,0.0185608,0.02895,0.0582802,0.0796084,0.0221854
0.0399516,0.0487646,0.0705421,0.10364,0.386857,0.0465685,0.0494222,0.149784,0.077817,0.0266529
0.012136,0.047726,0.0380647,0.103325,0.453382,0.0459815,0.0264411,0.196841,0.0586114,0.0174918
0.0175293,0.103315,0.0395896,0.203966,0.272728,0.0902787,0.0314899,0.134374,0.0715522,0.0351763
0.0197522,0.0798396,0.0672736,0.190373,0.318678,0.0571885,0.0379694,0.10194,0.107442,0.0195432
0.0169093,0.0815266,0.0344491,0.14457,0.259631,0.12646,0.0334662,0.207621,0.0595501,0.0358168
0.0384124,0.147478,0.0379853,0.0982112,0.134523,0.100917,0.0198601,0.214741,0.174477,0.033395
0.0752222,0.133189,0.0717932,0.113917,0.111419,0.086319,0.0362391,0.113689,0.199203,0.0590095
0.0644987,0.104927,0.156878,0.0814283,0.168592,0.0660479,0.0254052,0.0617802,0.248893,0.0215496
0.0219147,0.0586515,0.216745,0.126498,0.122111,0.0179051,0.00740366,0.0676295,0.351691,0.00945101
0.017128,0.0767165,0.122645,0.150159,0.11228,0.0367228,0.0157239,0.132767,0.3037,0.0321584
0.0236851,0.0835808,0.185457,0.185917,0.120282,0.0198514,0.0174331,0.126679,0.209272,0.0278424
0.0201021,0.0597118,0.144004,0.120727,0.172054,0.0274033,0.0123137,0.164122,0.258358,0.0212038
0.0501493,0.0867071,0.103237,0.237928,0.0864524,0.0655102,0.0256954,0.119988,0.126929,0.0974045
0.0010859,0.00920121,0.00790385,0.00225163,0.944761,0.000798178,0.000237316,0.0123815,0.0201788,0.00120019
0.00279091,0.0342774,0.00915897,0.00578586,0.787261,0.0180929,0.00161281,0.0988368,0.0362005,0.00598245
0.0040374,0.0393376,0.0180524,0.00872712,0.781641,0.0261053,0.00166883,0.0899908,0.0253657,0.00507392
0.00677385,0.041921,0.035185,0.0113237,0.731659,0.0202374,0.00417314,0.0798623,0.0615383,0.00732605
0.00899374,0.0565339,0.0293208,0.0626124,0.568432,0.0277818,0.00982387,0.105921,0.118849,0.0117314
0.0358455,0.0815065,0.0777527,0.148753,0.093563,0.161224,0.0180042,0.0894347,0.248824,0.0450927
0.0160802,0.0400342,0.0637082,0.187463,0.249625,0.0327892,0.0392797,0.0510546,0.284926,0.03504
0.0100824,0.0235228,0.0761599,0.155098,0.313961,0.0259548,0.0171999,0.0483167,0.308438,0.0212663
0.0166515,0.0284575,0.0993819,0.160783,0.306581,0.0302894,0.0331376,0.0466551,0.246437,0.0316264
0.0209512,0.0407735,0.124919,0.113506,0.28211,0.0356929,0.0495872,0.0652531,0.224172,0.0430351
0.0275267,0.0594658,0.111252,0.107296,0.236822,0.0676173,0.0418008,0.0995713,0.17624,0.0724079
0.117372,0.126278,0.0942614,0.0291888,0.10818,0.182229,0.0364591,0.186649,0.0738963,0.0454868
0.105603,0.125517,0.110386,0.0290159,0.100998,0.258318,0.0272101,0.115742,0.0686718,0.0585386
0.0288254,0.0849077,0.0501335,0.102923,0.39057,0.0654047,0.00783389,0.127405,0.0297489,0.112248
0.00428743,0.0274721,0.0243679,0.0597399,0.727777,0.0136704,0.00582623,0.101327,0.0298865,0.00564523
0.0281372,0.0631775,0.0875126,0.059903,0.561503,0.010119,0.0180087,0.024996,0.130367,0.0162756
0.0501155,0.0724843,0.0880899,0.0871473,0.47452,0.0526944,0.0275463,0.0399353,0.0716483,0.035819
0.0652105,0.0712685,0.128893,0.107515,0.332063,0.0272542,0.0394818,0.0467575,0.140108,0.0414485
0.100419,0.0586157,0.173813,0.0986871,0.144547,0.0767934,0.0752597,0.0849831,0.117701,0.0691814
0.0842498,0.0410339,0.103467,0.0971289,0.320314,0.0575046,0.0602707,0.0865753,0.0954288,0.0540268
0.0696881,0.0286145,0.0843053,0.0969613,0.340058,0.100032,0.0380755,0.116217,0.0748504,0.0511981
0.0789743,0.0310255,0.0692869,0.0989708,0.376197,0.0831305,0.0467042,0.0926479,0.0752158,0.047847
0.02469,0.056791,0.0360443,0.273075,0.323828,0.060997,0.0176342,0.100139,0.0405428,0.0662585
0.0445944,0.0613232,0.0445737,0.210789,0.212063,0.107455,0.0178093,0.133544,0.124142,0.043706
0.0296513,0.0655436,0.0588564,0.323467,0.145336,0.0962563,0.0265258,0.0679852,0.102282,0.0840965
0.0332954,0.0973621,0.136036,0.226671,0.154275,0.11039,0.0241203,0.0472647,0.12458,0.0460058
0.0185632,0.0320956,0.0875202,0.0848778,0.52455,0.0272083,0.0260946,0.0616221,0.0832448,0.0542236
0.00190423,0.0292397,0.0133197,0.0116009,0.872537,0.00653218,0.00361181,0.0345759,0.0205483,0.00613005
0.00309169,0.0492179,0.0538565,0.030245,0.652557,0.0110733,0.0048846,0.119403,0.0430372,0.0326335
0.0149636,0.0660659,0.121528,0.0715829,0.317336,0.0454284,0.0134999,0.197837,0.0555285,0.09623
0.0254026,0.0359468,0.135773,0.0882114,0.374391,0.00837199,0.0306475,0.0640224,0.18411,0.0531233
0.0701431,0.0730166,0.153238,0.205635,0.110019,0.067747,0.0401476,0.110224,0.101746,0.0680842
0.0380429,0.0434401,0.120815,0.12676,0.230226,0.0321824,0.0411424,0.130991,0.154016,0.0823844
0.0505413,0.0665001,0.102101,0.175254,0.188608,0.0674745,0.0657738,0.0894355,0.156434,0.0378777
0.06878,0.0510963,0.245119,0.0877794,0.143664,0.0617977,0.0293958,0.122617,0.12736,0.06239
0.0467063,0.0321203,0.340657,0.086328,0.19219,0.0483447,0.0236775,0.0533416,0.141973,0.0346611
0.0442564,0.0512138,0.187425,0.0981231,0.17979,0.083652,0.0300264,0.109056,0.117167,0.0992908
0.0325147,0.0673881,0.0980252,0.300984,0.142265,0.0447819,0.0293836,0.069518,0.144442,0.0706978
0.0627137,0.158212,0.0564689,0.262955,0.144002,0.10369,0.0374044,0.0471004,0.0936105,0.0338422
0.0677588,0.148642,0.0510336,0.254788,0.10563,0.130924,0.0187024,0.0419535,0.160629,0.0199393
0.0699977,0.101682,0.0813787,0.0768404,0.133914,0.161346,0.0121365,0.0813054,0.270908,0.0104921
0.0376256,0.129004,0.0427911,0.309564,0.0860229,0.172227,0.0119508,0.0360073,0.162003,0.0128039
0.0530033,0.10489,0.0913182,0.264809,0.0946988,0.0725351,0.0350741,0.0589676,0.154574,0.0701297
0.043283,0.0614274,0.137636,0.209179,0.126407,0.0583459,0.0224172,0.0637576,0.231572,0.0459748
0.0287265,0.0740471,0.107768,0.219753,0.209097,0.0622303,0.0145639,0.0644684,0.155596,0.0637494
0.0871757,0.116268,0.0861677,0.189581,0.144432,0.103094,0.049167,0.0501113,0.0914203,0.0825831
0.0565445,0.065938,0.110986,0.124949,0.228003,0.0499047,0.0819243,0.0711021,0.14728,0.0633684
0.0200531,0.0505083,0.0181763,0.059647,0.679829,0.0120602,0.0220317,0.0647468,0.049706,0.0232422
0.082671,0.138855,0.0456607,0.139617,0.197926,0.0724677,0.028654,0.111239,0.0776925,0.105218
0.0616982,0.08437,0.0908886,0.142539,0.190303,0.044784,0.0556375,0.10507,0.161107,0.0636025
0.0507713,0.0778972,0.0745634,0.0959827,0.327733,0.0365368,0.0428456,0.114308,0.129249,0.050114
0.0292744,0.064948,0.0465499,0.132744,0.346749,0.0372613,0.0314675,0.129053,0.0673213,0.114631
0.0528173,0.0661546,0.0859145,0.0954199,0.203717,0.0593602,0.0624699,0.154899,0.138119,0.0811284
0.0571535,0.0829416,0.0677585,0.1403,0.180511,0.0979739,0.0384081,0.127363,0.0810864,0.126504
0.0288522,0.0809933,0.0641835,0.0686269,0.440479,0.0720528,0.0188258,0.111969,0.0583603,0.0556572
0.024609,0.0249929,0.202239,0.0594204,0.220812,0.0773742,0.0453558,0.128534,0.156795,0.0598678
0.062654,0.0522615,0.160483,0.0910197,0.126567,0.0758623,0.0570734,0.0965828,0.184671,0.0928245
0.0278194,0.0336614,0.0835364,0.151307,0.169843,0.0565955,0.0522628,0.0743481,0.300212,0.0504148
0.00565108,0.0090487,0.0435529,0.018091,0.383788,0.0102006,0.0122815,0.0366346,0.474233,0.00651839
0.030306,0.0180113,0.0974054,0.0411067,0.363354,0.0247217,0.0526518,0.0474155,0.291649,0.033379
0.0122721,0.0513884,0.0415154,0.0731472,0.61427,0.0217253,0.0363698,0.0716107,0.0470876,0.0306135
0.0020238,0.0231672,0.0151399,0.0285304,0.84178,0.00846907,0.0107327,0.0510846,0.0132207,0.00585117
0.0108367,0.0553987,0.0386099,0.0826094,0.615213,0.0156133,0.0300619,0.0672704,0.0631779,0.0212084
0.0126369,0.0545116,0.0207323,0.100121,0.706646,0.00581609,0.0208136,0.0246619,0.0388232,0.0152371
0.00500447,0.0152431,0.035161,0.029271,0.755165,0.00489472,0.0190875,0.0834656,0.0426969,0.0100106
0.0115829,0.0567873,0.0291788,0.0803807,0.712737,0.0114695,0.0232556,0.0316791,0.0304047,0.012524
0.0293296,0.0630559,0.0937592,0.146471,0.378354,0.0287773,0.0577702,0.0822379,0.0940403,0.0262039
0.0405428,0.106533,0.105169,0.0935387,0.282783,0.06833,0.0164711,0.0945353,0.173298,0.0188002
0.00817417,0.0397502,0.0355593,0.017352,0.81535,0.0145946,0.00516217,0.0331669,0.0289865,0.00190379
0.00149577,0.0306527,0.00966075,0.00680792,0.923219,0.00681228,0.000891087,0.0133707,0.00648793,0.000602068
0.00214312,0.0366323,0.055448,0.0151794,0.798283,0.0185724,0.00181347,0.0352139,0.0336934,0.00302101
0.00289283,0.025543,0.0177459,0.0342783,0.868421,0.00806767,0.00164625,0.016921,0.0201299,0.00435469
0.000733278,0.00989616,0.00284537,0.0266539,0.941499,0.00319176,0.000823038,0.00962478,0.00326624,0.00146607
0.0543099,0.099147,0.0480102,0.109112,0.387324,0.0930422,0.0545367,0.0690791,0.0402388,0.0452
0.0339273,0.0732026,0.0865279,0.298086,0.149236,0.0374661,0.0687977,0.0686242,0.133764,0.0503684
0.0347962,0.0663214,0.0698474,0.166994,0.149107,0.0688075,0.0515772,0.0439776,0.30409,0.0444817
0.0422712,0.0727447,0.0771669,0.148254,0.139503,0.0858758,0.0464518,0.0915868,0.219628,0.0765183
0.0610984,0.0621784,0.0860878,0.227029,0.0893028,0.0416837,0.0870053,0.0546947,0.150366,0.140554
0.0235039,0.0587424,0.0728142,0.141058,0.387366,0.0271905,0.0458534,0.0869428,0.126904,0.0296251
0.00515058,0.0515385,0.0193258,0.0693275,0.764903,0.0090219,0.0103962,0.0364398,0.0248137,0.00908342
0.00145723,0.0207959,0.00822928,0.040151,0.903375,0.00211531,0.00183809,0.00899265,0.0099816,0.00306405
0.00192943,0.027164,0.00873676,0.0219073,0.900894,0.00237921,0.00197661,0.0156314,0.0174218,0.0019592
0.000715439,0.00886069,0.00322751,0.0061465,0.966845,0.000698299,0.000950671,0.00317615,0.00900093,0.000378625
0.000348854,0.00260991,0.00105356,0.00219703,0.990182,0.000165987,0.000382012,0.000562666,0.00244035,5.80162e-05
0.0126927,0.0552357,0.0163788,0.0385874,0.83143,0.00163659,0.00520105,0.00630456,0.0286194,0.00391381
0.0257405,0.0687951,0.0202052,0.0676139,0.736976,0.00411209,0.0110963,0.00934367,0.050859,0.00525871
0.0423232,0.0602348,0.0666021,0.0400309,0.640076,0.0139306,0.00684876,0.0294895,0.0936341,0.00683022
0.0148698,0.028387,0.0343548,0.0186899,0.818819,0.00166006,0.00530457,0.00857709,0.0671218,0.00221573
0.0592138,0.0785082,0.152419,0.0858109,0.340308,0.0248947,0.0256349,0.0647349,0.153556,0.0149198
0.0444354,0.069772,0.165489,0.0407329,0.286714,0.0617173,0.0136497,0.0900397,0.219976,0.00747319
0.0672253,0.0612165,0.157516,0.0800424,0.29651,0.0659396,0.0298128,0.0732099,0.152338,0.0161889
0.0688201,0.0851599,0.131357,0.065536,0.263633,0.0789137,0.043605,0.105601,0.10076,0.0566141
0.0909331,0.123192,0.0817223,0.0476401,0.110065,0.115483,0.039893,0.208659,0.1421,0.0403123
0.0461863,0.0911911,0.0842851,0.0710295,0.147285,0.103798,0.0459554,0.199951,0.155353,0.0549657
0.00576945,0.0284804,0.034496,0.0388699,0.584097,0.0215904,0.0107407,0.211354,0.0520105,0.0125913
0.0152069,0.0665072,0.0259034,0.0835291,0.518229,0.0301019,0.0195128,0.155425,0.0661531,0.0194318
0.0177733,0.059721,0.0390548,0.0726819,0.573016,0.0261606,0.0248956,0.1219,0.0452401,0.0195566
0.076059,0.0966438,0.0705041,0.134728,0.40553,0.0173029,0.0468199,0.0203646,0.0962792,0.0357682
0.0269849,0.0489509,0.0209544,0.115491,0.668754,0.00449905,0.0257676,0.0111253,0.0591505,0.0183223
0.0229697,0.0292687,0.151854,0.0988878,0.250195,0.022123,0.0389724,0.100836,0.227935,0.0569582
0.018525,0.0227416,0.182299,0.109797,0.386849,0.0114038,0.0121031,0.0364588,0.172081,0.0477423
0.015152,0.020846,0.0930873,0.0542565,0.606663,0.0180773,0.017154,0.0469336,0.0911928,0.0366372
0.0687236,0.0401144,0.191979,0.112022,0.141485,0.0830743,0.0286997,0.0842615,0.188309,0.0613324
0.0646136,0.0361874,0.138815,0.172137,0.17223,0.0454391,0.050491,0.0660459,0.231402,0.0226392
0.112648,0.0701206,0.089872,0.113539,0.170841,0.0822118,0.0607493,0.096612,0.167415,0.0359921
0.0921991,0.0967943,0.0795582,0.0995103,0.125298,0.0727694,0.0678909,0.120939,0.201364,0.0436771
0.0764891,0.0819204,0.147635,0.0579809,0.142126,0.100469,0.0459463,0.150253,0.15292,0.0442594
0.0985625,0.0775128,0.102107,0.11666,0.17162,0.0874729,0.0375115,0.129842,0.111045,0.0676651
0.0935472,0.0603362,0.136629,0.100952,0.269897,0.0701398,0.0348859,0.0821992,0.111472,0.0399424
0.0523494,0.0675351,0.144385,0.106247,0.173262,0.0862769,0.0440311,0.0964458,0.125466,0.104001
0.0772819,0.0754417,0.125482,0.110679,0.123753,0.0922152,0.055087,0.123832,0.110584,0.105644
0.0712934,0.0704011,0.139513,0.0880407,0.147927,0.0808753,0.078952,0.0909481,0.159542,0.0725075
0.058804,0.0594692,0.165044,0.100102,0.157557,0.0486673,0.053228,0.109862,0.160057,0.08721
0.054814,0.058787,0.17881,0.0770662,0.143062,0.0868551,0.0270694,0.120706,0.16598,0.0868504
0.0400438,0.0615848,0.13478,0.104636,0.214494,0.0933367,0.0291692,0.0890364,0.186705,0.0462124
0.0381704,0.0660438,0.105902,0.128904,0.10848,0.135352,0.0348668,0.112791,0.170283,0.099207
0.0631402,0.0598292,0.156473,0.120182,0.10591,0.17068,0.0336595,0.0706263,0.116132,0.103368
0.0185154,0.0424843,0.203978,0.101346,0.0918148,0.119789,0.0104706,0.072638,0.284855,0.0541075
0.0352361,0.0985856,0.0697034,0.0969076,0.102807,0.206158,0.00938921,0.195065,0.146093,0.0400546
0.00726219,0.0381854,0.0355664,0.0430292,0.278933,0.0489979,0.00599228,0.378713,0.150271,0.0130501
0.00995685,0.0406683,0.0344101,0.0427436,0.388353,0.0788919,0.00868027,0.299315,0.0839162,0.0130649
0.0146876,0.0560737,0.0359078,0.0756959,0.325995,0.0883929,0.0164598,0.285576,0.0796609,0.0215508
0.0122654,0.0777265,0.0143638,0.108075,0.337929,0.142531,0.00515093,0.258957,0.0232996,0.019702
0.0148853,0.0326762,0.0164507,0.105842,0.298883,0.14999,0.0039689,0.300955,0.0234609,0.0528877
0.0388162,0.0992025,0.0798272,0.0979077,0.142266,0.118395,0.0183678,0.275252,0.096859,0.0331069
0.0646901,0.074915,0.0835952,0.157139,0.188257,0.077556,0.0468028,0.1567,0.0961234,0.0542219
0.0739822,0.0903625,0.111355,0.103351,0.126936,0.069791,0.0431577,0.127257,0.220321,0.0334866
0.0474885,0.0837772,0.132435,0.0890546,0.17847,0.0436919,0.0517312,0.110226,0.212461,0.0506649
0.0445868,0.0632839,0.138714,0.104816,0.2467,0.0685583,0.0521205,0.0871483,0.161522,0.0325506
0.0668479,0.0787129,0.141393,0.117404,0.11798,0.0826005,0.0678419,0.101894,0.145134,0.0801905
0.0492398,0.0769662,0.105601,0.169387,0.174516,0.0465222,0.0419597,0.0682483,0.214655,0.0529049
0.0713538,0.0677395,0.126394,0.142618,0.145686,0.039474,0.0281556,0.0441064,0.283868,0.0506055
0.0831679,0.048274,0.0909372,0.240402,0.129684,0.0596038,0.024237,0.0342918,0.259454,0.0299481
0.0610428,0.102123,0.0349387,0.137423,0.454459,0.0418474,0.0283889,0.0367668,0.0846358,0.018374
0.0289273,0.0782231,0.0273522,0.130536,0.612963,0.0132905,0.0212754,0.0267017,0.0557631,0.0049676
0.0532893,0.0721872,0.0924662,0.101116,0.423581,0.0261354,0.0489576,0.0510416,0.118124,0.0131022
0.052088,0.0818999,0.0873456,0.258978,0.0960083,0.060787,0.0418016,0.0933393,0.181907,0.0458455
0.0495044,0.0709092,0.0896255,0.106883,0.188648,0.0697296,0.0395879,0.0878663,0.270876,0.0263698
0.0439516,0.0934081,0.0903988,0.124339,0.0713065,0.163308,0.0251655,0.108528,0.205559,0.0740349
0.0842108,0.0838905,0.122382,0.0427064,0.150646,0.222673,0.0164575,0.134048,0.0403875,0.102598
0.0378899,0.0418831,0.124032,0.0385719,0.383816,0.0756754,0.0420104,0.101306,0.102736,0.0520799
0.00694976,0.0146957,0.00782642,0.0174589,0.896217,0.00257042,0.0140089,0.0204995,0.0168546,0.00291875
0.041489,0.0356839,0.086789,0.0638845,0.388327,0.0245916,0.0798269,0.0864673,0.138786,0.0541553
0.0290485,0.0937362,0.0754475,0.0839189,0.440628,0.0633955,0.0262835,0.0831562,0.0596774,0.0447082
0.051541,0.0857762,0.0446837,0.341923,0.163621,0.070491,0.069677,0.0391325,0.083695,0.0494594
0.0850291,0.0845878,0.0911748,0.161687,0.240866,0.0680588,0.0665987,0.0434371,0.0906455,0.0679153
0.0622791,0.136531,0.0635079,0.180558,0.248353,0.0981475,0.0366625,0.0406994,0.0449919,0.0882689
0.0491603,0.124364,0.0540176,0.0932231,0.356369,0.146184,0.0226354,0.0703604,0.0378523,0.0458348
0.0603,0.0817193,0.0865384,0.0887431,0.302226,0.0433965,0.0358193,0.108234,0.14333,0.0496927
0.0216988,0.0623926,0.0555135,0.152501,0.227473,0.103713,0.0325671,0.20217,0.0719744,0.0699969
0.00353225,0.0786771,0.0289236,0.0357817,0.590028,0.0471693,0.00745285,0.171254,0.0229716,0.0142092
0.0169714,0.127446,0.054532,0.0301062,0.291775,0.0955505,0.00812822,0.276715,0.0823157,0.0164603
0.00752535,0.0630963,0.0877477,0.0777769,0.564558,0.0138805,0.0130299,0.0757598,0.0744842,0.0221412
0.0312045,0.186602,0.0510027,0.149496,0.369476,0.0707341,0.0125646,0.038342,0.0295897,0.060989
0.0299441,0.0417374,0.0219625,0.0332581,0.807049,0.00610773,0.0105867,0.00914671,0.0338997,0.0063077
0.0432545,0.0528763,0.090563,0.0568043,0.554148,0.0150233,0.00837315,0.0297884,0.128107,0.021061
0.0408806,0.0480215,0.0527887,0.0897747,0.58612,0.00691135,0.0104635,0.0219896,0.121261,0.0217893
0.0183614,0.0256065,0.052626,0.0355265,0.706295,0.00698804,0.00449794,0.0506268,0.0841152,0.0153567
0.0560241,0.0289929,0.0400443,0.0547859,0.652837,0.0153483,0.00425376,0.0375024,0.0953112,0.0149005
0.0326199,0.068947,0.100896,0.0466022,0.290408,0.0786132,0.0137612,0.18816,0.0519192,0.128072
0.0103854,0.0614088,0.0257773,0.0210566,0.608063,0.0272472,0.0026799,0.146673,0.0824953,0.0142136
0.0322813,0.111141,0.080143,0.173789,0.0657026,0.111154,0.0126597,0.107825,0.155749,0.149557
0.0141971,0.109645,0.101871,0.0424133,0.0822866,0.236654,0.00739132,0.199408,0.124835,0.081298
0.0452283,0.080815,0.107364,0.0274471,0.339484,0.125733,0.0134964,0.136521,0.0865809,0.0373304
0.00378988,0.0380707,0.0063963,0.0299105,0.893109,0.00845773,0.00139281,0.0102884,0.00481116,0.00377394
0.0114954,0.0661614,0.0214659,0.0605409,0.739055,0.0344905,0.00472635,0.0301729,0.015022,0.0168695
0.0233644,0.0994142,0.0356463,0.0879532,0.481556,0.134835,0.00861625,0.0632845,0.0204546,0.044876
0.116508,0.058726,0.151816,0.127907,0.119351,0.146559,0.0266652,0.0618251,0.138475,0.0521661
0.0518343,0.073171,0.13079,0.142293,0.127508,0.115537,0.0337574,0.100474,0.106257,0.118377
0.0930328,0.0621072,0.170021,0.135622,0.0960649,0.143661,0.0364693,0.108341,0.0691842,0.085497
0.0817811,0.0366232,0.180352,0.132443,0.0982113,0.150803,0.0337914,0.0883239,0.112389,0.0852829
0.0465341,0.0248041,0.162815,0.103347,0.190587,0.120961,0.03237,0.10336,0.12436,0.0908622
0.0172401,0.0210826,0.148438,0.0856795,0.337734,0.0458452,0.0180468,0.107048,0.145331,0.0735557
0.0560449,0.0209512,0.152802,0.16322,0.213275,0.122863,0.0136314,0.07148,0.110265,0.0754671
0.0340474,0.02927,0.073137,0.192919,0.355377,0.0535611,0.0161887,0.0791544,0.083304,0.0830414
0.0438242,0.0434184,0.0532276,0.220714,0.387754,0.0265264,0.0230765,0.0462699,0.0844362,0.0707527
0.0272414,0.047652,0.0274298,0.08799,0.722754,0.00611229,0.00640392,0.00959386,0.051186,0.0136369
0.043523,0.0651228,0.040039,0.0791623,0.645212,0.004889,0.0140665,0.00815782,0.0931946,0.00663258
0.026883,0.0421407,0.0352293,0.0528504,0.75564,0.00168688,0.0169743,0.00446193,0.061827,0.00230694
0.0334741,0.0466211,0.0441039,0.0596333,0.683975,0.00205569,0.0198845,0.00884276,0.0968935,0.00451609
0.0327145,0.053216,0.0793853,0.0480916,0.540743,0.00349409,0.0150265,0.0276872,0.196403,0.00323864
0.0533791,0.0754923,0.125627,0.108131,0.349564,0.0125411,0.0318915,0.0773104,0.159927,0.00613651
0.038854,0.0540568,0.157513,0.103143,0.335518,0.0140096,0.0277864,0.0584717,0.199548,0.0110987
0.0619749,0.0851849,0.115406,0.136188,0.218032,0.0463575,0.0448107,0.145644,0.125379,0.0210222
0.0262114,0.0396055,0.0643911,0.0756252,0.610823,0.00333907,0.0224691,0.0398172,0.115756,0.00196225
0.053643,0.0711853,0.136986,0.156195,0.185261,0.0279373,0.0489297,0.0863368,0.196713,0.0368135
0.0539176,0.0591884,0.103757,0.143693,0.194555,0.0444284,0.0938079,0.0941154,0.141015,0.0715231
0.0571434,0.0756153,0.11054,0.157569,0.210926,0.0717486,0.0452997,0.089433,0.09296,0.0887651
0.0157784,0.0228104,0.122169,0.0603085,0.540302,0.0283426,0.00867361,0.0795814,0.0923942,0.0296392
0.0210413,0.0831126,0.0582773,0.170976,0.408113,0.0330727,0.015068,0.0891702,0.0718396,0.0493303
0.00790368,0.0833367,0.0173944,0.12869,0.634805,0.0248989,0.0082526,0.0503256,0.0293005,0.015092
0.00277916,0.0496539,0.00371261,0.0530715,0.829065,0.0180697,0.00142313,0.0348744,0.00406245,0.00328822
0.00114289,0.0309944,0.00315006,0.0304684,0.881071,0.0253837,0.000659818,0.0230683,0.00188588,0.00217524
0.0491948,0.140309,0.0644562,0.041435,0.472162,0.08894,0.0040733,0.0751408,0.0553077,0.00898125
0.0138731,0.069103,0.196372,0.179623,0.106785,0.110252,0.00867177,0.0923605,0.175308,0.0476522
0.0103786,0.0508127,0.21133,0.185408,0.14221,0.0282227,0.0160009,0.078007,0.217804,0.0598258
0.00884346,0.0326756,0.0692975,0.52434,0.0197351,0.0438687,0.00556322,0.0187972,0.222266,0.054613
0.0213289,0.0298562,0.300463,0.217786,0.0499598,0.068263,0.0115412,0.0337916,0.204762,0.0622476
0.0620055,0.0351518,0.143493,0.151869,0.265988,0.0518135,0.0144887,0.0607438,0.181806,0.0326407
0.0614085,0.0551184,0.132804,0.209089,0.155902,0.0363627,0.0278276,0.0493052,0.239301,0.0328815
0.0588995,0.0658885,0.134912,0.140747,0.239422,0.0231445,0.0345822,0.0510535,0.214572,0.0367778
0.0279552,0.0277598,0.0699594,0.0946873,0.587974,0.00701196,0.0382599,0.0287608,0.108162,0.00946915
0.0383659,0.0563012,0.153089,0.127885,0.303173,0.0232006,0.0397808,0.068136,0.173833,0.016235
0.0431689,0.0669504,0.186294,0.0891445,0.205031,0.0341503,0.0267511,0.108238,0.220667,0.0196058
0.066019,0.0481815,0.167576,0.0875842,0.2767,0.0654606,0.0450211,0.058052,0.151636,0.0337694
0.0779281,0.0770366,0.140055,0.0654663,0.223157,0.135176,0.0226587,0.0815261,0.140505,0.0364914
0.0804995,0.0700855,0.163544,0.0738412,0.185252,0.0831937,0.0317729,0.0817072,0.182137,0.0479671
0.0826185,0.061556,0.10469,0.120818,0.161736,0.0756338,0.0528137,0.0656878,0.222799,0.0516463
0.0764964,0.0514691,0.146586,0.124502,0.206709,0.0615814,0.0701916,0.0653576,0.152906,0.0442007
0.042259,0.0518588,0.0847502,0.148037,0.319086,0.0272426,0.0779677,0.0563443,0.174988,0.0174671
0.105365,0.0738038,0.0942012,0.148409,0.143499,0.132257,0.0366987,0.046135,0.154256,0.0653752
0.105864,0.0500028,0.0953997,0.167985,0.20358,0.0666712,0.0935723,0.0546588,0.126788,0.0354788
0.101549,0.0812845,0.103652,0.084508,0.174032,0.0720958,0.0247002,0.04731,0.275247,0.0356211
0.0621497,0.0785887,0.0938064,0.233978,0.118384,0.0781487,0.0842508,0.0622128,0.0926487,0.0958324
0.0406214,0.0308929,0.0973338,0.174742,0.203924,0.0892912,0.0417204,0.0962619,0.098328,0.126885
0.036689,0.0468385,0.0866863,0.279423,0.085427,0.0733701,0.0512465,0.0931773,0.160284,0.0868588
0.0418046,0.0500994,0.0953696,0.154873,0.183042,0.0672643,0.0686734,0.129636,0.150904,0.0583338
0.0980167,0.0959073,0.0752434,0.153606,0.100591,0.0879398,0.0659958,0.0907141,0.199409,0.0325778
0.0383938,0.0515771,0.130273,0.111605,0.24925,0.04567,0.0565552,0.0615868,0.231735,0.0233532
0.0441335,0.101666,0.124505,0.0871767,0.10083,0.0608578,0.0337222,0.133738,0.268448,0.0449228
0.0587937,0.0986661,0.117252,0.0589077,0.1199,0.0849054,0.0532682,0.173577,0.174587,0.0601431
0.0740292,0.117437,0.147597,0.0473072,0.0747943,0.132667,0.0426477,0.163102,0.111302,0.089117
0.0238414,0.064182,0.0796132,0.10606,0.242415,0.0499232,0.0454606,0.169842,0.139024,0.0796377
0.0176409,0.0463691,0.0716179,0.0347599,0.52772,0.0279815,0.0229113,0.11129,0.0996861,0.0400239
0.0165623,0.0627393,0.0295323,0.0494131,0.736343,0.0213311,0.0111796,0.0327483,0.0268835,0.0132672
0.0542342,0.175759,0.0437607,0.188284,0.30107,0.0826467,0.0310882,0.0571539,0.042029,0.0239746
0.104715,0.163177,0.0765963,0.101149,0.164798,0.119207,0.0235481,0.0598056,0.172659,0.0143445
0.0478042,0.0528736,0.156025,0.0974188,0.15822,0.0727065,0.0321028,0.089717,0.257512,0.0356196
0.0418079,0.0581795,0.150941,0.160108,0.144247,0.07967,0.0474017,0.0582652,0.229501,0.0298786
0.0371684,0.064282,0.11758,0.139547,0.220139,0.0448489,0.0645128,0.0617247,0.216084,0.034113
0.0409049,0.0661198,0.161653,0.0637322,0.196645,0.0554369,0.0298479,0.113311,0.212992,0.0593574
0.0689419,0.075134,0.119292,0.113084,0.157771,0.0860329,0.0464685,0.0847042,0.204868,0.0437036
0.0733152,0.0743149,0.116514,0.137479,0.144744,0.0982979,0.0463226,0.0593009,0.224182,0.0255287
0.0592281,0.0683976,0.212274,0.177656,0.0910322,0.0794014,0.0323139,0.0734791,0.136298,0.0699198
0.0254149,0.0360421,0.138429,0.116183,0.179496,0.0331897,0.0311941,0.095154,0.297805,0.0470915
0.0979957,0.0777702,0.12244,0.14345,0.126635,0.0589865,0.0392927,0.0811592,0.178989,0.073282
0.0341257,0.0338428,0.138868,0.0817729,0.21157,0.0596748,0.0488992,0.113651,0.213501,0.0640955
0.0486483,0.0340712,0.0577354,0.204453,0.19302,0.0917318,0.0277694,0.145508,0.0854398,0.111623
0.0390186,0.0407381,0.0677826,0.273041,0.152193,0.0530937,0.0267162,0.167859,0.091136,0.0884223
0.107622,0.0835379,0.107347,0.0757001,0.148803,0.111061,0.0400779,0.125131,0.159008,0.0417125
0.0780357,0.129188,0.0779369,0.0654738,0.208367,0.124244,0.0259959,0.112002,0.152025,0.026731
0.0566943,0.0979887,0.0783382,0.112581,0.1624,0.0993317,0.0337422,0.190425,0.148186,0.0203119
0.00583196,0.0626573,0.0111195,0.0258636,0.786411,0.00543358,0.0052725,0.0664839,0.0282649,0.00266137
0.000160892,0.00955324,0.00348781,0.0114353,0.965186,0.000952911,0.000215066,0.00596391,0.00263752,0.00040691
4.11382e-06,0.000374614,7.47965e-05,0.000993818,0.997956,0.000140475,4.09491e-06,0.000413237,3.12798e-05,7.26997e-06
4.70495e-05,0.00092449,0.000149191,0.00330659,0.992938,0.000862247,5.52855e-05,0.00152291,0.000138941,5.48093e-05
0.000139258,0.00212094,0.000562959,0.0103747,0.984502,0.000490448,0.000184883,0.00106315,0.000447714,0.000113536
0.000315261,0.00531405,0.00174511,0.015746,0.966899,0.00149456,0.00140196,0.00481096,0.00195497,0.000318299
0.00601499,0.0136756,0.0139472,0.0285673,0.819235,0.0159131,0.0091361,0.0710817,0.0167909,0.00563842
0.0149227,0.0191711,0.0371396,0.0456845,0.701747,0.0197831,0.0221956,0.0740977,0.0579299,0.00732886
0.0168467,0.0259774,0.0187089,0.0684058,0.725301,0.0201882,0.00724791,0.0752901,0.0301161,0.0119175
0.0183065,0.0413125,0.0318645,0.167871,0.422586,0.0217422,0.00764655,0.168099,0.0750457,0.0455253
0.0137992,0.028709,0.0434576,0.101212,0.598245,0.0174947,0.00659339,0.136215,0.0329499,0.0213248
0.021902,0.0538332,0.140162,0.102805,0.447514,0.0115229,0.0118113,0.0839109,0.102162,0.0243773
0.00397549,0.0190554,0.0550173,0.064613,0.678861,0.00791476,0.00619133,0.0864152,0.0579065,0.0200499
0.004717,0.042709,0.0598347,0.0485318,0.481938,0.02969,0.0124475,0.242556,0.0556028,0.0219724
0.00409715,0.0596659,0.0618841,0.043041,0.35796,0.0292454,0.0156239,0.262993,0.135965,0.0295246
0.019751,0.12785,0.0602918,0.0746758,0.138546,0.0902982,0.0164022,0.249796,0.123689,0.0986996
0.0431463,0.152141,0.0764773,0.101295,0.143229,0.0387288,0.0255774,0.164285,0.14521,0.10991
0.0260112,0.168288,0.214217,0.0770618,0.0761159,0.0324358,0.0217705,0.247828,0.0435687,0.0927026
0.0109387,0.0702039,0.0973876,0.144445,0.281678,0.0464765,0.01784,0.131828,0.0742186,0.124983
0.057431,0.0984111,0.0704555,0.0988417,0.351064,0.0946022,0.0167757,0.0915086,0.0384624,0.0824476
0.112402,0.0665524,0.0433849,0.028327,0.180159,0.116317,0.0288926,0.233826,0.151475,0.0386645
0.0762534,0.0665145,0.0373795,0.0250498,0.177184,0.094063,0.0217203,0.256405,0.223146,0.0222845
0.0369125,0.0624866,0.0299752,0.0115642,0.109215,0.0975616,0.0034793,0.402475,0.234362,0.0119681
0.0158167,0.0863444,0.00907852,0.0285448,0.0649464,0.111182,0.00194372,0.482994,0.189434,0.00971531
0.0591197,0.139269,0.0317794,0.0731874,0.125892,0.118699,0.0242879,0.259038,0.11938,0.0493487
0.032488,0.153955,0.0407286,0.148756,0.192135,0.14578,0.0196896,0.172028,0.0312545,0.0631855
0.0781959,0.1145,0.0679461,0.0533749,0.1645,0.218161,0.0160906,0.136036,0.0395129,0.111683
0.0652726,0.0398366,0.151198,0.120351,0.131086,0.0936094,0.0603022,0.101302,0.126053,0.110989
0.0825247,0.0525695,0.169041,0.104813,0.0998918,0.178103,0.0287409,0.0678693,0.11153,0.104916
0.0434525,0.0507163,0.135303,0.125637,0.160565,0.0610644,0.0584593,0.0826445,0.212989,0.0691686
0.015939,0.0484188,0.0559289,0.189436,0.476737,0.0103334,0.0623575,0.0682216,0.0613189,0.0113087
0.0347656,0.0612187,0.0745349,0.182697,0.359345,0.014581,0.0639937,0.0888191,0.109302,0.0107426
0.0233132,0.0600197,0.0402111,0.0544552,0.593119,0.0131628,0.0361949,0.0661324,0.102388,0.0110042
0.0149047,0.0522716,0.0780057,0.0294918,0.544183,0.0685047,0.0128312,0.110774,0.076381,0.0126532
0.051403,0.0779332,0.0897233,0.039095,0.392188,0.118896,0.0110006,0.096924,0.0647614,0.0580757
0.0276306,0.0937107,0.0691918,0.163362,0.15819,0.157097,0.00575093,0.14321,0.150816,0.0310414
0.0200789,0.132536,0.0415289,0.226032,0.188678,0.142468,0.00689409,0.103547,0.0975007,0.0407364
0.0227409,0.115456,0.0104357,0.193881,0.2095,0.197314,0.0193739,0.154197,0.0557423,0.0213586
0.0487681,0.088013,0.15736,0.125562,0.153171,0.0766032,0.036413,0.105246,0.114988,0.0938748
0.0690101,0.141331,0.0764535,0.0899155,0.135645,0.0756644,0.049104,0.120379,0.152344,0.0901542
0.0528454,0.126496,0.133373,0.0809476,0.136039,0.0940868,0.0303079,0.129958,0.137811,0.0781365
0.0254465,0.108274,0.0656321,0.120667,0.27322,0.0723013,0.0399743,0.163598,0.0881441,0.0427419
0.0258368,0.103768,0.0486805,0.22159,0.101977,0.111336,0.0238507,0.128584,0.19007,0.0443063
0.0174525,0.0892199,0.052747,0.151673,0.115743,0.0670376,0.0151511,0.235475,0.198316,0.0571846
0.0528936,0.0833893,0.0679526,0.103783,0.181412,0.10733,0.0481153,0.168326,0.140063,0.0467352
0.093522,0.0880855,0.105333,0.0883574,0.10732,0.107859,0.0703412,0.129445,0.141477,0.0682593
0.0783512,0.096253,0.104111,0.142187,0.139401,0.0671191,0.0691111,0.119395,0.115847,0.0682259
0.0636688,0.0580118,0.18716,0.11114,0.0783263,0.135588,0.0345676,0.0633651,0.180657,0.0875157
0.0927587,0.044481,0.231512,0.0804458,0.104009,0.220548,0.0182545,0.100209,0.0435177,0.0642641
0.101445,0.0463479,0.183147,0.118632,0.194333,0.0848211,0.0338024,0.0713682,0.124844,0.0412585
0.0630879,0.044325,0.155995,0.10352,0.273803,0.0999727,0.0299776,0.0617475,0.123672,0.0438984
0.0450756,0.0474666,0.0585484,0.0777624,0.634191,0.0425019,0.0127832,0.0180739,0.0447172,0.0188804
0.00506947,0.0388115,0.00636643,0.0333309,0.871333,0.0237557,0.00126374,0.00880924,0.00494075,0.00631903
0.00207153,0.0482118,0.00222641,0.0602887,0.823479,0.0501648,0.000594885,0.00580227,0.00132776,0.00583236
0.00341505,0.0743529,0.00323676,0.15404,0.703172,0.0410059,0.00127145,0.0059504,0.00436131,0.00919484
0.0288886,0.0617062,0.0481755,0.0890815,0.563161,0.0450999,0.0203105,0.0407329,0.0772509,0.0255926
0.0345992,0.0632121,0.0479888,0.14797,0.456108,0.0424171,0.0363512,0.0465872,0.0984328,0.0263335
0.0422899,0.0600336,0.124837,0.218028,0.11344,0.166531,0.0383687,0.0738043,0.12107,0.0415982
0.0344478,0.0553608,0.109771,0.227645,0.112986,0.117403,0.0226423,0.0845596,0.191836,0.0433492
0.0568575,0.0687139,0.122562,0.147818,0.0878563,0.180249,0.0588158,0.0662362,0.150271,0.0606201
0.0232664,0.080566,0.0625495,0.280293,0.0616024,0.0543769,0.0195789,0.0929696,0.209428,0.115369
0.0249292,0.0778599,0.112617,0.184149,0.0996602,0.045761,0.0296672,0.113713,0.194998,0.116646
0.00316513,0.0122425,0.0411781,0.0398347,0.718513,0.00253512,0.0314755,0.0457924,0.0965826,0.00868136
0.00387881,0.0171397,0.0972702,0.0286638,0.532306,0.00329836,0.0177448,0.0816397,0.196206,0.0218529
0.00459519,0.0154452,0.0602893,0.0450478,0.657409,0.0027097,0.0209274,0.0609815,0.115085,0.0175104
0.0084157,0.0897577,0.0279834,0.041855,0.683435,0.0435964,0.00471655,0.0524234,0.0160392,0.0317773
0.0209236,0.0638173,0.0303438,0.0549093,0.641512,0.0793177,0.00405936,0.0452292,0.0246832,0.0352049
0.0143254,0.0584271,0.0331616,0.0293383,0.646241,0.0764939,0.00294116,0.0909648,0.0242474,0.023859
0.0308905,0.10602,0.034341,0.0729526,0.55467,0.0353983,0.0147706,0.0461729,0.0583526,0.0464312
0.0130414,0.0629189,0.0154616,0.0254653,0.768331,0.0227764,0.00768203,0.0355743,0.0410513,0.00769757
0.0112008,0.0426977,0.038399,0.0650021,0.680233,0.0088699,0.0137788,0.0606453,0.0632511,0.0159227
0.0400356,0.0699965,0.103974,0.140739,0.320957,0.0270234,0.0500481,0.0779139,0.149718,0.0195943
0.0592197,0.0816199,0.104392,0.152637,0.14083,0.100548,0.0434128,0.0737042,0.185537,0.0580988
0.0582393,0.083308,0.108329,0.122051,0.189788,0.106376,0.0380394,0.0884775,0.152765,0.0526259
0.0443003,0.0763306,0.129843,0.172022,0.220299,0.0522082,0.037958,0.090777,0.147501,0.0287616
0.0450579,0.0996413,0.0972886,0.203827,0.223518,0.0703143,0.0440431,0.0690802,0.106436,0.0407936
0.0127342,0.0382516,0.103616,0.0589795,0.652023,0.0227975,0.0098654,0.0480514,0.0469429,0.00673846
0.00268512,0.044397,0.0350057,0.0177075,0.815673,0.0255133,0.00256267,0.0343442,0.017884,0.00422779
0.00181456,0.0346936,0.0157645,0.0343663,0.830098,0.0341997,0.00207828,0.0339802,0.00874098,0.00426401
0.0165857,0.0780334,0.0511962,0.0390737,0.578693,0.0585863,0.00505498,0.119666,0.0281374,0.0249729
0.00398938,0.0424319,0.0249963,0.0114395,0.824672,0.0195422,0.00272289,0.0484025,0.0151137,0.00668928
0.00233148,0.0228978,0.0135762,0.0131437,0.859652,0.00654414,0.00293859,0.056911,0.0165742,0.00543069
0.00570067,0.0161412,0.0173845,0.0154657,0.901365,0.00327828,0.00335906,0.011603,0.0210233,0.00467906
0.0159139,0.0395883,0.0187391,0.0658122,0.753654,0.0120267,0.0240071,0.0250547,0.0328896,0.0123142
0.0374397,0.0538881,0.0417311,0.0794596,0.606098,0.0147509,0.0322341,0.0347443,0.0848797,0.0147744
0.0399266,0.0655324,0.0426513,0.101592,0.530435,0.0212911,0.0458129,0.0404463,0.0941023,0.0182108
0.0208819,0.0657031,0.0513608,0.10736,0.439146,0.0279699,0.057211,0.0767613,0.116086,0.0375197
0.0507956,0.124614,0.0960169,0.128254,0.111369,0.10222,0.0378309,0.138421,0.130325,0.0801537
0.0206164,0.119976,0.0666369,0.168065,0.218138,0.0876364,0.0240347,0.104585,0.141683,0.0486293
0.0189616,0.0764648,0.110081,0.0872039,0.295298,0.0430417,0.0389823,0.0995654,0.183355,0.0470457
0.00783879,0.0990517,0.0903529,0.111924,0.359243,0.0286367,0.0177876,0.12902,0.117422,0.0387232
0.0106309,0.0575574,0.0383483,0.0763737,0.559674,0.00713593,0.0119202,0.117143,0.108751,0.0124663
0.00384034,0.031196,0.0226984,0.014029,0.851081,0.00240189,0.00173742,0.0346916,0.0337323,0.00459253
0.00142866,0.01316,0.014006,0.00975983,0.934264,0.000620286,0.00078306,0.00948134,0.0136388,0.00285852
0.000890464,0.0110111,0.0132654,0.00454829,0.93206,0.00134011,0.000364597,0.0217903,0.0126095,0.00212011
0.00521093,0.0553424,0.0189291,0.0345178,0.830269,0.00978075,0.00243077,0.0215311,0.011017,0.0109713
0.0232486,0.0605882,0.0300424,0.105632,0.60509,0.0494566,0.00925686,0.0411951,0.0652825,0.0102079
0.00457256,0.0332448,0.00523761,0.0591986,0.873318,0.00549668,0.00240663,0.00553809,0.00609923,0.00488786
0.0674483,0.0722812,0.100895,0.0578045,0.27881,0.125689,0.0428698,0.0893502,0.106608,0.0582433
0.0677769,0.0858427,0.10958,0.0923733,0.207671,0.106692,0.03145,0.10238,0.096972,0.0992629
0.0671735,0.0765226,0.093149,0.0864231,0.226516,0.139643,0.0279721,0.0972438,0.0910079,0.0943489
0.0458877,0.0854888,0.0717927,0.142452,0.367672,0.0785648,0.0117208,0.0543607,0.0760001,0.0660607
0.0381499,0.0764106,0.101139,0.297151,0.0553891,0.121295,0.0360736,0.0549697,0.131579,0.0878427
0.0363312,0.0481538,0.115681,0.270613,0.126574,0.0339424,0.0139773,0.0322369,0.257727,0.0647632
0.0149545,0.0373353,0.0721015,0.406958,0.126018,0.0180267,0.0184231,0.073986,0.16894,0.0632578
0.0276772,0.0614779,0.0920662,0.398799,0.111992,0.0374384,0.0164182,0.0842087,0.120355,0.0495676
0.0164337,0.0530788,0.0771773,0.407179,0.176122,0.0281725,0.0177414,0.102179,0.095261,0.0266551
0.0139137,0.036411,0.0764925,0.422962,0.193579,0.0517342,0.0171543,0.0654789,0.0909929,0.0312816
0.0543521,0.0551058,0.184489,0.156342,0.164062,0.0945,0.0336502,0.0907331,0.116897,0.0498691
0.0601829,0.0700467,0.104329,0.147691,0.196137,0.116144,0.0415598,0.135932,0.0941866,0.0337905
0.0120058,0.0249378,0.0313638,0.020039,0.782572,0.0146834,0.00742544,0.0245102,0.0712245,0.0112383
0.0259127,0.0440628,0.0415491,0.0370016,0.678554,0.0314561,0.00837647,0.0560409,0.0506373,0.0264091
0.0355314,0.106021,0.0732466,0.150587,0.213971,0.217916,0.00835495,0.0651072,0.0474979,0.0817676
0.049412,0.124534,0.0547537,0.0460511,0.296295,0.0614935,0.0237281,0.23952,0.0621236,0.0420894
0.0404142,0.113297,0.0353449,0.0541004,0.28552,0.121697,0.00854656,0.26266,0.0323016,0.046119
0.0793275,0.109502,0.0729368,0.0565473,0.123843,0.0786644,0.0412735,0.16831,0.20049,0.0691043
0.0602316,0.118569,0.0663072,0.111854,0.114074,0.116122,0.0632982,0.172062,0.0965308,0.0809503
0.0384748,0.100129,0.0547201,0.12417,0.173487,0.107271,0.0434674,0.209814,0.0961434,0.0523221
0.0104966,0.0274381,0.0748714,0.0201372,0.72241,0.00290042,0.00473174,0.0181844,0.113865,0.00496532
0.032135,0.0968881,0.0953938,0.266588,0.122485,0.0532191,0.0218725,0.142097,0.0927668,0.0765549
0.0483621,0.0725244,0.171106,0.0971719,0.225525,0.106881,0.0226357,0.0908087,0.104057,0.0609278
0.0184911,0.0403364,0.307824,0.0683473,0.184947,0.106522,0.00495484,0.0778464,0.161468,0.029263
0.0132782,0.0465626,0.176768,0.179184,0.0451888,0.296997,0.00308146,0.0390755,0.165791,0.0340739
0.021001,0.0528511,0.213424,0.121424,0.0487278,0.116378,0.0153493,0.0469392,0.323882,0.0400238
0.0916541,0.0594991,0.106899,0.106331,0.134338,0.14242,0.0521992,0.0790629,0.134987,0.0926089
0.0589874,0.117097,0.0909041,0.0478503,0.235021,0.0439313,0.0222875,0.160224,0.1573,0.0663982
0.0184221,0.0951772,0.0496021,0.0331914,0.23651,0.0323875,0.0162206,0.219208,0.260223,0.0390582
0.00959763,0.210148,0.0627973,0.0882106,0.165295,0.064692,0.0133847,0.26713,0.0543913,0.0643531
0.00600257,0.110033,0.0399471,0.133761,0.441182,0.0338962,0.00939672,0.136866,0.0552952,0.0336205
0.00775175,0.0462347,0.020994,0.0313577,0.777793,0.0207635,0.00328541,0.0592218,0.0201451,0.0124535
0.0367363,0.0881279,0.0142682,0.0199151,0.603417,0.0461976,0.00958867,0.137251,0.0366855,0.00781249
0.000692901,0.00327009,0.000397867,0.000577282,0.991595,0.000410832,0.000110664,0.00169068,0.00118043,7.46261e-05
0.0016497,0.0084717,0.00105063,0.00313746,0.976304,0.00122423,0.000572862,0.00358665,0.003781,0.000221423
0.00689516,0.0149101,0.0240168,0.0098336,0.864794,0.00103293,0.00200611,0.00752851,0.0671113,0.00187147
0.0238008,0.0336491,0.0348199,0.0299573,0.756251,0.00286527,0.00990198,0.0128385,0.0882711,0.00764544
0.00920909,0.0380827,0.00815277,0.0327408,0.882765,0.00945092,0.00193465,0.00606969,0.00685101,0.00474363
0.0116726,0.119664,0.0119024,0.138651,0.582189,0.0943751,0.00180582,0.0135773,0.00522274,0.0209399
0.0517852,0.105397,0.0453713,0.148171,0.298897,0.222161,0.010706,0.0292579,0.0376262,0.0506266
0.0569925,0.0783407,0.0707876,0.103172,0.502438,0.0420156,0.0200144,0.024701,0.0657314,0.0358069
0.0807005,0.0992888,0.0536967,0.121033,0.43355,0.0170458,0.0360782,0.0214012,0.0946077,0.0425989
0.0362874,0.0648842,0.026071,0.0798481,0.677453,0.00253951,0.0136924,0.00938441,0.0824538,0.00738598
0.0233607,0.076614,0.0207551,0.0542673,0.714753,0.00108695,0.00985472,0.0099171,0.0862697,0.0031215
0.0335152,0.133846,0.0991447,0.154043,0.23179,0.00976782,0.0221711,0.0689282,0.216902,0.0298927
0.0155993,0.0522091,0.0219594,0.336418,0.28372,0.0108807,0.0171573,0.106595,0.132059,0.0234023
0.0504442,0.111636,0.0530314,0.260379,0.126624,0.0361432,0.0391914,0.0703896,0.200374,0.0517878
0.0194951,0.079261,0.0583005,0.337117,0.114511,0.0650104,0.0227763,0.118165,0.0998144,0.0855499
0.0271474,0.061306,0.203324,0.189721,0.113115,0.0617811,0.0239728,0.0860676,0.16921,0.0643543
0.023682,0.0459016,0.190411,0.223576,0.152936,0.0593927,0.014243,0.0663124,0.112737,0.110808
0.0407283,0.058754,0.0899198,0.153096,0.210457,0.0741659,0.0107593,0.0734235,0.187107,0.101589
0.0500824,0.108525,0.117394,0.117769,0.154295,0.0313302,0.0195849,0.0679414,0.268641,0.0644373
0.0249839,0.0516819,0.131308,0.0865407,0.137518,0.0153415,0.00398382,0.021503,0.499655,0.0274838
0.0415781,0.0695221,0.130337,0.0926512,0.108041,0.0349563,0.00674547,0.030327,0.431698,0.0541434
0.0392497,0.103848,0.141133,0.0997833,0.128169,0.0451529,0.0232971,0.101214,0.24086,0.0772936
0.0420861,0.0796399,0.0977349,0.293796,0.125,0.0461585,0.025868,0.107132,0.123194,0.0593896
0.0366316,0.0625927,0.0986462,0.15621,0.189681,0.0773084,0.0204182,0.136818,0.103679,0.118015
0.0532499,0.103129,0.034131,0.274383,0.104465,0.0865208,0.048013,0.13459,0.104865,0.0566528
0.0564339,0.117569,0.0218925,0.161179,0.100619,0.109444,0.0206603,0.257429,0.128031,0.0267436
0.07902,0.0503071,0.0662282,0.31627,0.0298895,0.112932,0.0307557,0.153048,0.0922451,0.0693047
0.0469693,0.0397204,0.0714726,0.242584,0.0585174,0.118634,0.0243873,0.153928,0.109434,0.134354
0.0500112,0.0289431,0.203341,0.139405,0.131767,0.115252,0.0218953,0.140209,0.0659152,0.103261
0.0499117,0.031811,0.216351,0.0834977,0.15405,0.0999334,0.0260448,0.11877,0.170807,0.0488245
0.0722294,0.0557687,0.166955,0.0803613,0.0920276,0.246852,0.0150881,0.0760725,0.106042,0.0886038
0.0965994,0.0736322,0.103565,0.0646162,0.117763,0.220773,0.0241801,0.099182,0.120641,0.0790486
0.0326762,0.0492899,0.0860414,0.0805895,0.336865,0.059876,0.0193178,0.172438,0.0990082,0.0638979
0.0166858,0.0473413,0.136992,0.0759604,0.324654,0.025273,0.0189428,0.173196,0.145412,0.0355437
0.0127809,0.0228195,0.146687,0.0505363,0.258431,0.0569524,0.00811974,0.213673,0.19511,0.0348892
0.0214859,0.0384923,0.0609727,0.0756319,0.499023,0.0240966,0.0165047,0.12222,0.0893136,0.0522585
0.0442024,0.0628469,0.165225,0.0520935,0.209751,0.039101,0.0248883,0.0981147,0.261651,0.042126
0.0401792,0.0568742,0.210243,0.101954,0.104305,0.0770144,0.0330613,0.0891363,0.216311,0.0709217
0.0266532,0.044067,0.196305,0.0975308,0.111858,0.11078,0.0106239,0.0639636,0.267193,0.071026
0.0457101,0.0507066,0.117017,0.0466572,0.410427,0.0188579,0.0119892,0.0447184,0.237506,0.0164106
0.0247719,0.0513405,0.162556,0.0722489,0.155745,0.0417219,0.0119594,0.0837939,0.358126,0.037736
0.0206218,0.0445256,0.155492,0.112637,0.338037,0.0529119,0.00788967,0.062382,0.172911,0.0325909
0.0110538,0.0420719,0.141906,0.0288806,0.375624,0.0398785,0.0100022,0.221171,0.109226,0.0201866
0.0161368,0.0727799,0.0666349,0.0709731,0.204323,0.111108,0.0150794,0.277293,0.124471,0.0412011
0.0403782,0.053584,0.115571,0.0480117,0.345244,0.0538933,0.0374083,0.128444,0.143819,0.0336462
0.0174134,0.0337878,0.05061,0.018402,0.683573,0.0143136,0.0123361,0.0985696,0.0627267,0.00826764
0.0668192,0.0893569,0.0574243,0.124382,0.20917,0.0533503,0.0770115,0.122314,0.157221,0.0429504
0.072525,0.0742923,0.0764168,0.119777,0.220566,0.0614873,0.0837339,0.0725803,0.189935,0.0286869
0.0712317,0.0655802,0.124114,0.0906008,0.211323,0.0784591,0.0508946,0.111165,0.16473,0.0319013
0.0767136,0.0775153,0.123367,0.164139,0.114414,0.0482783,0.0734575,0.107068,0.189612,0.0254351
0.0634221,0.0613638,0.158025,0.161056,0.153772,0.0403408,0.0456992,0.128798,0.172729,0.0147936
0.0424256,0.0505785,0.128206,0.22947,0.111532,0.0547365,0.0320846,0.287303,0.0490538,0.0146101
0.0353628,0.0460765,0.168763,0.216299,0.126796,0.0482522,0.0357577,0.224447,0.0696091,0.0286364
0.0483728,0.0989867,0.155568,0.164471,0.101816,0.057245,0.0428453,0.0895925,0.158015,0.0830871
0.0261175,0.0406805,0.0402997,0.0349406,0.740527,0.0034952,0.0119272,0.0132242,0.0822022,0.00658634
0.0370291,0.112319,0.039992,0.0742079,0.434088,0.0318569,0.0238048,0.128048,0.0785495,0.0401046
0.0303438,0.0666231,0.0946272,0.130414,0.361116,0.0781375,0.014781,0.0899984,0.0701658,0.0637936
0.0503926,0.185868,0.0430753,0.0842256,0.144251,0.182836,0.0315906,0.1915,0.0430222,0.0432398
0.0949511,0.0996022,0.0865326,0.0660056,0.151233,0.178344,0.0476729,0.130489,0.0777019,0.0674675
0.0934766,0.115287,0.0603779,0.102019,0.189762,0.139303,0.0496197,0.0911133,0.0918405,0.0672006
0.0294087,0.278319,0.0192216,0.180853,0.197462,0.140207,0.0156089,0.0576002,0.029525,0.0517942
0.00789997,0.136282,0.0133969,0.510975,0.26045,0.0280583,0.0063287,0.011882,0.0101715,0.0145559
0.0133069,0.0651039,0.0110393,0.390656,0.463438,0.0212567,0.00401116,0.00518682,0.0171556,0.00884538
0.00673018,0.119344,0.00206392,0.315445,0.404752,0.137956,0.000884309,0.00354126,0.00232527,0.00695779
0.00574573,0.13051,0.00465114,0.275755,0.273927,0.28752,0.0017585,0.00541325,0.0026726,0.0120462
0.0222435,0.109922,0.0167279,0.306554,0.169321,0.33879,0.00466538,0.006892,0.00795711,0.0169272
0.0569092,0.0889489,0.0770411,0.0438871,0.206393,0.115262,0.0238215,0.103974,0.234702,0.0490613
0.0277291,0.0595638,0.0312855,0.00725689,0.0805453,0.0148127,0.00327151,0.0759445,0.684349,0.0152421
0.0325907,0.079408,0.0609982,0.0758371,0.094002,0.0288692,0.00673279,0.0759729,0.523403,0.022186
0.0427687,0.0955857,0.128911,0.0230978,0.138181,0.0506772,0.00982492,0.129404,0.357026,0.024524
0.0832426,0.02847,0.0833828,0.0519413,0.542927,0.059418,0.0168091,0.0280145,0.0922659,0.013529
0.10408,0.101389,0.130547,0.0506731,0.271542,0.0490035,0.0137312,0.0453473,0.209343,0.024345
0.0818305,0.0664123,0.140518,0.0937128,0.158465,0.0707021,0.0209986,0.0648159,0.264332,0.0382132
0.0340259,0.0605986,0.155486,0.137727,0.101523,0.0701941,0.0188665,0.0351646,0.348226,0.0381882
0.033576,0.0798087,0.108751,0.222381,0.167585,0.0578948,0.0161162,0.0415238,0.236232,0.0361323
0.0400946,0.0770772,0.0901714,0.134638,0.127623,0.0932096,0.016159,0.119307,0.22364,0.0780803
0.0790761,0.0647837,0.194821,0.0225327,0.221896,0.137605,0.0102721,0.110823,0.126195,0.0319941
0.0203594,0.107585,0.0953884,0.0182966,0.390745,0.191915,0.00236823,0.113457,0.046356,0.0135297
0.00962667,0.0619935,0.01678,0.0313262,0.628278,0.197503,0.000873758,0.0314626,0.00495603,0.0171998
0.0123597,0.0817645,0.0643129,0.0317772,0.268617,0.218558,0.00282979,0.256132,0.0359814,0.0276679
0.0247519,0.0834544,0.0609792,0.0622876,0.37692,0.133127,0.0071594,0.166937,0.037382,0.0470022
0.0549072,0.0595012,0.15593,0.0917693,0.249156,0.0496631,0.0280323,0.0840495,0.16428,0.0627114
0.0561187,0.0917659,0.121991,0.163903,0.104043,0.0889993,0.0438249,0.0662359,0.154453,0.108666
0.0298843,0.0516766,0.105765,0.0625717,0.163232,0.160568,0.0252574,0.175318,0.158986,0.0667397
0.0516094,0.0770706,0.116868,0.154288,0.0679424,0.197668,0.0258781,0.061662,0.186858,0.0601548
0.0460435,0.100819,0.129516,0.0922612,0.124345,0.106776,0.028669,0.12262,0.194304,0.0546459
0.0363378,0.048583,0.108109,0.0255563,0.485502,0.0411211,0.0156319,0.113116,0.113913,0.0121301
0.0353576,0.0831026,0.0960729,0.0193962,0.219744,0.162127,0.00727763,0.220132,0.139946,0.0168434
0.0526704,0.0892842,0.126086,0.0734512,0.270846,0.115225,0.0183407,0.0859501,0.140474,0.0276727
0.0292213,0.0682736,0.0778085,0.077365,0.508264,0.0645718,0.0148133,0.0487501,0.0961068,0.014826
0.041006,0.116304,0.0908526,0.140534,0.238815,0.137121,0.0151602,0.0838148,0.107255,0.0291371
0.039267,0.101943,0.0713561,0.143619,0.382129,0.0530172,0.041084,0.0429453,0.0639154,0.0607239
0.0425075,0.0862961,0.0570052,0.199567,0.391791,0.0406911,0.048848,0.0314276,0.0676028,0.0342641
0.0929281,0.0569897,0.100979,0.0705273,0.327831,0.0449426,0.0837197,0.0395712,0.145451,0.03706
0.0647246,0.0651719,0.0496394,0.118598,0.249982,0.0555377,0.0665591,0.0661446,0.224021,0.0396214
0.0687618,0.0787753,0.0645664,0.157509,0.158046,0.0484202,0.0740877,0.100146,0.189606,0.0600815
0.0968383,0.0914057,0.108196,0.0938068,0.148277,0.0777869,0.0789027,0.0880641,0.14826,0.0684624
0.07656,0.0994564,0.107296,0.0886206,0.138189,0.092331,0.0363955,0.126196,0.201827,0.0331291
0.0431748,0.0586201,0.151336,0.0573425,0.340767,0.0310973,0.0206497,0.118693,0.158099,0.0202206
0.0568673,0.0865596,0.122185,0.0896207,0.341707,0.038984,0.0253041,0.105287,0.106322,0.0271625
0.0396482,0.084194,0.113204,0.12611,0.291964,0.0604741,0.0461197,0.0868433,0.0564431,0.0949989
0.0224124,0.0633863,0.120382,0.118592,0.147127,0.051063,0.0380682,0.201003,0.0863375,0.151629
0.0339917,0.0388243,0.104124,0.067069,0.296137,0.045573,0.080793,0.106628,0.158933,0.0679268
0.0406967,0.0450406,0.0950508,0.0828731,0.242401,0.0716053,0.0750579,0.13098,0.144242,0.0720524
0.0864042,0.0490867,0.12752,0.153178,0.144436,0.118752,0.0435506,0.0794367,0.135275,0.0623611
0.10577,0.0825559,0.0853291,0.116148,0.243802,0.0652607,0.0513819,0.0699273,0.13227,0.0475548
0.00780834,0.024416,0.00485543,0.00943319,0.916039,0.00102521,0.00619733,0.00359608,0.0260179,0.000611586
0.0091059,0.0190486,0.00481419,0.0119146,0.934085,0.000636315,0.00358687,0.00237562,0.0138092,0.000623823
0.0067424,0.0351915,0.00223874,0.0158128,0.927599,0.000791559,0.00256217,0.00163293,0.00666828,0.000760156
0.00191635,0.0141437,0.00226273,0.0268804,0.941272,0.000588093,0.0026634,0.00247547,0.00715981,0.000637951
0.018366,0.0852055,0.00883943,0.076361,0.765263,0.00486451,0.0118486,0.00528183,0.0199868,0.00398322
0.0589424,0.0945125,0.0341774,0.101656,0.565689,0.013584,0.0390442,0.0166172,0.0628943,0.0128839
0.0493307,0.0706069,0.0369464,0.0625119,0.605526,0.00786522,0.027143,0.0234028,0.112203,0.00446483
0.0538542,0.0912955,0.118936,0.0523736,0.13589,0.105976,0.019388,0.126411,0.278309,0.0175665
0.0461471,0.0779585,0.184609,0.0585945,0.13154,0.0855905,0.0234727,0.0877571,0.274989,0.029342
0.0533842,0.0742354,0.181665,0.0797444,0.254898,0.0398178,0.0302354,0.109739,0.165155,0.0111258
0.0202989,0.0531362,0.216696,0.0287846,0.309293,0.0306801,0.0102009,0.170692,0.155048,0.00517067
0.0336414,0.0788704,0.154564,0.0644092,0.303028,0.0558638,0.0181064,0.210946,0.0718419,0.00872934
0.00276088,0.0342693,0.0355881,0.00993335,0.881905,0.00409798,0.000918633,0.0127858,0.0161935,0.00154762
0.00274761,0.0218494,0.0428061,0.00610803,0.874301,0.000887308,0.0012936,0.0157556,0.0338214,0.000430308
0.00304258,0.0251423,0.0393652,0.00874102,0.876919,0.00139785,0.00186518,0.0184868,0.0243195,0.000720819
0.00612399,0.0155636,0.066417,0.0299552,0.790492,0.00229307,0.00730321,0.0220926,0.0555772,0.00418224
0.00599804,0.0126647,0.0553617,0.0237668,0.795335,0.00139244,0.00288143,0.0173348,0.0817609,0.00350434
0.0187021,0.0274662,0.0616337,0.0769614,0.60223,0.0239418,0.0131965,0.0786482,0.0746586,0.022561
0.0586668,0.0491341,0.193568,0.173553,0.0909956,0.11328,0.0278157,0.0953957,0.0929914,0.104601
0.060052,0.0442282,0.247947,0.120434,0.143918,0.0901651,0.03622,0.110009,0.071857,0.0751697
0.0564003,0.0519461,0.179717,0.1029,0.113233,0.0998257,0.0483795,0.093406,0.128422,0.125771
0.0311382,0.0408929,0.0643482,0.0831113,0.342607,0.0495809,0.0407861,0.185209,0.0744771,0.0878493
0.012709,0.0828757,0.0223653,0.0764771,0.589665,0.0535384,0.0173567,0.108572,0.0203666,0.0160745
0.00239184,0.0260647,0.00422697,0.0369531,0.882617,0.0237183,0.00275121,0.0157241,0.00358182,0.00197123
0.000382416,0.0033114,0.00122654,0.00453329,0.986681,0.000387816,0.000374698,0.00144475,0.00159459,6.39409e-05
0.0199817,0.0458324,0.0317987,0.0310928,0.787138,0.017875,0.00478664,0.0241858,0.0358979,0.00141095
0.00537417,0.0382166,0.00861892,0.0330954,0.883385,0.0105768,0.00250567,0.00774592,0.0085597,0.00192177
0.0464228,0.0571643,0.0545609,0.0894038,0.590594,0.00893444,0.0266619,0.016615,0.0954976,0.0141449
0.0601064,0.0689477,0.0936865,0.053816,0.367992,0.0149414,0.0240244,0.0398785,0.251624,0.0249824
0.0549439,0.077449,0.0972425,0.132837,0.209776,0.0735523,0.0616529,0.0925137,0.125533,0.0745005
0.034372,0.0858848,0.0777456,0.0578541,0.382376,0.0913777,0.0195776,0.103248,0.0827057,0.0648583
0.074767,0.115777,0.0816202,0.126295,0.121972,0.0963481,0.0537992,0.108532,0.136346,0.0845433
0.071791,0.109266,0.091292,0.136275,0.170625,0.108872,0.0473495,0.0992729,0.141134,0.024122
0.058556,0.158692,0.121091,0.122355,0.158469,0.0914451,0.0236335,0.0893123,0.154158,0.0222878
0.0699047,0.171097,0.0665248,0.157136,0.116183,0.148325,0.0231512,0.105,0.123125,0.0195532
0.0565793,0.11663,0.0753272,0.151809,0.289779,0.111681,0.025002,0.0604517,0.0965075,0.016234
0.0517019,0.0642428,0.151433,0.154522,0.299201,0.0237711,0.0377403,0.0788807,0.118779,0.0197289
0.0283828,0.120787,0.0579885,0.312864,0.160028,0.0554652,0.0296523,0.0820007,0.0952002,0.0576308
0.0410396,0.0882104,0.150035,0.159832,0.21091,0.0261547,0.0387372,0.084442,0.131877,0.0687613
0.0364588,0.17189,0.0482439,0.161522,0.298027,0.0908649,0.0183909,0.0553863,0.0453658,0.073851
0.0587291,0.0820335,0.0803226,0.0682427,0.309296,0.173397,0.0128781,0.0557732,0.047348,0.111979
0.0713324,0.122378,0.0747328,0.0880992,0.165581,0.189434,0.0250012,0.0997433,0.053417,0.110281
0.0953527,0.113234,0.0721074,0.149868,0.159348,0.11526,0.0608561,0.0655718,0.0916018,0.0767992
0.0646368,0.0947851,0.0629031,0.152599,0.150713,0.0895494,0.0675276,0.0994851,0.125339,0.092461
0.0646369,0.11191,0.0910875,0.120821,0.127037,0.0977666,0.0528687,0.115398,0.147458,0.0710164
0.0458504,0.0853382,0.081212,0.182798,0.235319,0.0483974,0.0310687,0.181064,0.0613515,0.0476005
0.0691648,0.0813854,0.0669762,0.0494574,0.200501,0.0564649,0.0145752,0.107916,0.30797,0.04559
0.0891308,0.105751,0.0825082,0.0856229,0.139554,0.036955,0.0319939,0.0810876,0.286617,0.0607797
0.115044,0.137478,0.05236,0.0299676,0.282622,0.0448944,0.0162988,0.132795,0.15687,0.0316698
0.185883,0.160189,0.0269209,0.0533212,0.298116,0.0996691,0.0109986,0.0729645,0.0634888,0.0284481
0.0990826,0.067641,0.0714878,0.0322803,0.336423,0.0563642,0.0339759,0.0767486,0.183645,0.0423515
0.0530775,0.10668,0.0373197,0.0571805,0.138014,0.116265,0.029824,0.280349,0.131919,0.0493713
0.101268,0.103879,0.0579605,0.0302711,0.20448,0.186351,0.0140299,0.155283,0.102629,0.0438491
0.110005,0.0890701,0.116938,0.0324247,0.132612,0.151161,0.0225959,0.0907708,0.220247,0.0341757
0.111114,0.12087,0.0721618,0.0333305,0.210172,0.143668,0.0235503,0.130418,0.0796634,0.0750521
0.0757056,0.10365,0.0456743,0.0233201,0.179258,0.192232,0.00600493,0.198209,0.11212,0.0638254
0.0678234,0.0995554,0.0478852,0.0295566,0.174131,0.112642,0.00677313,0.210124,0.202904,0.0486056
0.0633634,0.0950443,0.0995202,0.114185,0.106179,0.0976358,0.0442431,0.124466,0.163753,0.09161
0.0726749,0.0732869,0.124612,0.0988804,0.150411,0.141141,0.0465249,0.0770222,0.157866,0.0575803
0.086166,0.0998399,0.10305,0.120157,0.226659,0.065742,0.0752456,0.0666033,0.102842,0.0536952
0.0684818,0.125429,0.0890911,0.131912,0.135711,0.118118,0.0404469,0.102644,0.121995,0.0661721
0.0946536,0.0969791,0.0803741,0.107129,0.147961,0.0708117,0.075234,0.0946921,0.164386,0.067779
0.0765038,0.0812301,0.0930094,0.106056,0.16257,0.100207,0.0628867,0.136093,0.0915519,0.0898923
0.0559123,0.0753657,0.054057,0.11278,0.14077,0.161368,0.0298546,0.193092,0.0632391,0.113561
0.0911525,0.104545,0.0949062,0.100117,0.124477,0.149752,0.0288027,0.128232,0.104775,0.073242
0.0535211,0.109694,0.0373532,0.0492703,0.228127,0.0982524,0.0224135,0.288694,0.05391,0.0587648
0.0245055,0.0462866,0.0473053,0.097806,0.30454,0.0519693,0.0358145,0.279665,0.0557506,0.0563573
0.0117487,0.0288997,0.0461262,0.146286,0.584854,0.00827367,0.014626,0.0745779,0.0569726,0.027635
0.0172986,0.0565132,0.0406135,0.0861455,0.707587,0.0123116,0.00553286,0.0148401,0.0433891,0.0157685
0.00465524,0.0325675,0.0218087,0.0360415,0.851148,0.00900673,0.00196851,0.0180533,0.0193473,0.00540367
0.00509282,0.0437614,0.00398777,0.0687178,0.862209,0.00618324,0.00119996,0.00179434,0.00542074,0.00163328
0.00437963,0.0710181,0.00173021,0.131375,0.774567,0.0094079,0.00103388,0.00211361,0.00273078,0.00164441
0.00891646,0.111657,0.0146392,0.319863,0.440495,0.0117765,0.00770919,0.0274975,0.0310761,0.0263701
0.00670346,0.0229467,0.0715381,0.0784378,0.679559,0.0078771,0.00580736,0.0311005,0.0704329,0.0255971
0.0208975,0.0412302,0.330821,0.107988,0.135526,0.0264896,0.0178847,0.0713183,0.167002,0.0808427
0.0499356,0.0491849,0.288437,0.112544,0.167128,0.0464465,0.0316976,0.0676614,0.119149,0.0678153
0.0409113,0.0662296,0.220319,0.240119,0.0631534,0.0688633,0.035427,0.0953352,0.107972,0.0616705
0.0639869,0.0813564,0.136047,0.159155,0.175502,0.0692738,0.0433371,0.0656087,0.155744,0.0499899
0.0656182,0.0576032,0.132291,0.0740211,0.201405,0.103246,0.036353,0.0663651,0.230577,0.0325202
0.0639155,0.0446398,0.198612,0.0568456,0.230517,0.079425,0.0332865,0.0824453,0.173713,0.0366001
0.0452249,0.0786453,0.0508002,0.105109,0.231702,0.0896795,0.0101672,0.129982,0.240512,0.0181774
0.0479761,0.0353649,0.0804042,0.0399695,0.341014,0.0849011,0.00424386,0.0892413,0.266317,0.0105687
0.034329,0.0782107,0.0621742,0.193154,0.174722,0.134559,0.0299298,0.10248,0.159351,0.0310906
0.0285899,0.0769708,0.0544754,0.325248,0.051655,0.116227,0.0231087,0.125725,0.114852,0.0831482
0.0417153,0.090881,0.0631389,0.184164,0.094813,0.126671,0.0314116,0.13174,0.17263,0.0628347
0.025008,0.115006,0.045539,0.307199,0.0635665,0.105767,0.0195145,0.146878,0.108429,0.0630941
0.0523069,0.129246,0.0642084,0.164379,0.0716131,0.0926755,0.0513549,0.162281,0.124538,0.087397
0.0717978,0.108669,0.133739,0.0746752,0.0901423,0.0848838,0.0398164,0.134915,0.206538,0.0548244
0.0414865,0.0874956,0.136065,0.0536466,0.304735,0.0491921,0.0209478,0.103621,0.153673,0.0491364
0.0473721,0.0604857,0.14497,0.0588474,0.178071,0.155619,0.0143605,0.116244,0.0907092,0.13332
0.0307083,0.0531842,0.0525704,0.0985418,0.40566,0.0684441,0.0088891,0.122801,0.0638663,0.0953348
0.00204614,0.0387659,0.00258605,0.0409614,0.828127,0.0324305,0.000719015,0.0472829,0.00259035,0.00449129
0.00167052,0.0220168,0.00257174,0.0318177,0.907623,0.0170456,0.000806351,0.0130257,0.00120534,0.00221723
0.00160507,0.0587524,0.00229788,0.0575269,0.786989,0.052671,0.00161475,0.0343554,0.00156794,0.00261925
0.000147969,0.0151871,0.000389872,0.0104547,0.936923,0.011369,0.000144694,0.0248063,0.000329024,0.0002483
0.00462159,0.0966252,0.00932105,0.0272132,0.421631,0.147993,0.00110587,0.263251,0.0248623,0.00337613
0.050086,0.0706545,0.0750482,0.0477784,0.583311,0.0281501,0.0165573,0.0723343,0.0500455,0.00603481
0.0516365,0.122258,0.0762362,0.0633634,0.23704,0.131108,0.0159125,0.176421,0.105276,0.0207481
0.0853388,0.138521,0.0709029,0.0882782,0.203167,0.182662,0.0218061,0.0921847,0.0921438,0.0249959
0.0775541,0.0907058,0.116108,0.171175,0.117315,0.0803686,0.0591607,0.0732474,0.145764,0.0686014
0.0265908,0.0301071,0.0756866,0.0660178,0.421985,0.0623535,0.0370567,0.128355,0.0875589,0.064289
0.0401932,0.0250658,0.111662,0.123388,0.330093,0.03901,0.0551373,0.100851,0.0991216,0.0754788
0.103884,0.0697286,0.116466,0.115552,0.30456,0.036466,0.0560417,0.0313654,0.125248,0.0406885
0.0699136,0.0664965,0.111831,0.12748,0.136977,0.0536869,0.0830964,0.100538,0.193694,0.0562864
0.0329908,0.0512788,0.0784921,0.180854,0.327419,0.0125097,0.0651961,0.068473,0.161955,0.0208318
0.012284,0.0304247,0.0448234,0.508848,0.146087,0.0377794,0.0219071,0.0604271,0.104166,0.0332531
0.0146077,0.051294,0.0221878,0.330095,0.331978,0.00508753,0.0197186,0.0475424,0.158653,0.0188357
0.027781,0.0190708,0.0657875,0.0888327,0.641337,0.0153124,0.0124194,0.0508482,0.0606103,0.0180007
0.00434041,0.00930297,0.00594279,0.00876906,0.946464,0.00024468,0.00113612,0.00190992,0.0205039,0.0013865
0.0130004,0.023115,0.060426,0.0641266,0.605679,0.00335308,0.00396004,0.00906535,0.197018,0.0202571
0.0186456,0.0704066,0.0204349,0.0494516,0.750039,0.00263912,0.00336929,0.00895105,0.065521,0.0105422
0.0327192,0.0905662,0.019359,0.100596,0.636794,0.0019583,0.0131067,0.0117853,0.0808605,0.012254
0.00538434,0.0417654,0.00591994,0.0264239,0.899681,0.00106705,0.00131479,0.00380254,0.0134162,0.00122467
0.00302783,0.0163523,0.00563204,0.0142341,0.937589,0.000719051,0.00228557,0.00641967,0.0130536,0.000686293
6.95537e-05,0.00223342,0.000666536,0.00191115,0.98217,0.000386911,6.35882e-05,0.011524,0.000825768,0.000148696
0.000185162,0.00421172,0.00139853,0.00365166,0.977747,0.000819803,0.000103441,0.0100899,0.00139796,0.000394867
2.42313e-05,0.00184037,0.000911704,0.00133855,0.989908,0.000442676,2.23749e-05,0.00500057,0.000415425,9.60797e-05
0.000715086,0.0172513,0.00660678,0.0391464,0.901856,0.00284685,0.00172016,0.0199814,0.00714302,0.00273336
0.00231079,0.029682,0.00703003,0.0554292,0.849826,0.0148677,0.0028714,0.0269927,0.00652414,0.00446557
0.0548643,0.105749,0.0421839,0.164994,0.42933,0.0541118,0.0444917,0.0397732,0.0355674,0.0289338
0.0188259,0.0602019,0.0164163,0.125429,0.695414,0.0297319,0.00510738,0.0101595,0.015095,0.0236191
0.0784551,0.0917028,0.067673,0.116534,0.382198,0.113982,0.0117932,0.0331106,0.0414697,0.0630815
0.0731646,0.0632407,0.0664531,0.0878571,0.307213,0.193541,0.0160923,0.0506203,0.0487867,0.093031
0.0270369,0.0323234,0.174867,0.0736343,0.155143,0.0905929,0.02582,0.142991,0.168512,0.10908
0.0449213,0.0533588,0.119396,0.0946113,0.110884,0.169972,0.0174279,0.113437,0.0845163,0.191475
0.108766,0.0842389,0.134865,0.111945,0.0990322,0.0992956,0.0680841,0.0862939,0.135973,0.0715055
0.133872,0.1069,0.134964,0.105976,0.0643471,0.101341,0.0650621,0.110809,0.106402,0.0703258
0.0123491,0.0315152,0.0237638,0.0462716,0.659029,0.0260363,0.0154726,0.120525,0.0400913,0.0249465
0.0383856,0.0865658,0.0970635,0.0814154,0.344508,0.079216,0.0116734,0.134652,0.0447903,0.0817298
0.101736,0.0975055,0.0769706,0.0395962,0.186983,0.123414,0.024992,0.190193,0.0668555,0.0917547
0.0681256,0.104967,0.0711114,0.0406215,0.16373,0.0724359,0.0174776,0.18231,0.219122,0.0600985
0.0120802,0.0272547,0.1091,0.0917447,0.356939,0.0217459,0.0187762,0.104964,0.196378,0.0610178
0.029804,0.0673887,0.100104,0.0556,0.120244,0.145601,0.0258992,0.142878,0.235112,0.0773689
0.0488004,0.0726534,0.0793883,0.0467038,0.249666,0.0644278,0.0273282,0.146538,0.226355,0.0381401
0.0529513,0.0963279,0.0819946,0.0759568,0.228316,0.105684,0.0259432,0.115762,0.145007,0.0720563
0.0664806,0.101891,0.0917568,0.140784,0.120448,0.122351,0.0319517,0.106916,0.114605,0.102817
0.12199,0.171256,0.0774005,0.138431,0.084814,0.0798259,0.0239911,0.116107,0.124332,0.0618535
0.093826,0.132737,0.0777674,0.236645,0.0944742,0.0609151,0.0168111,0.179187,0.0557843,0.0518531
0.0807002,0.121196,0.0404146,0.126673,0.103788,0.0706138,0.0197401,0.271761,0.127657,0.0374573
0.0417222,0.0956711,0.0183925,0.0975509,0.0883399,0.0932071,0.0154766,0.301642,0.217468,0.0305291
0.042066,0.0822975,0.029269,0.0457649,0.312416,0.0823641,0.0132385,0.130905,0.237126,0.0245524
0.044361,0.0739904,0.0516698,0.0385231,0.394374,0.0700257,0.0121539,0.0651284,0.231476,0.0182975
0.0310975,0.104973,0.0432234,0.11117,0.413849,0.0661997,0.0228409,0.0621655,0.124855,0.0196261
0.0497305,0.0513959,0.0601797,0.0234171,0.529711,0.0521448,0.0206322,0.0903474,0.1019,0.0205419
0.0573887,0.0573113,0.116975,0.0809012,0.27234,0.101687,0.0341736,0.0786928,0.137371,0.0631596
0.0596536,0.0745618,0.102608,0.167422,0.173991,0.0926482,0.056573,0.0750041,0.0833902,0.114148
0.114327,0.0526644,0.0912177,0.151815,0.163451,0.147582,0.06856,0.0440154,0.0927496,0.0736176
0.153547,0.0494859,0.0759473,0.142985,0.213111,0.0774326,0.0668363,0.0484368,0.147941,0.0242775
0.0959473,0.0498875,0.087991,0.15822,0.261653,0.0693577,0.045417,0.080682,0.127268,0.0235771
0.0627918,0.0617767,0.113957,0.123735,0.27089,0.0359092,0.0538505,0.0940817,0.149426,0.033583
0.0419766,0.0589614,0.0731167,0.18837,0.292101,0.0271294,0.0722018,0.0578148,0.171699,0.0166295
0.060912,0.0559992,0.0818028,0.156182,0.292106,0.0411175,0.0354542,0.0496215,0.192292,0.0345121
0.0803246,0.038602,0.100521,0.110038,0.383262,0.0548471,0.015168,0.0498954,0.129969,0.0373727
0.0549458,0.0363019,0.104152,0.113946,0.380311,0.0584934,0.00966625,0.0507773,0.157614,0.0337931
0.0419606,0.0291922,0.0423516,0.0553534,0.676198,0.0161427,0.00664913,0.0216073,0.09796,0.0125846
0.0131783,0.0171411,0.0161274,0.0231681,0.834435,0.00202907,0.00499254,0.0125985,0.0728465,0.0034832
0.0300053,0.0774753,0.0832622,0.0664017,0.550079,0.0170709,0.0271445,0.0535985,0.0806436,0.014319
0.0664089,0.170296,0.0612834,0.149348,0.225541,0.0899147,0.0247378,0.060822,0.128202,0.0234466
0.0117414,0.202178,0.018905,0.465523,0.0441006,0.115225,0.00385608,0.0329624,0.0863364,0.0191727
0.0163634,0.159238,0.0390487,0.391535,0.0607486,0.0825968,0.00896368,0.077493,0.113206,0.0508072
0.0379558,0.0840401,0.0483576,0.156405,0.12469,0.0848496,0.0251402,0.0946193,0.303863,0.04008
0.0372052,0.110292,0.0393108,0.219032,0.0882849,0.0888356,0.0324813,0.0961475,0.24027,0.0481405
0.0102862,0.0920096,0.0385283,0.114827,0.310895,0.0354018,0.010694,0.109052,0.253012,0.0252942
0.0119646,0.0288531,0.0232771,0.0146215,0.548124,0.0209071,0.0125272,0.0786398,0.254051,0.00703425
0.0399858,0.048402,0.0799297,0.0744276,0.332207,0.0557149,0.054567,0.0700458,0.222034,0.0226864
0.0622231,0.0704595,0.0828764,0.0858558,0.223352,0.0613934,0.071823,0.109918,0.181733,0.050365
0.0378514,0.0496449,0.0747624,0.133528,0.28488,0.034336,0.0699356,0.110084,0.132625,0.0723523
0.0659139,0.0745805,0.0730797,0.178748,0.192155,0.0425104,0.0691968,0.11096,0.113689,0.0791665
0.0675443,0.0677883,0.0808943,0.130558,0.188082,0.0475991,0.0836772,0.100571,0.14736,0.085925
0.0351372,0.0709412,0.0231492,0.086396,0.264901,0.0464451,0.0315204,0.211798,0.191562,0.0381493
0.0512015,0.0936261,0.0339415,0.0827458,0.174302,0.07933,0.0342072,0.185795,0.228768,0.0360831
0.0151593,0.0845494,0.0324758,0.040999,0.369897,0.0644993,0.0154715,0.234994,0.110864,0.0310903
0.0186336,0.0803574,0.0254543,0.111627,0.434995,0.0453982,0.0262658,0.178395,0.0516478,0.0272258
0.0510711,0.0869197,0.0489185,0.10591,0.411633,0.0410813,0.0384888,0.0909557,0.10236,0.0226621
0.0366325,0.0710736,0.05495,0.14396,0.291384,0.13687,0.0325279,0.119848,0.0459634,0.0667898
0.0759226,0.10129,0.0749552,0.23057,0.139549,0.164677,0.03361,0.0631827,0.0600468,0.0561971
0.124193,0.032991,0.08605,0.108801,0.315555,0.0944443,0.0566068,0.0406105,0.11231,0.0284388
0.109243,0.0343631,0.138713,0.0875771,0.293408,0.0610985,0.0484114,0.0396561,0.158109,0.0294213
0.0963929,0.0364861,0.119838,0.125152,0.235172,0.0749084,0.0587559,0.0419544,0.165028,0.0463115
0.0568548,0.0370068,0.154015,0.133307,0.130812,0.100929,0.0718935,0.0777851,0.132414,0.104983
0.0216115,0.0400202,0.124707,0.142754,0.207854,0.026502,0.0506357,0.129074,0.198381,0.0584616
0.0365003,0.0712743,0.103163,0.194731,0.174214,0.0437923,0.0295702,0.0922765,0.191015,0.0634641
0.0266109,0.0498947,0.0795032,0.0903314,0.560094,0.0134967,0.0216762,0.0407997,0.104994,0.0125999
0.00398751,0.0347306,0.0159158,0.0266408,0.817869,0.00831607,0.0041246,0.0645742,0.0191917,0.00464946
0.000533079,0.00932932,0.00244901,0.0178112,0.939608,0.00526702,0.000572645,0.0214592,0.00206786,0.000902992
0.000167195,0.0082555,0.000597154,0.0131466,0.961734,0.00648216,0.000273843,0.00847153,0.000518471,0.000353761
0.000255301,0.0109186,0.000496981,0.0205031,0.952647,0.00822785,0.000467561,0.00561075,0.000477545,0.000395655
0.000696739,0.0110082,0.00384971,0.0281602,0.926446,0.004338,0.00306399,0.0158412,0.00530817,0.00128757
0.000928447,0.0115184,0.0055255,0.0246042,0.920161,0.00372155,0.00180642,0.0228836,0.00687494,0.00197549
0.00523446,0.0377843,0.0271928,0.0263648,0.771433,0.0237692,0.00477758,0.0747506,0.0205168,0.00817654
0.00235073,0.0250629,0.0140107,0.04504,0.751484,0.0170502,0.00307003,0.120241,0.0176351,0.00405542
0.00361489,0.0436046,0.0224055,0.0799873,0.409868,0.0463271,0.00546411,0.335546,0.0408861,0.0122965
0.013849,0.0804413,0.045586,0.0570865,0.437356,0.127666,0.0126866,0.17031,0.0366476,0.0183708
0.0158988,0.0962517,0.0326628,0.197212,0.466907,0.0790103,0.015767,0.0486585,0.0347421,0.0128895
0.0324407,0.114316,0.0758252,0.0967453,0.392409,0.0688702,0.0177238,0.0824238,0.100023,0.0192224
0.0365014,0.0517159,0.0515803,0.0888515,0.644848,0.0143765,0.02776,0.0221838,0.0552053,0.0069774
0.00615295,0.0193569,0.00994417,0.0919163,0.804808,0.000769881,0.0145442,0.00787184,0.0438366,0.000799561
0.00339706,0.0254142,0.00923003,0.0165943,0.921021,0.00100937,0.00204249,0.00324366,0.0173011,0.000747255
0.000289278,0.00290519,0.00196047,0.00199959,0.98797,8.37104e-05,0.000395306,0.00109519,0.00323009,7.09203e-05
0.000984803,0.00794398,0.00266047,0.00534015,0.968172,0.000667589,0.00128673,0.00527211,0.00705649,0.000615491
0.0357787,0.0360381,0.103415,0.0985347,0.332072,0.0351143,0.0654543,0.0503793,0.211329,0.0318838
0.0456075,0.0832845,0.106271,0.268288,0.194561,0.0346689,0.0501428,0.0488998,0.150636,0.0176407
0.0334399,0.0481285,0.079291,0.286819,0.112936,0.0204247,0.0416752,0.037379,0.286618,0.0532891
0.0323318,0.0221243,0.398421,0.155643,0.124157,0.0396548,0.0189966,0.0433144,0.123387,0.0419703
0.0516218,0.0547642,0.220215,0.139768,0.0978576,0.0964845,0.0238849,0.0440062,0.186626,0.0847719
0.0358182,0.0889633,0.106192,0.0765412,0.227042,0.134812,0.0185464,0.144309,0.0855488,0.0822276
0.0254837,0.0566677,0.109655,0.0759554,0.263894,0.0982692,0.0315906,0.12547,0.136285,0.0767298
0.0546383,0.127866,0.0822586,0.0798257,0.137456,0.0708441,0.0365761,0.148922,0.166878,0.0947349
0.0328793,0.0840087,0.105933,0.178033,0.188508,0.0453677,0.0468158,0.125922,0.150763,0.0417682
0.0538107,0.0529133,0.0710943,0.105667,0.398188,0.0386303,0.0506657,0.072673,0.143258,0.0130994
0.0708307,0.0746161,0.0786165,0.0709743,0.349537,0.071056,0.0401339,0.11909,0.112266,0.0128798
0.0748369,0.0712317,0.113783,0.042673,0.398811,0.0842267,0.0316045,0.107759,0.0669327,0.0081421
0.0348114,0.0960602,0.0626171,0.0528315,0.517497,0.0563607,0.0217658,0.084736,0.0515971,0.0217229
0.0137092,0.0803289,0.0151896,0.0794897,0.654921,0.0661317,0.011834,0.0514924,0.015458,0.0114452
0.0252198,0.112689,0.0210402,0.207096,0.410804,0.0687702,0.0217406,0.0820323,0.0200743,0.0305333
0.0364893,0.182379,0.0156839,0.259218,0.253425,0.176006,0.0153276,0.0236153,0.00933419,0.0285219
0.0313408,0.108711,0.0187465,0.198682,0.455151,0.122728,0.0122642,0.0141073,0.0164501,0.0218179
0.061801,0.114981,0.0637305,0.186056,0.314617,0.053744,0.0249975,0.0377122,0.104405,0.0379563
0.0432625,0.109501,0.0769119,0.0841975,0.402674,0.0765679,0.0174833,0.0634136,0.0797667,0.0462216
0.0334915,0.0392382,0.0355605,0.0361508,0.73398,0.00915219,0.00365691,0.00915878,0.0831442,0.0164668
0.0273056,0.0436609,0.0536656,0.0287391,0.729319,0.0112606,0.00857197,0.0178292,0.0673059,0.0123418
0.0347782,0.0673781,0.0242852,0.0793143,0.681089,0.019881,0.00940011,0.0199815,0.042041,0.0218521
0.00839813,0.032284,0.015012,0.0658183,0.789729,0.0276903,0.00200203,0.020325,0.0145622,0.0241786
0.00986504,0.0271809,0.028905,0.0939641,0.696797,0.0552787,0.00191832,0.027833,0.0266135,0.0316447
0.0458304,0.0614476,0.100236,0.136328,0.190402,0.233506,0.0109141,0.0612688,0.101057,0.0590107
0.0338609,0.0719805,0.0864753,0.26567,0.182838,0.178956,0.0100231,0.0369885,0.0733483,0.0598586
0.00944457,0.125801,0.0174989,0.22725,0.417539,0.138551,0.00257064,0.0214191,0.00833735,0.0315886
0.0416474,0.0799513,0.0932324,0.174648,0.259747,0.149438,0.0179036,0.0548799,0.0692021,0.0593496
0.0622378,0.0883763,0.100834,0.12851,0.278188,0.0405112,0.044413,0.0604415,0.127123,0.0693654
0.0689608,0.0881834,0.10923,0.0967386,0.190291,0.104008,0.0403661,0.0854489,0.117925,0.0988488
0.0543734,0.0528156,0.17552,0.105462,0.208323,0.0832651,0.0317091,0.115758,0.0913713,0.0814029
0.0827695,0.0830721,0.117162,0.148206,0.145418,0.0646017,0.0783268,0.091646,0.128944,0.0598539
0.045124,0.179125,0.0579202,0.156803,0.162569,0.0732923,0.0384302,0.109999,0.104751,0.071987
0.0409925,0.149132,0.0613981,0.0473559,0.400456,0.10044,0.0128652,0.0988818,0.0533455,0.0351332
0.00925744,0.110046,0.0108369,0.0779317,0.692531,0.0134701,0.0196357,0.0271759,0.0313378,0.00777744
0.0290521,0.106283,0.0485676,0.182776,0.238309,0.0897001,0.0314843,0.10682,0.143461,0.0235477
0.0708577,0.0771369,0.0802786,0.16994,0.126159,0.094868,0.048318,0.0841333,0.202443,0.0458648
