0,1,2,3,4,5,6,7,8,9
1,1,1,1,1,1,1,1,1,1
0.998426,1.00912,0.992914,1.00268,0.999145,0.991321,0.984916,0.983029,0.989452,1.00011
0.985825,0.997732,0.998305,0.998984,0.993011,1.00527,0.978171,0.980932,0.986932,1.00962
0.98548,0.994566,0.986972,0.977795,0.985587,1.03277,0.981199,0.979891,0.99166,1.0157
0.995723,1.00979,0.973323,0.996005,0.994188,1.0342,0.970013,0.986238,0.986967,1.03311
0.98977,1.01658,0.966535,0.997232,1.00729,1.01717,0.969594,0.993138,0.981914,1.02901
0.996554,1.02719,0.969819,0.997825,1.00914,1.01111,0.963788,1.00637,0.979582,1.01345
1.01931,1.0233,0.945347,1.01678,1.00467,1.00934,0.976316,1.00728,0.97425,1.01149
1.02205,1.01479,0.94136,1.01587,1.01045,1.01473,0.978548,1.013,0.977928,1.02464
1.02452,1.02239,0.951397,1.02159,1.00572,1.02862,0.963468,1.01565,0.976217,1.03419
1.02947,1.02465,0.967666,1.03941,1.00167,1.02584,0.949744,0.996809,0.980551,1.0111
1.03351,1.04129,0.970532,1.02473,1.00289,1.02913,0.941867,0.986609,0.996713,1.00513
1.05132,1.04391,0.973545,1.02578,1.00645,1.02789,0.946421,0.990785,1.00147,1.00303
1.04284,1.05228,0.949592,1.00877,1.00046,1.02969,0.93624,1.00025,1.00682,1.00276
1.03351,1.0534,0.95296,1.01673,0.993475,1.01729,0.944279,1.00033,1.00366,0.99115
1.04301,1.05356,0.951988,1.01769,0.990093,1.00573,0.952455,1.00339,1.01363,0.982032
1.06081,1.06589,0.96699,1.03627,0.980282,1.01511,0.952734,0.993484,1.01297,0.987268
1.05219,1.05709,0.960325,1.03683,1.00194,1.01885,0.945042,0.975526,1.01287,1.00087
1.03858,1.05293,0.966975,1.02299,1.0061,1.03102,0.936904,0.977948,1.03127,0.989
1.04941,1.05249,0.961347,1.01752,1.00354,1.03243,0.9327,0.969608,1.05052,0.987154
1.04176,1.04783,0.961029,1.03165,1.0107,1.04635,0.920238,0.971104,1.04419,1.00441
1.03745,1.03605,0.951673,1.03321,1.02218,1.04769,0.930054,0.981476,1.05484,0.990415
1.04504,1.03696,0.959141,1.04214,1.00755,1.05824,0.93538,0.989142,1.0451,0.988118
1.05484,1.03751,0.951242,1.04093,1.01314,1.07033,0.927801,0.995168,1.06074,0.995026
1.05222,1.0409,0.943129,1.05861,1.0049,1.0696,0.917031,1.00562,1.05997,0.991342
1.05848,1.04008,0.945044,1.06092,1.00553,1.07058,0.911973,0.999643,1.06826,0.997217
1.04973,1.0483,0.930214,1.07816,0.993816,1.06617,0.908645,1.00527,1.08816,1.00118
1.05303,1.05785,0.924405,1.07702,1.01698,1.06867,0.912474,0.999512,1.11227,0.994444
1.05769,1.05588,0.940424,1.067,1.01104,1.08254,0.903068,0.984472,1.12893,0.996942
1.08161,1.0355,0.933085,1.0675,1.03002,1.08196,0.922149,0.979578,1.12293,0.991394
1.08145,1.05349,0.924132,1.07582,1.02239,1.07131,0.92074,0.986195,1.1287,1.00821
1.08955,1.05798,0.920932,1.07417,1.01989,1.07601,0.930032,0.970391,1.1408,0.995913
1.10199,1.0598,0.916549,1.06743,1.00581,1.07578,0.937242,0.979406,1.1419,0.988331
1.10316,1.06871,0.909446,1.05673,1.00561,1.0641,0.928756,0.973893,1.14968,0.97153
1.10313,1.07221,0.904833,1.05725,1.01626,1.06206,0.940072,0.960362,1.15306,0.968309
1.09316,1.09593,0.909174,1.06071,1.01842,1.06242,0.949165,0.964766,1.17515,0.998795
1.10074,1.08728,0.923605,1.05421,1.00836,1.05374,0.956841,0.989706,1.17356,0.996497
1.09818,1.07679,0.929921,1.04577,1.01642,1.06057,0.948591,0.988197,1.18156,0.994047
1.08666,1.07353,0.942309,1.04043,1.01501,1.04716,0.954732,1.00496,1.19924,1.00837
1.06149,1.08903,0.938045,1.04364,1.01454,1.04336,0.955992,0.994882,1.21019,1.00235
1.08768,1.0929,0.938799,1.04796,1.00468,1.03708,0.963304,1.00758,1.2179,1.00873
1.08458,1.09865,0.924301,1.03938,1.0162,1.04319,0.965384,1.00744,1.23749,1.03579
1.07299,1.10952,0.943652,1.017,1.01716,1.04152,0.958247,1.00209,1.23173,1.03313
1.06434,1.10625,0.943187,1.01021,1.02595,1.03794,0.945719,0.988433,1.24942,1.03753
1.06749,1.1013,0.929478,1.01166,1.03423,1.05836,0.945173,0.982196,1.26062,1.02944
1.0637,1.09052,0.941245,1.00233,1.04923,1.08697,0.934818,0.971505,1.25716,1.02335
1.06807,1.09676,0.926657,1.0038,1.06832,1.09242,0.924299,0.977265,1.25196,1.01827
1.04925,1.11796,0.929208,1.01127,1.07238,1.10637,0.939319,0.985152,1.25464,1.01796
1.06627,1.10493,0.941326,1.00109,1.06231,1.10502,0.923793,0.997416,1.26771,1.01624
1.07056,1.08992,0.945814,0.998947,1.07377,1.1218,0.923849,0.990235,1.25814,1.03146
1.07061,1.10718,0.943948,0.996021,1.08227,1.10695,0.929017,0.996351,1.26289,1.02272
1.09645,1.11208,0.964795,1.01852,1.0888,1.09647,0.926324,0.997579,1.25622,1.04707
1.07593,1.11747,0.949339,1.01705,1.08992,1.10554,0.929737,0.991752,1.28086,1.03916
1.08864,1.12028,0.94258,1.01414,1.1003,1.10528,0.943545,1.00879,1.29031,1.04911
1.0908,1.12107,0.941865,1.01845,1.09646,1.11453,0.95262,1.01291,1.28281,1.04589
1.0859,1.12431,0.928132,1.01708,1.10009,1.10372,0.962432,1.03038,1.28423,1.03454
1.09056,1.12429,0.930724,1.00613,1.10286,1.09851,0.975305,1.03708,1.27709,1.03879
1.11604,1.1317,0.944137,1.00814,1.10415,1.09749,0.961082,1.03449,1.28165,1.02301
1.13097,1.13417,0.954129,1.0102,1.10629,1.10341,0.958761,1.0316,1.30992,1.03518
1.14236,1.12567,0.963119,1.02125,1.11327,1.10613,0.963139,1.03145,1.30976,1.04876
1.1448,1.14573,0.97021,1.05138,1.11913,1.1106,0.954028,1.03828,1.32139,1.0626
1.16647,1.15198,0.958419,1.04025,1.12172,1.11025,0.96639,1.02721,1.31272,1.08374
1.1716,1.15449,0.951402,1.0321,1.12244,1.11988,0.972785,1.02564,1.31242,1.07436
1.17495,1.13832,0.954204,1.01826,1.11951,1.11182,0.978931,1.00905,1.31059,1.07682
1.17312,1.13451,0.94694,1.00768,1.13631,1.11492,0.987766,0.996682,1.32433,1.06906
1.15416,1.13516,0.950087,1.01714,1.12848,1.10199,0.98066,0.983749,1.32599,1.07802
1.15586,1.1556,0.950665,1.04896,1.13383,1.0987,0.992714,0.991001,1.33753,1.0659
1.15852,1.16209,0.944499,1.03647,1.12651,1.09817,0.99081,0.987687,1.34319,1.06684
1.16259,1.1732,0.958131,1.02838,1.11107,1.10622,0.996238,0.993557,1.33406,1.09536
1.14632,1.17982,0.969516,1.02185,1.12061,1.10481,1.00074,1.01602,1.32883,1.09652
1.1318,1.1906,0.984577,1.02336,1.12985,1.09364,1.0144,1.0006,1.32794,1.09724
1.116,1.19279,0.985988,1.04338,1.13152,1.0888,1.00791,0.99447,1.33704,1.11271
1.12352,1.19006,1.00064,1.03749,1.13194,1.07924,0.989673,0.996306,1.33154,1.11382
1.11705,1.19417,1.00506,1.0446,1.12444,1.05776,1.01469,1.0089,1.32215,1.1183
1.13215,1.19616,1.01126,1.04992,1.12932,1.04778,1.00875,1.0048,1.30725,1.12651
1.16018,1.21083,1.01023,1.04634,1.1371,1.03449,1.00926,0.985587,1.30813,1.10737
1.16106,1.22558,1.01674,1.03958,1.14323,1.04422,1.01006,0.999115,1.31252,1.11657
1.16305,1.24255,1.01781,1.03379,1.16982,1.03195,1.02196,1.00027,1.29228,1.1323
1.15943,1.23883,1.01348,1.05622,1.15198,1.02841,1.01778,1.01769,1.28371,1.12319
1.17476,1.23217,1.01995,1.07553,1.16916,1.02643,1.02417,1.02849,1.30298,1.10948
1.17959,1.24692,1.01243,1.08895,1.17877,1.02982,1.02617,1.04035,1.29573,1.10043
1.16224,1.24217,1.01845,1.09488,1.18038,1.04436,1.02235,1.05569,1.3026,1.09542
1.16682,1.25341,1.03286,1.07629,1.19567,1.03103,1.02425,1.05589,1.29441,1.09799
1.17657,1.27782,1.03328,1.09247,1.20147,1.04872,1.02466,1.07254,1.27726,1.11295
1.20291,1.27776,1.0332,1.08879,1.19493,1.07075,1.01677,1.07571,1.29522,1.1315
1.20493,1.27172,1.03335,1.07597,1.17646,1.08414,1.02605,1.08467,1.29388,1.14427
1.1969,1.27888,1.01883,1.07659,1.17985,1.08155,1.03663,1.07024,1.29365,1.13929
1.19157,1.27703,1.01628,1.09164,1.19866,1.09091,1.05114,1.04873,1.29329,1.15086
1.20773,1.27423,1.03593,1.10449,1.19011,1.08614,1.04317,1.05216,1.3147,1.16911
1.21372,1.27422,1.04528,1.09682,1.18368,1.06717,1.04426,1.04607,1.30776,1.16927
1.22084,1.2762,1.04104,1.11043,1.17068,1.07019,1.0526,1.03393,1.33485,1.18784
1.22263,1.30641,1.03603,1.12166,1.16683,1.06212,1.0505,1.0222,1.33543,1.19544
1.22651,1.30792,1.03054,1.13029,1.16015,1.06565,1.05934,1.0118,1.34471,1.18698
1.23345,1.31239,1.03758,1.12575,1.17658,1.0658,1.07211,1.02682,1.37314,1.18631
1.22801,1.28893,1.02747,1.129,1.18864,1.07964,1.07588,1.03246,1.36515,1.19487
1.22203,1.29014,1.02627,1.13719,1.19425,1.06945,1.09261,1.02477,1.37767,1.18122
1.20778,1.28481,1.02079,1.14368,1.19562,1.06769,1.07945,1.01421,1.3865,1.18759
1.20513,1.28962,1.03293,1.15449,1.20156,1.05293,1.08112,0.997187,1.37871,1.18068
1.19591,1.27883,1.01753,1.1471,1.21568,1.05089,1.07145,0.994794,1.37158,1.2105
1.1966,1.28281,1.0098,1.14233,1.20811,1.06071,1.05732,1.00018,1.39654,1.20596
1.19507,1.2774,1.00975,1.15788,1.20305,1.05558,1.06645,0.997012,1.39059,1.18833
1.19461,1.29765,1.01096,1.14317,1.19035,1.04439,1.08086,0.994374,1.36263,1.19171
1.18443,1.30192,1.00805,1.15123,1.18717,1.01143,1.08884,0.993897,1.38785,1.20976
1.18188,1.31712,0.994702,1.16241,1.20872,1.01562,1.09147,0.980774,1.40699,1.2113
1.1846,1.30329,1.01717,1.1793,1.21029,1.01512,1.09273,0.97041,1.41504,1.21781
1.17618,1.28567,1.01439,1.18315,1.21807,1.01835,1.12497,0.979933,1.42766,1.22489
1.17993,1.29045,1.0211,1.18395,1.22882,1.0263,1.13395,0.985087,1.43312,1.20009
1.19476,1.30763,1.01667,1.18391,1.19751,1.02486,1.12979,0.977181,1.43722,1.20314
1.19264,1.30751,1.02865,1.1827,1.20307,1.02168,1.13629,0.981193,1.439,1.22915
1.18382,1.2784,1.02523,1.1905,1.20834,1.04499,1.13974,0.986637,1.44601,1.20574
1.18733,1.29053,1.03476,1.20122,1.20534,1.05796,1.14509,0.990505,1.43749,1.21145
1.19573,1.25974,1.04,1.21482,1.22596,1.05879,1.13484,0.998131,1.42905,1.22772
1.2155,1.26429,1.04011,1.21555,1.24488,1.06305,1.12674,0.996015,1.42202,1.22454
1.21958,1.24674,1.04174,1.21846,1.24961,1.07852,1.12849,0.996054,1.43661,1.21435
1.21288,1.2572,1.05079,1.20954,1.27135,1.05314,1.13766,1.00453,1.42322,1.20949
1.23269,1.26416,1.05388,1.22197,1.26801,1.0591,1.13539,0.98081,1.44432,1.23085
1.22206,1.26968,1.04588,1.22825,1.26279,1.0842,1.16432,0.996335,1.45412,1.22921
1.24135,1.28876,1.03838,1.24055,1.29481,1.08578,1.16036,0.992507,1.45662,1.24279
1.2401,1.32222,1.03876,1.24345,1.2963,1.08261,1.16728,0.976773,1.45811,1.26211
1.25134,1.32129,1.0483,1.25324,1.29763,1.08908,1.14705,0.989612,1.46118,1.26487
1.2426,1.31039,1.05747,1.26526,1.27323,1.09512,1.1357,0.980041,1.443,1.26891
1.23851,1.3164,1.0723,1.25929,1.26016,1.1004,1.15934,0.984372,1.43684,1.27292
1.2373,1.33176,1.08149,1.28061,1.23816,1.10999,1.16913,0.981095,1.43145,1.27235
1.22753,1.32303,1.10922,1.2628,1.26202,1.08423,1.17437,0.98242,1.41851,1.26
1.22195,1.32977,1.09022,1.28178,1.26428,1.08084,1.17789,1.00575,1.43174,1.28118
1.20992,1.34002,1.09667,1.28057,1.25676,1.09086,1.17857,1.01671,1.47446,1.27671
1.22361,1.35219,1.0878,1.29785,1.2687,1.07892,1.19963,1.02361,1.46173,1.26781
1.21736,1.38023,1.10193,1.31183,1.29559,1.08236,1.21045,1.0059,1.46006,1.25197
1.22305,1.37828,1.11473,1.30999,1.29906,1.07361,1.22706,1.01701,1.45422,1.24524
1.22784,1.37873,1.13274,1.30355,1.31086,1.07414,1.2295,1.02344,1.4392,1.25439
1.22653,1.36972,1.11382,1.29518,1.31166,1.07968,1.23124,1.01975,1.41448,1.24017
1.22623,1.37911,1.11821,1.30484,1.30708,1.07127,1.23266,1.0322,1.41865,1.24839
1.21495,1.39639,1.11959,1.29188,1.28846,1.0726,1.23871,1.03015,1.41842,1.23852
1.22864,1.38603,1.11739,1.26887,1.29549,1.06652,1.25452,1.01982,1.41942,1.26422
1.22393,1.38776,1.10479,1.25011,1.30891,1.07732,1.26587,1.01923,1.42048,1.29261
1.21668,1.38264,1.09408,1.24349,1.32585,1.0751,1.26115,1.03828,1.42587,1.29386
1.24836,1.36486,1.09016,1.25694,1.3121,1.0719,1.23874,1.05822,1.44031,1.29409
1.23168,1.36322,1.09335,1.26952,1.31974,1.08297,1.22471,1.05193,1.4443,1.29362
1.21701,1.35226,1.10295,1.27052,1.30304,1.0975,1.22779,1.05447,1.46197,1.28798
1.22081,1.35762,1.10385,1.2869,1.30998,1.10727,1.25068,1.06005,1.47797,1.29547
1.20804,1.33973,1.09323,1.28469,1.2947,1.12806,1.25176,1.05169,1.47352,1.29372
1.21574,1.3245,1.07368,1.29209,1.30927,1.1305,1.24861,1.03727,1.46678,1.28744
1.22773,1.3282,1.07343,1.29995,1.3114,1.13305,1.2462,1.01918,1.45425,1.28949
1.22071,1.33892,1.08434,1.28706,1.32584,1.11651,1.23763,1.0107,1.4571,1.29598
1.21983,1.34875,1.06215,1.26584,1.35436,1.10353,1.23327,1.03229,1.44784,1.29193
1.20076,1.35288,1.06964,1.27942,1.36008,1.09258,1.23655,1.04774,1.44676,1.30726
1.22247,1.34589,1.10553,1.28957,1.36935,1.09518,1.20742,1.03917,1.44139,1.32993
1.20744,1.37119,1.10206,1.30161,1.35736,1.08734,1.21497,1.04028,1.42323,1.34409
1.21472,1.36484,1.10061,1.31168,1.35624,1.09203,1.21563,1.02086,1.43143,1.36659
1.23729,1.37173,1.0964,1.30748,1.36747,1.09034,1.22017,1.01388,1.43103,1.34995
1.25077,1.36717,1.09928,1.30845,1.35256,1.11659,1.23257,1.02649,1.41635,1.35577
1.27428,1.34849,1.09866,1.31223,1.37297,1.08388,1.23627,1.03086,1.42226,1.36848
1.27163,1.34986,1.0939,1.30104,1.3829,1.08084,1.24199,1.03113,1.40422,1.37555
1.2755,1.3451,1.11059,1.30227,1.38576,1.0932,1.24563,1.02772,1.42002,1.37542
1.27088,1.34737,1.0978,1.30078,1.39268,1.09599,1.23513,1.03103,1.41941,1.37869
1.28622,1.33839,1.11132,1.28563,1.40193,1.09964,1.25261,1.02895,1.409,1.37215
1.30491,1.34213,1.09513,1.30397,1.40843,1.11555,1.24502,1.03805,1.38617,1.36625
1.29654,1.35445,1.09114,1.30633,1.41485,1.09157,1.24497,1.04269,1.38659,1.36047
1.27769,1.36015,1.09309,1.30087,1.39297,1.11441,1.25263,1.055,1.41973,1.36569
1.27464,1.36463,1.0822,1.31284,1.38549,1.10326,1.24984,1.07023,1.40594,1.37171
1.29097,1.3601,1.08015,1.31772,1.39792,1.12811,1.24693,1.07726,1.41377,1.37382
1.29649,1.3597,1.07968,1.30409,1.38043,1.12952,1.2459,1.07098,1.40149,1.369
1.29674,1.35105,1.09178,1.30586,1.35898,1.13667,1.25693,1.07223,1.393,1.39792
1.28861,1.35708,1.09428,1.29549,1.3416,1.14368,1.24149,1.07873,1.40015,1.3829
1.29423,1.35836,1.0976,1.28643,1.33122,1.13972,1.22107,1.06463,1.39355,1.38872
1.29969,1.34862,1.10746,1.26095,1.32477,1.14291,1.2192,1.06824,1.40132,1.40067
1.30822,1.35405,1.12247,1.25058,1.35829,1.12794,1.23947,1.0766,1.39315,1.42225
1.29536,1.33278,1.12499,1.24795,1.38176,1.13104,1.22452,1.07327,1.39838,1.4519
1.30853,1.33466,1.12465,1.26385,1.38249,1.13878,1.22536,1.06655,1.42524,1.44589
1.30317,1.34078,1.14007,1.26453,1.38856,1.13362,1.20916,1.05965,1.40178,1.4952
1.30709,1.3549,1.13481,1.22536,1.38942,1.13659,1.21175,1.05931,1.40991,1.49541
1.32276,1.36807,1.1356,1.20758,1.38966,1.13569,1.18411,1.05586,1.43836,1.48501
1.33703,1.37467,1.12073,1.21197,1.39414,1.12282,1.18603,1.0692,1.43722,1.47032
1.32856,1.3715,1.11959,1.21722,1.3641,1.13565,1.19893,1.08825,1.45092,1.46936
1.32181,1.37208,1.13055,1.23448,1.36057,1.12757,1.21596,1.08996,1.44517,1.47026
1.34586,1.37201,1.13549,1.23671,1.36953,1.12804,1.23968,1.08625,1.45031,1.44413
1.33028,1.38798,1.12321,1.23725,1.34454,1.13243,1.2434,1.08301,1.44151,1.43942
1.3218,1.37658,1.1367,1.2316,1.33049,1.14876,1.23231,1.08329,1.44654,1.44134
1.33965,1.40294,1.15063,1.22853,1.34271,1.14767,1.24608,1.08771,1.42719,1.45559
1.33351,1.40167,1.14523,1.22635,1.33748,1.15532,1.2519,1.07065,1.4336,1.44917
1.334,1.3861,1.15243,1.21244,1.32525,1.1667,1.26374,1.07745,1.41937,1.46249
1.32467,1.38829,1.15327,1.21786,1.33364,1.16507,1.25338,1.08456,1.40496,1.46944
1.32745,1.37788,1.15654,1.2269,1.35151,1.16107,1.2478,1.07782,1.39809,1.45237
1.32739,1.38279,1.15836,1.23384,1.33848,1.16728,1.24657,1.0851,1.39413,1.45558
1.33405,1.39087,1.17253,1.24346,1.35453,1.15578,1.24848,1.10315,1.37126,1.45645
1.36647,1.39273,1.18744,1.22849,1.34896,1.1741,1.22728,1.1148,1.36375,1.46463
1.34966,1.39346,1.18823,1.24455,1.33448,1.1851,1.2473,1.11229,1.36476,1.45178
1.35558,1.42064,1.19251,1.24785,1.34082,1.18885,1.26189,1.13033,1.36382,1.46848
1.37444,1.4179,1.19103,1.2421,1.34213,1.17281,1.26569,1.13885,1.38048,1.47934
1.35232,1.41908,1.18006,1.26054,1.31706,1.17207,1.24754,1.13449,1.38426,1.45881
1.33749,1.41782,1.16226,1.26536,1.32698,1.19366,1.23862,1.12469,1.36959,1.45741
1.34467,1.43187,1.16315,1.27923,1.33333,1.21221,1.2427,1.10305,1.34884,1.45821
1.34219,1.4052,1.16752,1.26129,1.31782,1.23183,1.20698,1.10092,1.33557,1.47179
1.35686,1.3946,1.17891,1.25194,1.31787,1.22945,1.21165,1.0968,1.33948,1.46646
1.35451,1.41193,1.14661,1.26259,1.31294,1.22969,1.19696,1.09828,1.34913,1.4314
1.34823,1.42288,1.16838,1.27132,1.32154,1.21651,1.19818,1.12074,1.35013,1.42619
1.35889,1.41822,1.1851,1.27966,1.29674,1.21905,1.2091,1.12766,1.36101,1.42143
1.35157,1.42524,1.18067,1.27444,1.30068,1.23424,1.22405,1.11944,1.38803,1.42245
1.35683,1.41666,1.1824,1.27119,1.3269,1.25017,1.21062,1.12117,1.39459,1.42108
1.36694,1.42031,1.18433,1.27521,1.33636,1.22957,1.20606,1.10055,1.41261,1.40898
1.37669,1.41775,1.18994,1.28679,1.34699,1.21103,1.21234,1.10034,1.41027,1.41221
1.39172,1.42808,1.20546,1.27728,1.34798,1.21331,1.20549,1.10181,1.45846,1.40743
1.39568,1.42971,1.19289,1.28787,1.34193,1.19642,1.21192,1.11745,1.47463,1.4127
1.39416,1.42903,1.2064,1.31089,1.36558,1.19124,1.22354,1.12174,1.49327,1.40496
1.39652,1.44371,1.18424,1.30546,1.375,1.19445,1.22442,1.11709,1.51106,1.39608
1.40858,1.46251,1.2041,1.31968,1.38403,1.19287,1.19685,1.10056,1.55776,1.39215
1.41862,1.47275,1.19429,1.30841,1.38411,1.18657,1.18325,1.09512,1.55027,1.40707
1.41175,1.49472,1.19693,1.28875,1.37864,1.19851,1.17213,1.0762,1.55311,1.42104
1.43598,1.51117,1.17309,1.30365,1.38473,1.18186,1.14586,1.08111,1.53154,1.41767
1.44616,1.50981,1.17737,1.30592,1.40331,1.16099,1.15069,1.06939,1.53781,1.41026
1.45016,1.50079,1.17568,1.30309,1.39142,1.15715,1.15395,1.06121,1.53847,1.42035
1.46067,1.52135,1.17463,1.33671,1.3703,1.17749,1.14324,1.03549,1.54237,1.4201
1.44863,1.51313,1.18727,1.33525,1.38073,1.19576,1.1542,1.02802,1.56816,1.40829
1.44074,1.51017,1.18099,1.32242,1.39795,1.17972,1.16143,1.02683,1.56238,1.41921
1.46208,1.52631,1.18378,1.3395,1.40332,1.1811,1.14816,1.01157,1.56518,1.40662
1.4628,1.5437,1.1747,1.35595,1.40812,1.18465,1.13663,1.01983,1.57324,1.40403
1.45475,1.54779,1.1829,1.37437,1.40419,1.18544,1.1333,1.01522,1.60114,1.39479
1.46854,1.53806,1.17594,1.37058,1.38711,1.18068,1.1237,1.0129,1.59981,1.38819
1.45578,1.56525,1.17625,1.37947,1.38734,1.17807,1.14423,1.03256,1.59706,1.37083
1.45611,1.57294,1.16704,1.39128,1.3635,1.1848,1.15268,1.00875,1.59113,1.3854
1.44127,1.56488,1.16856,1.38919,1.34329,1.16142,1.16265,1.02722,1.61492,1.37973
1.44518,1.56872,1.16661,1.37548,1.35512,1.1672,1.17284,1.01662,1.63371,1.39302
1.43648,1.60736,1.17005,1.37609,1.36106,1.15667,1.14854,1.01083,1.65381,1.38152
1.39376,1.63628,1.16496,1.3908,1.36514,1.16254,1.14013,1.01129,1.67081,1.36172
1.39289,1.65701,1.15778,1.40528,1.35705,1.16282,1.1294,1.02131,1.64243,1.35886
1.40099,1.61223,1.1612,1.40684,1.37122,1.14968,1.11722,1.02159,1.63971,1.36293
1.41089,1.57634,1.15412,1.40816,1.36487,1.13947,1.12906,1.01601,1.63962,1.3915
1.41887,1.56114,1.1489,1.41098,1.35895,1.15008,1.1241,1.03041,1.62094,1.40267
1.40552,1.55643,1.161,1.39274,1.36866,1.15739,1.10329,1.01613,1.64112,1.40971
1.41262,1.5719,1.14854,1.40529,1.3622,1.16858,1.1161,1.00621,1.64233,1.37961
1.41178,1.56098,1.15648,1.40086,1.37387,1.17136,1.10462,1.01602,1.64749,1.37062
1.4128,1.56332,1.15144,1.38827,1.38301,1.17918,1.11403,1.03107,1.62003,1.39636
1.42133,1.56117,1.16646,1.39322,1.37985,1.19314,1.09641,1.03522,1.65423,1.39197
1.42412,1.57259,1.12877,1.3936,1.39042,1.19522,1.09931,1.01809,1.63399,1.40805
1.40802,1.60103,1.12518,1.38881,1.41048,1.19771,1.1049,1.01881,1.6568,1.39707
1.40143,1.61119,1.12576,1.39463,1.40491,1.18244,1.10942,1.01979,1.66928,1.40159
1.41538,1.60957,1.15061,1.4135,1.41373,1.18401,1.09335,1.01433,1.67514,1.3806
1.41678,1.61047,1.14054,1.43506,1.43746,1.18615,1.10654,1.02527,1.68251,1.38703
1.40409,1.59881,1.13182,1.45179,1.42748,1.1596,1.10122,1.01921,1.69975,1.37416
1.40794,1.61808,1.14496,1.44596,1.4339,1.1718,1.10046,1.02444,1.68506,1.38507
1.39796,1.59887,1.15046,1.44242,1.44171,1.16089,1.09564,1.03627,1.69991,1.38936
1.40082,1.59055,1.14674,1.46062,1.4351,1.14977,1.07734,1.02052,1.69007,1.42124
1.38807,1.5745,1.14615,1.48,1.43257,1.16378,1.06783,1.01463,1.70677,1.40562
1.38823,1.58217,1.15502,1.47612,1.44057,1.16541,1.08202,1.01576,1.71113,1.40907
1.4131,1.58796,1.13787,1.49516,1.45873,1.16479,1.08025,1.02247,1.70907,1.4238
1.39421,1.57266,1.14477,1.51118,1.48128,1.16947,1.07269,1.03087,1.70591,1.42846
1.37582,1.58222,1.14923,1.5204,1.46777,1.16284,1.08413,1.04281,1.7062,1.42586
1.36286,1.59491,1.15676,1.55073,1.46625,1.15875,1.07601,1.04794,1.72891,1.42472
1.3506,1.59819,1.16354,1.55456,1.47091,1.15645,1.08472,1.05738,1.7206,1.43495
1.33174,1.6166,1.1637,1.57621,1.47244,1.15448,1.08536,1.06389,1.71069,1.46149
1.31156,1.61699,1.16276,1.59618,1.48289,1.14909,1.11286,1.08537,1.73275,1.45932
1.31,1.60258,1.17358,1.58655,1.4773,1.15889,1.11168,1.07399,1.72033,1.45589
1.30329,1.62235,1.20363,1.59783,1.48815,1.15864,1.13367,1.06298,1.73159,1.43941
1.29687,1.61245,1.2062,1.59208,1.49834,1.16414,1.12369,1.06324,1.74433,1.40058
1.30239,1.61916,1.19879,1.61579,1.50364,1.16453,1.14029,1.08696,1.72772,1.41256
1.31355,1.64989,1.20696,1.64807,1.50445,1.15176,1.1359,1.08012,1.72509,1.41384
1.32378,1.65589,1.22851,1.62512,1.5454,1.15522,1.13912,1.09699,1.74062,1.43496
1.3241,1.69089,1.24891,1.61045,1.57312,1.15052,1.1423,1.0903,1.75689,1.41569
1.30983,1.70797,1.22785,1.59004,1.58238,1.16574,1.16237,1.09617,1.75168,1.40726
1.31344,1.7078,1.23342,1.55698,1.57211,1.15439,1.15891,1.09744,1.72879,1.41499
1.30496,1.72991,1.22603,1.54936,1.57416,1.15223,1.15894,1.07728,1.7188,1.39128
1.31821,1.74462,1.2258,1.57607,1.57161,1.18943,1.1438,1.07017,1.74491,1.38979
1.30203,1.75062,1.23095,1.5681,1.58917,1.19047,1.15332,1.06437,1.71583,1.38844
1.322,1.77463,1.24398,1.59392,1.61113,1.20281,1.15631,1.05162,1.72744,1.37955
1.31543,1.77612,1.24488,1.59889,1.64015,1.17374,1.14898,1.07177,1.74785,1.35347
1.31331,1.7913,1.24811,1.61018,1.68963,1.1835,1.14586,1.06103,1.73713,1.33779
1.30038,1.7621,1.23531,1.59556,1.72382,1.18438,1.15591,1.0438,1.73607,1.3574
1.29487,1.74344,1.25001,1.5834,1.73305,1.22286,1.1485,1.04386,1.74002,1.3679
1.29662,1.74491,1.25982,1.58355,1.73086,1.22049,1.13351,1.0408,1.73501,1.37971
1.29153,1.7671,1.26141,1.58501,1.7231,1.21426,1.13866,1.04416,1.73691,1.36139
1.2917,1.74708,1.27061,1.59834,1.69988,1.21956,1.14317,1.04507,1.75539,1.3701
1.28666,1.76175,1.27133,1.57046,1.71322,1.20828,1.14565,1.06119,1.73655,1.38582
1.25138,1.74486,1.29602,1.60558,1.71502,1.21074,1.13823,1.06264,1.75707,1.3935
1.23712,1.73799,1.29151,1.63144,1.70324,1.21,1.14046,1.06448,1.73585,1.39209
1.22385,1.73291,1.2791,1.61707,1.71076,1.22455,1.13883,1.07982,1.72821,1.39626
1.23967,1.73411,1.28323,1.61743,1.74284,1.22721,1.12673,1.06242,1.74417,1.3821
1.22895,1.74485,1.28627,1.6059,1.74938,1.23608,1.12119,1.06205,1.72556,1.38348
1.21405,1.72781,1.28567,1.60414,1.75386,1.23002,1.12208,1.05736,1.7298,1.35629
1.2115,1.66081,1.31206,1.61188,1.73279,1.23346,1.13572,1.06826,1.71171,1.33953
1.21528,1.63554,1.31984,1.58475,1.78075,1.2308,1.13628,1.06728,1.70196,1.31123
1.19857,1.63623,1.318,1.60439,1.78195,1.2218,1.14622,1.05415,1.70602,1.3235
1.20399,1.65336,1.33506,1.60485,1.7796,1.22748,1.1517,1.06694,1.71987,1.3295
1.20134,1.6619,1.34614,1.59949,1.81699,1.22151,1.15338,1.0627,1.71936,1.34931
1.21251,1.69036,1.32947,1.60004,1.8261,1.22082,1.16894,1.07014,1.69666,1.36822
1.22738,1.72591,1.32637,1.60947,1.81291,1.231,1.18129,1.0767,1.68982,1.39419
1.18643,1.74032,1.33718,1.61325,1.81109,1.21867,1.17692,1.07127,1.67349,1.40371
1.1927,1.74119,1.34958,1.62285,1.78881,1.21256,1.17327,1.08091,1.66379,1.41558
1.20868,1.76381,1.34079,1.6374,1.78682,1.22736,1.18068,1.06469,1.64246,1.41959
1.20334,1.77739,1.32485,1.64412,1.76986,1.22681,1.19795,1.08479,1.60686,1.42964
1.21628,1.76748,1.29899,1.63896,1.76781,1.23443,1.20117,1.07993,1.60394,1.40037
1.20074,1.76433,1.28122,1.63832,1.75845,1.2273,1.23247,1.07705,1.63217,1.40499
1.18728,1.76057,1.2758,1.63272,1.75275,1.22819,1.23381,1.09206,1.63079,1.42985
1.18774,1.79439,1.26951,1.6441,1.75092,1.22257,1.2277,1.10684,1.61528,1.42516
1.20089,1.82837,1.2612,1.65706,1.76252,1.24185,1.24698,1.10785,1.6003,1.41818
1.19604,1.82554,1.27381,1.65167,1.78504,1.23106,1.2383,1.09333,1.59713,1.41287
1.20487,1.85269,1.28005,1.63216,1.82541,1.2303,1.23887,1.09373,1.59401,1.428
1.21449,1.85486,1.27838,1.65206,1.81149,1.24024,1.22174,1.09386,1.58518,1.43892
1.20748,1.79677,1.29745,1.66241,1.85549,1.23248,1.22878,1.09261,1.60298,1.44711
1.18553,1.80436,1.30699,1.67499,1.83018,1.25758,1.2387,1.10396,1.63038,1.45088
1.19565,1.79586,1.29577,1.65894,1.8379,1.2801,1.24211,1.09704,1.60656,1.43646
1.20389,1.78768,1.30385,1.65651,1.85132,1.28303,1.23573,1.09547,1.6291,1.42547
1.20912,1.81252,1.28998,1.65782,1.85359,1.28249,1.23153,1.08038,1.58973,1.44488
1.21523,1.82398,1.31783,1.66579,1.83341,1.2832,1.23564,1.09089,1.59684,1.41584
1.19792,1.83591,1.33993,1.63478,1.82436,1.29543,1.22471,1.10556,1.60548,1.41025
1.21319,1.83741,1.3653,1.59178,1.8405,1.31192,1.23717,1.09444,1.57887,1.4163
1.22448,1.82667,1.37321,1.58191,1.82777,1.31537,1.22549,1.09115,1.58421,1.4077
1.22527,1.80279,1.3897,1.5842,1.81948,1.3054,1.22036,1.07004,1.58673,1.3931
1.2122,1.78466,1.39505,1.59244,1.81287,1.31519,1.21017,1.07748,1.61102,1.38347
1.21628,1.81022,1.39951,1.59672,1.80325,1.30433,1.21718,1.08614,1.62987,1.36216
1.24707,1.8369,1.39197,1.60683,1.79391,1.30692,1.21154,1.07318,1.64719,1.35528
1.23218,1.8393,1.36815,1.60481,1.77801,1.31505,1.24094,1.06969,1.67784,1.34953
1.23744,1.86285,1.38264,1.64254,1.77987,1.30084,1.24671,1.0759,1.68271,1.34944
1.21757,1.86747,1.3985,1.6503,1.79994,1.27129,1.25235,1.06758,1.70175,1.35083
1.23884,1.87515,1.40466,1.61834,1.80008,1.25898,1.24689,1.07457,1.68262,1.35603
1.24788,1.85376,1.39249,1.60099,1.79849,1.29033,1.25344,1.06419,1.70906,1.36517
1.235,1.86941,1.40115,1.59572,1.79169,1.28779,1.2698,1.07765,1.68676,1.35
1.23432,1.87296,1.39811,1.60899,1.78172,1.30845,1.28978,1.07842,1.71098,1.35161
1.23292,1.87811,1.40608,1.60725,1.78338,1.29178,1.29708,1.08287,1.7011,1.3398
1.22959,1.9332,1.43486,1.59168,1.78364,1.28259,1.29127,1.09315,1.70528,1.3288
1.26813,1.92286,1.4245,1.60072,1.76078,1.27216,1.30387,1.08805,1.70493,1.31479
1.25239,1.93128,1.45374,1.57963,1.75745,1.27338,1.29008,1.08175,1.6957,1.32014
1.25748,1.8916,1.47201,1.60613,1.74159,1.29697,1.29,1.08447,1.69784,1.30851
1.26421,1.87889,1.47546,1.63292,1.72003,1.2986,1.27138,1.09391,1.68474,1.31152
1.26286,1.88938,1.48425,1.63873,1.72718,1.33481,1.28264,1.10028,1.66132,1.31084
1.27161,1.88249,1.46365,1.63789,1.74574,1.3167,1.29358,1.0962,1.66486,1.30806
1.28483,1.87377,1.46791,1.6415,1.75537,1.30368,1.28426,1.09774,1.64344,1.29113
1.28055,1.85973,1.47648,1.64434,1.75019,1.30132,1.30571,1.09963,1.631,1.27958
1.29308,1.85533,1.44803,1.65304,1.75474,1.29407,1.30278,1.0984,1.63536,1.28646
1.30452,1.87024,1.44898,1.65976,1.77103,1.3069,1.29455,1.09167,1.63221,1.31422
1.29984,1.87305,1.45139,1.65712,1.75389,1.3151,1.28707,1.08581,1.65872,1.31933
1.28058,1.86731,1.44433,1.64019,1.75,1.31679,1.2855,1.11069,1.62986,1.30217
1.29275,1.88609,1.45073,1.61272,1.75581,1.33753,1.27993,1.12457,1.64375,1.32717
1.28927,1.90449,1.44397,1.6009,1.75296,1.33081,1.25215,1.1234,1.6397,1.3086
1.27806,1.88613,1.43524,1.57404,1.75347,1.35046,1.26446,1.11043,1.60488,1.31486
1.28426,1.88589,1.44748,1.59201,1.76779,1.3312,1.25092,1.1009,1.61855,1.34569
1.28654,1.90278,1.4559,1.60805,1.74468,1.32308,1.25629,1.10741,1.6362,1.35253
1.27822,1.91213,1.47169,1.63054,1.76319,1.34191,1.26009,1.10427,1.64682,1.34237
1.27522,1.93102,1.48172,1.6082,1.79065,1.35752,1.26248,1.09418,1.65162,1.32085
1.27497,1.92105,1.48307,1.60195,1.76938,1.36053,1.27757,1.08269,1.63845,1.3377
1.27364,1.91518,1.46345,1.58992,1.73927,1.37605,1.25932,1.08431,1.64026,1.32732
1.28136,1.91683,1.45948,1.5976,1.71611,1.37349,1.2644,1.09696,1.62559,1.32527
1.28703,1.92942,1.45866,1.61725,1.67985,1.39614,1.28713,1.09517,1.62533,1.32111
1.27416,1.96805,1.44743,1.64542,1.66278,1.38966,1.27524,1.08637,1.62606,1.31572
1.28774,1.93035,1.46335,1.65015,1.67781,1.38183,1.28064,1.07939,1.64466,1.32042
1.26608,1.93889,1.45293,1.66392,1.65256,1.38724,1.28286,1.08779,1.65694,1.3171
1.27905,1.95888,1.46813,1.64503,1.65861,1.38756,1.27627,1.09882,1.66353,1.34342
1.26501,1.96024,1.45083,1.65719,1.65404,1.39281,1.27338,1.10857,1.66823,1.33429
1.26085,1.98575,1.44606,1.66807,1.64983,1.41046,1.28978,1.07931,1.6816,1.34132
1.25912,1.97033,1.46262,1.64764,1.64099,1.40387,1.29875,1.06792,1.68892,1.34953
1.27678,1.94699,1.48105,1.67543,1.6277,1.43652,1.29072,1.08853,1.69725,1.35315
1.28339,1.94233,1.49956,1.67106,1.63501,1.44309,1.28043,1.11006,1.66187,1.37339
1.28221,1.94636,1.51029,1.70318,1.63848,1.45832,1.26479,1.11601,1.63122,1.37409
1.28774,1.96226,1.49696,1.71199,1.64724,1.45354,1.26309,1.1251,1.65635,1.40361
1.30636,1.95656,1.49603,1.73416,1.6422,1.45257,1.25687,1.12427,1.67016,1.40486
1.30772,1.9425,1.49285,1.71754,1.63736,1.45304,1.24583,1.1089,1.67442,1.42621
1.30377,1.94195,1.50257,1.72012,1.64336,1.47272,1.2431,1.11312,1.68458,1.43376
1.28767,1.9688,1.51128,1.75178,1.61617,1.46436,1.23335,1.12497,1.69075,1.42373
1.31093,1.97685,1.50314,1.74285,1.60155,1.4512,1.24198,1.13174,1.67871,1.4091
1.31024,1.9628,1.51578,1.76592,1.60583,1.49615,1.28196,1.12498,1.63807,1.42484
1.30549,1.98313,1.50193,1.7544,1.611,1.47084,1.30026,1.14676,1.64344,1.41147
1.30837,1.99285,1.48405,1.77709,1.59769,1.48216,1.28777,1.12904,1.6512,1.41255
1.30492,1.95954,1.5106,1.77863,1.58733,1.48254,1.2762,1.11777,1.67245,1.41276
1.27695,1.95445,1.54277,1.7912,1.59503,1.49171,1.27141,1.12819,1.69849,1.43141
1.28366,1.97795,1.52039,1.82012,1.58477,1.5033,1.27246,1.14394,1.7041,1.4418
1.27714,1.99718,1.49519,1.84075,1.59048,1.49741,1.28222,1.15703,1.70299,1.45136
1.27156,1.99532,1.49243,1.84529,1.59827,1.52141,1.28139,1.1611,1.69004,1.46455
1.27488,1.97728,1.49304,1.83737,1.57674,1.51525,1.27886,1.16517,1.68878,1.4723
1.2899,1.9784,1.48419,1.83439,1.56629,1.5082,1.2749,1.17007,1.71209,1.50561
1.31776,1.96454,1.4779,1.82825,1.58304,1.50353,1.2812,1.15863,1.73205,1.50614
1.32018,1.94688,1.48534,1.83773,1.57931,1.50488,1.29329,1.15638,1.7393,1.5245
1.3059,1.92345,1.52366,1.85858,1.56536,1.5218,1.31126,1.1649,1.7133,1.52738
1.30927,1.92292,1.52354,1.85809,1.58448,1.53442,1.32807,1.17789,1.70894,1.52841
1.30745,1.92764,1.5367,1.85137,1.6056,1.53036,1.31403,1.17714,1.69296,1.52553
1.31347,1.90179,1.55051,1.84762,1.60525,1.53586,1.29969,1.18289,1.68315,1.52827
1.32065,1.91132,1.54398,1.8352,1.60804,1.53824,1.31492,1.16855,1.67104,1.52719
1.31721,1.93349,1.52396,1.84312,1.61955,1.53469,1.30881,1.17808,1.67496,1.51864
1.29082,1.95932,1.53964,1.83478,1.61733,1.52515,1.29925,1.19705,1.69722,1.52071
1.28172,1.93508,1.54443,1.84572,1.62263,1.51711,1.27762,1.1922,1.6849,1.54223
1.28233,1.93523,1.52137,1.86339,1.63593,1.52812,1.27841,1.20833,1.70269,1.56516
1.28688,1.93864,1.5515,1.85097,1.59924,1.54189,1.28636,1.22443,1.69748,1.55429
1.29779,1.929,1.5614,1.84163,1.60377,1.55082,1.29036,1.20341,1.72843,1.54634
1.29338,1.90987,1.53566,1.84753,1.62481,1.5416,1.30976,1.20539,1.7448,1.53518
1.29095,1.94175,1.52246,1.83902,1.62416,1.55045,1.31675,1.20869,1.77267,1.54867
1.28856,1.94267,1.54282,1.84283,1.64621,1.57527,1.35314,1.19141,1.74561,1.53718
1.31246,1.95379,1.53785,1.83442,1.64924,1.57162,1.37495,1.21035,1.76915,1.52533
1.3199,1.99324,1.54545,1.8234,1.59614,1.58706,1.36256,1.23091,1.78401,1.5238
1.31564,1.97713,1.56867,1.82082,1.61364,1.58268,1.35038,1.23943,1.76789,1.50345
1.31636,1.96812,1.56954,1.82436,1.60952,1.59911,1.34702,1.2311,1.78098,1.46793
1.3174,1.9498,1.57735,1.79683,1.62896,1.61425,1.3418,1.25127,1.77889,1.47778
1.31578,1.95958,1.56828,1.79567,1.62903,1.60314,1.34458,1.26201,1.77068,1.4901
1.31809,1.99597,1.57655,1.78593,1.64255,1.59534,1.34354,1.2673,1.7578,1.4999
1.31649,1.98203,1.5909,1.79015,1.65181,1.57155,1.37627,1.26873,1.78455,1.50467
1.32113,1.99053,1.58433,1.77582,1.6236,1.56589,1.37214,1.26647,1.77805,1.50085
1.30932,2.01906,1.57837,1.791,1.61898,1.59838,1.37376,1.26051,1.76219,1.49991
1.32003,2.02162,1.58037,1.77107,1.61271,1.61746,1.34781,1.26204,1.76122,1.48813
1.31738,2.00941,1.56153,1.78242,1.60816,1.61394,1.32665,1.26545,1.74591,1.46846
1.3132,2.04265,1.56373,1.76412,1.58697,1.65454,1.33427,1.27265,1.77126,1.44718
1.32255,2.04774,1.54932,1.74931,1.57645,1.66903,1.33321,1.24752,1.77408,1.45135
1.32503,2.03065,1.53306,1.73406,1.58944,1.66575,1.34718,1.24813,1.74651,1.44098
1.327,2.02319,1.52984,1.7575,1.63075,1.65198,1.34768,1.23562,1.75112,1.43336
1.32589,2.01161,1.52027,1.72353,1.64604,1.63595,1.34885,1.23731,1.76417,1.43074
1.30242,2.01659,1.49082,1.73644,1.66252,1.63111,1.33926,1.23501,1.78321,1.42954
1.28136,1.99577,1.48473,1.75173,1.67489,1.61716,1.32877,1.26045,1.792,1.41924
1.29146,2.01275,1.51021,1.73484,1.65158,1.59878,1.31429,1.25507,1.80914,1.45474
1.29982,2.00707,1.5451,1.73447,1.64688,1.59885,1.31439,1.27185,1.80642,1.46286
1.28403,2.01731,1.5715,1.67825,1.65912,1.62211,1.32238,1.28028,1.80449,1.45826
1.2929,2.03618,1.6049,1.68276,1.65193,1.63595,1.31329,1.27811,1.83601,1.45118
1.28671,1.98986,1.58667,1.66223,1.64675,1.65003,1.3084,1.26842,1.86664,1.45643
1.29098,1.97545,1.59706,1.65754,1.64281,1.63495,1.32838,1.29369,1.80483,1.46069
1.30519,1.97655,1.60138,1.63859,1.62928,1.63437,1.31393,1.2907,1.80821,1.44645
1.29933,1.97889,1.59141,1.63904,1.63146,1.61647,1.30772,1.30415,1.76849,1.47049
1.28219,1.98414,1.56595,1.6485,1.62857,1.60679,1.28225,1.29466,1.78224,1.48286
1.29502,1.98687,1.54768,1.61947,1.65434,1.59714,1.3126,1.29375,1.76935,1.47008
1.29947,1.99123,1.5609,1.60379,1.66079,1.62043,1.32965,1.30081,1.77629,1.45705
1.33388,1.9695,1.56093,1.60418,1.64756,1.65151,1.31817,1.2866,1.76836,1.47348
1.34396,1.97794,1.5623,1.59888,1.63125,1.65365,1.33088,1.26731,1.77543,1.50714
1.35231,1.98524,1.56336,1.5919,1.62547,1.64309,1.33853,1.28402,1.79353,1.48808
1.35409,1.97316,1.58346,1.61749,1.62423,1.63966,1.3413,1.30484,1.7985,1.49716
1.33624,1.95351,1.58633,1.63932,1.61989,1.66898,1.35599,1.32032,1.77493,1.50099
1.3534,1.95222,1.59011,1.63236,1.64194,1.66342,1.3551,1.31998,1.75238,1.48719
1.34473,1.97644,1.57764,1.63444,1.65985,1.67019,1.36927,1.3279,1.73408,1.44741
1.36173,1.98641,1.56848,1.64168,1.67838,1.69874,1.37662,1.34066,1.73851,1.45867
1.34199,1.99019,1.54657,1.63639,1.66413,1.69953,1.3556,1.33033,1.7351,1.45738
1.35474,2.01915,1.55149,1.61661,1.68164,1.69011,1.36317,1.33446,1.76557,1.47101
1.36503,2.00754,1.52998,1.63913,1.66402,1.70299,1.37011,1.34623,1.75844,1.48042
1.35044,2.00535,1.51182,1.64316,1.64618,1.68718,1.36626,1.3665,1.76755,1.47225
1.34749,2.01093,1.52278,1.63961,1.65061,1.70273,1.37703,1.3572,1.77494,1.44867
1.37835,2.00388,1.54617,1.65217,1.65887,1.68127,1.37091,1.36309,1.76579,1.43804
1.38967,1.96545,1.55404,1.63676,1.66534,1.71849,1.36603,1.37757,1.78201,1.44131
1.39219,1.94255,1.53063,1.61742,1.6757,1.73398,1.35853,1.37121,1.79446,1.42906
1.37657,1.96366,1.51819,1.65067,1.68012,1.70641,1.37092,1.37643,1.81572,1.42978
1.38142,1.97608,1.50715,1.65152,1.69366,1.69055,1.34388,1.39216,1.78686,1.43556
1.35393,1.97039,1.51985,1.65285,1.68811,1.699,1.34998,1.38385,1.79567,1.44689
1.34111,1.97921,1.53041,1.66448,1.6781,1.69948,1.36788,1.36836,1.77805,1.46284
1.33635,2.0095,1.5371,1.692,1.68516,1.70032,1.35184,1.37934,1.77468,1.47505
1.34787,2.01592,1.54254,1.7046,1.70838,1.70457,1.35425,1.39715,1.74614,1.48254
1.36756,2.01154,1.54133,1.71668,1.69262,1.7295,1.35918,1.37437,1.77603,1.48698
1.37538,1.98949,1.55864,1.73237,1.69818,1.7278,1.36591,1.35622,1.79042,1.47428
1.37396,1.96901,1.55347,1.69694,1.70606,1.73735,1.38977,1.38749,1.79031,1.48572
1.37867,1.96597,1.58759,1.69501,1.7192,1.71514,1.41,1.39425,1.8225,1.47158
1.37891,1.97439,1.56407,1.69099,1.73441,1.70918,1.42802,1.41939,1.82251,1.4743
1.38539,2.00101,1.58638,1.68906,1.71153,1.7022,1.43393,1.41963,1.83557,1.49603
1.38862,2.04996,1.57282,1.69244,1.73967,1.75266,1.44974,1.4044,1.84429,1.49152
1.37929,2.06206,1.56081,1.69506,1.77351,1.74932,1.43213,1.41185,1.83911,1.47688
1.38824,2.10041,1.55929,1.71749,1.78474,1.78865,1.46323,1.42868,1.82298,1.49885
1.40104,2.10113,1.56654,1.71924,1.77771,1.78578,1.47124,1.41937,1.80473,1.49063
1.39478,2.12193,1.57342,1.7521,1.77584,1.78454,1.43884,1.40926,1.82043,1.50353
1.4288,2.1008,1.57876,1.75192,1.77135,1.78244,1.45104,1.42631,1.7981,1.50544
1.43191,2.09872,1.58596,1.77348,1.77759,1.76372,1.46428,1.40672,1.82622,1.52634
1.42322,2.10789,1.5832,1.75126,1.79505,1.76501,1.47414,1.42584,1.83222,1.53288
1.44536,2.13091,1.57948,1.73521,1.78312,1.76348,1.45828,1.4199,1.82358,1.52083
1.44774,2.15915,1.58368,1.71493,1.77453,1.76889,1.45235,1.41853,1.81912,1.51661
1.43856,2.14395,1.58644,1.73496,1.7777,1.75471,1.46569,1.40991,1.82324,1.53486
1.44057,2.15438,1.58604,1.73533,1.79301,1.75955,1.4982,1.40536,1.81936,1.53472
1.45406,2.19162,1.57468,1.71463,1.79855,1.78932,1.51405,1.41564,1.82137,1.53175
1.4623,2.19826,1.56525,1.68595,1.78455,1.80087,1.51661,1.41833,1.83967,1.50955
1.46261,2.25205,1.58592,1.67803,1.77707,1.81713,1.52177,1.4229,1.85638,1.52489
1.46701,2.22807,1.58318,1.67439,1.81281,1.82766,1.5313,1.40534,1.85339,1.53552
1.45283,2.21548,1.60005,1.68183,1.80151,1.82433,1.53407,1.38346,1.89778,1.53711
1.46423,2.22857,1.5855,1.68362,1.8109,1.86468,1.53224,1.39856,1.89053,1.54997
1.49671,2.19957,1.57861,1.68616,1.80089,1.88286,1.52933,1.38633,1.90052,1.57903
1.49469,2.19759,1.57449,1.69134,1.80158,1.90376,1.55112,1.39359,1.92265,1.58264
1.47599,2.15249,1.56689,1.68545,1.81499,1.89655,1.55345,1.39697,1.91092,1.6031
1.4807,2.14232,1.56783,1.67075,1.81125,1.87697,1.55552,1.41313,1.89762,1.59681
1.48692,2.161,1.59168,1.6683,1.83749,1.9081,1.57135,1.4218,1.8752,1.60847
1.49403,2.13201,1.59908,1.6548,1.83175,1.90441,1.59037,1.42617,1.87162,1.61997
1.47925,2.12125,1.58278,1.659,1.84045,1.92336,1.59054,1.41688,1.8599,1.63523
1.46716,2.09136,1.58,1.64348,1.82697,1.89293,1.59783,1.43469,1.88704,1.62671
1.4747,2.09712,1.58888,1.65193,1.82039,1.93069,1.60551,1.4433,1.88453,1.64856
1.50432,2.11053,1.59373,1.61681,1.85078,1.94922,1.61546,1.43508,1.88546,1.6231
1.4835,2.11484,1.59738,1.64597,1.82217,1.92297,1.62108,1.44845,1.89406,1.6045
1.48555,2.10324,1.60824,1.64352,1.8279,1.93489,1.62156,1.43577,1.91472,1.59672
1.49991,2.10581,1.6366,1.6418,1.83923,1.93303,1.66231,1.45345,1.94918,1.57605
1.49104,2.07668,1.65445,1.66104,1.85932,1.92975,1.65749,1.48218,1.95873,1.58116
1.48216,2.06097,1.62471,1.65053,1.87598,1.91003,1.65239,1.47417,1.9757,1.61918
1.47658,2.07557,1.6534,1.67747,1.88399,1.87154,1.64635,1.46526,1.99168,1.61714
1.49077,2.04714,1.67043,1.69705,1.86473,1.86164,1.63902,1.43968,1.98693,1.6178
1.49402,2.03401,1.67957,1.7008,1.84287,1.8276,1.64538,1.43006,1.94223,1.60719
1.50131,2.02409,1.69085,1.6788,1.87822,1.80974,1.66628,1.42672,1.95659,1.58505
1.50428,2.0258,1.69474,1.66092,1.89531,1.8069,1.67345,1.42627,1.94371,1.57723
1.51963,1.97905,1.68127,1.63114,1.91361,1.80083,1.67805,1.42184,1.99329,1.56723
1.53876,2.02014,1.67887,1.64234,1.93363,1.80432,1.65962,1.41328,2.00045,1.58086
1.56307,2.00763,1.67926,1.62409,1.91711,1.83896,1.69149,1.4394,1.97154,1.57295
1.54424,1.97353,1.6999,1.61494,1.93123,1.85033,1.71045,1.43174,1.97967,1.57839
1.53084,1.97059,1.71833,1.6077,1.94056,1.88215,1.72626,1.43443,1.95953,1.58985
1.53679,1.98486,1.68444,1.61679,1.94264,1.88245,1.73518,1.43772,1.97283,1.59362
1.53395,1.94978,1.70345,1.60191,1.97504,1.85802,1.72793,1.43445,1.93671,1.60141
1.54924,1.93384,1.70347,1.61549,1.93836,1.8552,1.72515,1.4426,1.92724,1.60279
1.57252,1.97947,1.67267,1.63897,1.93159,1.82741,1.73135,1.44264,1.91335,1.59687
1.57676,2.01545,1.66052,1.6054,1.93512,1.8206,1.72313,1.43871,1.883,1.61937
1.58614,2.00888,1.65713,1.60681,1.92942,1.86334,1.74451,1.41313,1.88294,1.62983
1.59165,2.02127,1.66536,1.58181,1.9208,1.86747,1.74137,1.42896,1.86519,1.61288
1.58728,1.99549,1.6783,1.57465,1.91726,1.89616,1.73052,1.42557,1.86031,1.60917
1.59413,1.99022,1.66898,1.58792,1.92052,1.91601,1.72549,1.44582,1.85683,1.62314
1.60497,2.01013,1.70419,1.60997,1.93609,1.92398,1.73897,1.41524,1.8531,1.60955
1.61147,2.01284,1.70614,1.5815,1.91431,1.91981,1.75022,1.41705,1.83868,1.61799
1.60791,2.01963,1.70518,1.58304,1.91676,1.94887,1.73056,1.39314,1.804,1.60935
1.60278,2.0286,1.7363,1.58747,1.89701,1.94316,1.73654,1.42191,1.83662,1.60791
1.60466,2.03805,1.74553,1.55665,1.88136,1.96155,1.77135,1.41714,1.83197,1.61448
1.57772,2.02542,1.75543,1.54786,1.86219,1.9918,1.78071,1.40153,1.78098,1.60905
1.57974,2.01336,1.75411,1.52424,1.86698,1.99584,1.74598,1.43207,1.81089,1.61591
1.59141,2.01914,1.7741,1.53736,1.91014,2.00738,1.73138,1.4571,1.7956,1.60201
1.58797,2.03008,1.76338,1.52389,1.90253,2.0195,1.72999,1.46386,1.77924,1.60867
1.56507,2.04754,1.73961,1.53026,1.88451,2.02132,1.72125,1.45458,1.77024,1.60024
1.56212,2.04957,1.72828,1.5255,1.89642,2.03527,1.7426,1.45378,1.7673,1.58319
1.56945,2.07573,1.73351,1.53463,1.90553,2.05463,1.75119,1.45911,1.796,1.59608
1.57005,2.08696,1.73679,1.5527,1.90166,2.0401,1.74724,1.46806,1.78503,1.61286
1.60071,2.09673,1.72996,1.55055,1.88073,2.01989,1.76116,1.46657,1.77695,1.62587
1.609,2.08734,1.73706,1.56971,1.8632,2.00999,1.75726,1.4543,1.75193,1.64413
1.61097,2.07353,1.75136,1.56754,1.83258,2.02288,1.77314,1.44896,1.71066,1.65231
1.60794,2.05877,1.74222,1.54958,1.84379,2.03739,1.7487,1.43863,1.69761,1.65803
1.59654,2.06408,1.70794,1.5426,1.8649,2.0291,1.76623,1.44676,1.69172,1.6436
1.62208,2.06267,1.70181,1.54798,1.88056,2.03678,1.76739,1.46382,1.68107,1.62514
1.62214,2.06952,1.71398,1.54991,1.88886,2.02924,1.75809,1.47786,1.68965,1.61041
1.6258,2.08835,1.69548,1.53586,1.89347,2.0694,1.77731,1.49028,1.67886,1.62261
1.63178,2.07794,1.69454,1.55611,1.88339,2.05975,1.77148,1.49656,1.65489,1.60689
1.62716,2.09136,1.66723,1.55819,1.90273,2.06192,1.80691,1.49212,1.63153,1.61279
1.65044,2.10237,1.68852,1.5453,1.9278,2.06586,1.82738,1.45565,1.65334,1.62922
1.64243,2.09134,1.6997,1.54916,1.88976,2.11034,1.83802,1.44186,1.64023,1.64608
1.648,2.06884,1.72799,1.51451,1.90511,2.12782,1.83732,1.43504,1.65312,1.65141
1.63505,2.08565,1.73359,1.54483,1.8596,2.1445,1.81764,1.4221,1.64339,1.65224
1.62336,2.06856,1.74566,1.53699,1.86531,2.13713,1.82154,1.425,1.61391,1.64883
1.62685,2.07094,1.76329,1.52133,1.89023,2.14987,1.82118,1.42875,1.62797,1.6448
1.60769,2.06362,1.74172,1.51892,1.91957,2.15781,1.83763,1.42895,1.61115,1.64422
1.60111,2.03713,1.75366,1.55117,1.93398,2.14181,1.81751,1.43295,1.61296,1.66077
1.61826,2.0578,1.78483,1.54109,1.91577,2.12383,1.82433,1.46297,1.61429,1.66346
1.60908,2.09045,1.80693,1.56026,1.91321,2.13613,1.83952,1.44691,1.63622,1.70195
1.60179,2.06805,1.80386,1.60706,1.92032,2.10273,1.8495,1.43192,1.64831,1.71934
1.61485,2.05877,1.81451,1.60482,1.89963,2.10708,1.84466,1.43036,1.66409,1.74022
1.62299,2.05574,1.82662,1.58915,1.87501,2.11709,1.83935,1.4294,1.68343,1.74614
1.60004,2.02858,1.82669,1.61029,1.87503,2.12013,1.84436,1.45727,1.70097,1.72607
1.58647,2.06347,1.8526,1.61716,1.8439,2.13266,1.87332,1.46496,1.70242,1.74135
1.58902,2.06466,1.88976,1.59949,1.86012,2.15183,1.85137,1.45394,1.70787,1.76417
1.58388,2.02787,1.90867,1.59903,1.86469,2.1566,1.87647,1.46617,1.72697,1.75128
1.61891,2.0339,1.92609,1.57645,1.9069,2.15072,1.89543,1.45856,1.73211,1.75612
1.60575,2.04342,1.95294,1.59141,1.92793,2.12491,1.92519,1.45059,1.7223,1.76913
1.58331,2.05209,1.94798,1.59018,1.91921,2.15853,1.89726,1.44197,1.70447,1.80468
1.57632,2.05807,1.94906,1.60162,1.93441,2.13126,1.9067,1.43914,1.6764,1.84213
1.5729,2.04778,1.95626,1.59176,1.9506,2.15096,1.90767,1.44288,1.68713,1.85018
1.58839,2.09445,1.96033,1.6036,1.94504,2.17524,1.90475,1.45449,1.68588,1.8439
1.54061,2.15805,1.98594,1.60942,1.96159,2.18918,1.88499,1.44516,1.68231,1.83649
1.55578,2.17003,1.98187,1.60527,1.967,2.22595,1.90122,1.45381,1.67802,1.8458
1.58076,2.15002,1.99773,1.5973,1.96368,2.26519,1.89836,1.47942,1.68404,1.84309
1.55646,2.1805,2.00184,1.59392,1.974,2.30374,1.8772,1.46499,1.70638,1.82725
1.54534,2.18461,2.01852,1.59744,1.96416,2.35037,1.86521,1.44554,1.70126,1.86304
1.57142,2.15369,2.04266,1.59779,1.99151,2.33073,1.82653,1.46188,1.70948,1.83164
1.55667,2.16491,2.06526,1.58463,1.98367,2.29857,1.78926,1.46423,1.71548,1.7965
1.55859,2.12433,2.10117,1.56589,1.98083,2.32314,1.78982,1.49023,1.71925,1.79093
1.56785,2.15427,2.11486,1.58798,2.01345,2.29447,1.77387,1.47556,1.72476,1.78608
1.54549,2.15674,2.10844,1.58869,1.99551,2.31658,1.77595,1.49279,1.7271,1.79504
1.56088,2.1625,2.10284,1.58239,2.00272,2.33212,1.77922,1.48512,1.73756,1.80632
1.56472,2.19815,2.12554,1.5807,2.02142,2.34065,1.75746,1.48689,1.76714,1.78855
1.57063,2.21688,2.10505,1.57788,2.01996,2.35379,1.74914,1.46991,1.7545,1.78396
1.5813,2.21522,2.07036,1.57608,2.01443,2.33334,1.77794,1.45642,1.72995,1.80584
1.57988,2.2146,2.07273,1.57658,2.00729,2.39029,1.7949,1.45527,1.72459,1.80394
1.56574,2.18906,2.13021,1.57947,1.96349,2.41728,1.7897,1.46105,1.70962,1.82595
1.57667,2.21852,2.12347,1.58994,1.97285,2.40934,1.78613,1.48157,1.74691,1.85635
1.58449,2.22066,2.13623,1.58604,1.99018,2.42706,1.78235,1.47798,1.72448,1.83473
1.60566,2.24543,2.07172,1.59067,2.00238,2.41855,1.77161,1.48339,1.71676,1.85867
1.61733,2.19751,2.06744,1.60563,2.03748,2.42964,1.73651,1.50741,1.70477,1.85139
1.61918,2.18336,2.06396,1.61126,2.03678,2.42551,1.77254,1.49865,1.70111,1.82836
1.60909,2.15787,2.04296,1.63294,2.02131,2.40122,1.75367,1.49077,1.7009,1.82378
1.61491,2.17635,2.07188,1.62743,2.04431,2.34501,1.76765,1.47959,1.70314,1.82702
1.59271,2.20089,2.09403,1.63896,2.02817,2.31383,1.73662,1.46196,1.71388,1.82879
1.61082,2.20443,2.10487,1.6218,2.04117,2.32612,1.75707,1.47896,1.71056,1.86586
1.56558,2.21111,2.11108,1.62736,2.01051,2.35126,1.77364,1.4725,1.67231,1.85339
1.55208,2.22661,2.13717,1.62917,2.01278,2.4029,1.78446,1.47872,1.66195,1.84512
1.54346,2.23057,2.14817,1.62223,2.00238,2.39652,1.78337,1.48741,1.69158,1.83763
1.52711,2.23119,2.16882,1.61077,1.9685,2.41684,1.73776,1.50073,1.66323,1.82846
1.5115,2.22542,2.21614,1.59976,1.94849,2.42102,1.73116,1.4906,1.66527,1.85955
1.51426,2.24311,2.21163,1.60631,1.95788,2.37206,1.74794,1.49862,1.66187,1.84049
1.54394,2.22683,2.18295,1.58746,1.97663,2.40966,1.73455,1.4922,1.66018,1.85174
1.56054,2.25296,2.15774,1.57109,2.00011,2.3968,1.74692,1.49648,1.66949,1.82965
1.57307,2.24436,2.11671,1.54862,2.01304,2.38729,1.74949,1.48504,1.66085,1.81003
1.59798,2.30332,2.11954,1.51355,1.98318,2.40292,1.76184,1.49622,1.64845,1.84562
1.60826,2.30876,2.12608,1.53982,1.99256,2.39429,1.75791,1.51985,1.63528,1.84357
1.62149,2.27675,2.11961,1.58045,1.98593,2.40037,1.77392,1.51698,1.65034,1.84833
1.63885,2.30014,2.1401,1.59368,2.01869,2.43185,1.77886,1.51643,1.66078,1.86086
1.67058,2.30609,2.12612,1.5907,2.00474,2.42091,1.77174,1.50255,1.69668,1.83839
1.68248,2.32005,2.14754,1.60584,2.00645,2.40726,1.77107,1.50469,1.71504,1.82961
1.67739,2.30736,2.10372,1.61914,2.00004,2.40138,1.78619,1.4825,1.74484,1.84706
1.66147,2.29492,2.05859,1.59648,2.01493,2.4069,1.77713,1.50217,1.72941,1.8422
1.6761,2.30686,2.0757,1.62701,1.99044,2.41052,1.8111,1.50619,1.70646,1.84956
1.65604,2.25272,2.06513,1.62293,1.97601,2.43997,1.79119,1.48919,1.66829,1.82562
1.66356,2.24249,2.07321,1.6193,1.97309,2.39981,1.78808,1.49451,1.66562,1.8476
1.65926,2.24753,2.04217,1.61708,1.94902,2.41365,1.78237,1.48007,1.69486,1.82333
1.64513,2.25719,2.07421,1.61297,1.91753,2.42364,1.84766,1.49555,1.67359,1.80669
1.64034,2.27145,2.09232,1.63243,1.90725,2.44026,1.8742,1.47984,1.68091,1.81113
1.64375,2.25773,2.07851,1.63003,1.90194,2.45234,1.8921,1.49064,1.70805,1.83121
1.65959,2.28259,2.10953,1.64326,1.9202,2.4431,1.92492,1.49079,1.70058,1.8302
1.67896,2.29661,2.10819,1.63574,1.91471,2.47593,1.90583,1.47323,1.70831,1.84302
1.69868,2.33605,2.10672,1.64909,1.89998,2.43591,1.89429,1.47256,1.71341,1.83649
1.70137,2.32833,2.12228,1.62996,1.9157,2.44747,1.87202,1.49596,1.72589,1.84803
1.69492,2.33721,2.11378,1.62514,1.91923,2.45969,1.86003,1.50102,1.74897,1.88892
1.70361,2.33822,2.10084,1.62869,1.93123,2.5024,1.86263,1.49924,1.71527,1.89508
1.698,2.33677,2.10617,1.63957,1.90023,2.48309,1.86602,1.51112,1.71918,1.91393
1.6842,2.34519,2.09823,1.6402,1.90877,2.45968,1.87927,1.4844,1.71554,1.9217
1.68709,2.32982,2.12816,1.64176,1.91091,2.47908,1.90173,1.4965,1.69853,1.90242
1.69534,2.33756,2.12745,1.66701,1.91459,2.49353,1.91359,1.51725,1.67593,1.89247
1.68435,2.33608,2.12232,1.67945,1.91592,2.52726,1.92526,1.51073,1.63586,1.9283
1.68035,2.27506,2.13749,1.70093,1.92168,2.49683,1.93392,1.53134,1.66115,1.93747
1.69777,2.30055,2.11852,1.70567,1.90728,2.4558,1.928,1.52614,1.66623,1.91833
1.70061,2.2817,2.12076,1.70966,1.94238,2.41276,1.93459,1.53313,1.63726,1.93674
1.69126,2.34282,2.13833,1.73057,1.91497,2.41184,1.92061,1.54113,1.63979,1.96818
1.68911,2.36608,2.14285,1.77447,1.90807,2.43547,1.93483,1.55476,1.61754,1.9645
1.7083,2.389,2.12737,1.76696,1.90163,2.4009,1.95932,1.55452,1.63139,1.9637
1.70152,2.39458,2.12458,1.76046,1.881,2.3838,1.93111,1.54126,1.64039,1.99331
1.69693,2.3993,2.15278,1.74027,1.8937,2.38482,1.92114,1.56289,1.65184,2.00494
1.70627,2.39326,2.10449,1.75721,1.91127,2.39639,1.96074,1.57257,1.65814,2.01797
1.70243,2.38884,2.13035,1.7708,1.87113,2.40156,1.96285,1.5647,1.67025,2.00931
1.70512,2.38723,2.11732,1.74674,1.88338,2.40859,1.96187,1.57222,1.64787,2.03255
1.69864,2.40653,2.12377,1.75508,1.87901,2.4082,1.97489,1.583,1.64636,2.02391
1.68009,2.42115,2.12183,1.78318,1.86534,2.39909,1.94996,1.5895,1.65128,2.01229
1.65468,2.41578,2.14657,1.77287,1.88136,2.41387,1.97136,1.57728,1.63832,2.00881
1.64551,2.41836,2.19352,1.78315,1.87569,2.47524,1.98544,1.59544,1.62075,2.03814
1.65779,2.42621,2.19659,1.7714,1.89348,2.46501,2.00523,1.56457,1.66276,2.05328
1.64664,2.44492,2.15378,1.81141,1.87935,2.48954,2.01087,1.57045,1.66331,2.06431
1.64369,2.46737,2.15218,1.80668,1.91561,2.4956,2.00525,1.58545,1.66443,2.07935
1.64538,2.47216,2.1228,1.82731,1.92793,2.4716,2.00286,1.57499,1.65201,2.08614
1.64709,2.49088,2.12953,1.83777,1.89956,2.5138,2.03816,1.57605,1.64551,2.11713
1.66293,2.51341,2.10364,1.85844,1.90797,2.51822,2.06524,1.57305,1.66094,2.1076
1.68107,2.50185,2.10676,1.87795,1.89823,2.49085,2.03734,1.55796,1.66872,2.12155
1.67177,2.51374,2.07057,1.89041,1.89204,2.47243,2.03052,1.55875,1.67985,2.09044
1.68152,2.49773,2.08234,1.90437,1.92255,2.52296,2.01924,1.57731,1.69668,2.11074
1.671,2.52022,2.07559,1.87032,1.92373,2.54627,1.99272,1.6033,1.6654,2.08905
1.68298,2.49665,2.04509,1.85667,1.94622,2.53195,1.97936,1.58109,1.70104,2.08693
1.68431,2.49361,2.0438,1.89678,1.94952,2.52423,1.99377,1.58089,1.70455,2.07855
1.70158,2.44739,2.04984,1.91094,1.96856,2.55863,2.0073,1.54326,1.72416,2.06868
1.67878,2.41802,2.0753,1.8885,1.94604,2.52111,2.02765,1.54326,1.71117,2.05747
1.66756,2.41537,2.0788,1.87827,1.93914,2.55789,2.093,1.54688,1.73205,2.04832
1.67043,2.40539,2.05193,1.88848,1.91003,2.52585,2.09969,1.54696,1.74576,2.04719
1.66914,2.41759,2.05129,1.88186,1.93333,2.48172,2.10239,1.56728,1.72649,2.0475
1.65091,2.43114,2.0594,1.91303,1.93253,2.46633,2.14151,1.57806,1.72534,2.0592
1.62565,2.41165,2.05482,1.91506,1.94847,2.43906,2.14616,1.59932,1.71526,2.04789
1.63989,2.45163,2.03913,1.87649,1.92139,2.41238,2.15766,1.61673,1.71376,2.03983
1.63285,2.43594,2.05263,1.88037,1.93581,2.41468,2.1563,1.63298,1.73651,2.057
1.66384,2.46917,2.04252,1.89583,1.92178,2.40082,2.17667,1.63776,1.74949,2.08342
1.66845,2.49898,2.0477,1.8885,1.93217,2.41104,2.17275,1.61989,1.77633,2.09905
1.68156,2.48211,2.06943,1.89615,1.94568,2.41809,2.14311,1.57796,1.77796,2.09778
1.63698,2.53468,2.08037,1.9068,1.92555,2.38243,2.1007,1.55589,1.77096,2.08739
1.65687,2.49352,2.07418,1.90745,1.94691,2.37509,2.10638,1.58213,1.78046,2.1055
1.6442,2.5062,2.07383,1.91325,1.96792,2.36191,2.13222,1.58311,1.77474,2.10556
1.63387,2.51,2.0707,1.90803,1.9537,2.39618,2.14648,1.61206,1.78459,2.0864
1.63736,2.49671,2.06377,1.91426,1.95876,2.35649,2.14556,1.62897,1.78229,2.11206
1.65698,2.51054,2.09791,1.90313,1.98198,2.34394,2.1483,1.59404,1.77265,2.17418
1.66592,2.51341,2.08759,1.90308,2.02811,2.30838,2.13876,1.56288,1.77263,2.15266
1.68893,2.48905,2.06765,1.85996,2.00873,2.31103,2.1202,1.55922,1.76132,2.17528
1.69966,2.44644,2.04742,1.85159,2.02398,2.28626,2.14197,1.56862,1.75411,2.15658
1.7161,2.46691,2.04627,1.87694,1.99517,2.28883,2.14866,1.52065,1.7399,2.15109
1.69994,2.52637,2.06847,1.87572,1.99451,2.28456,2.1536,1.51521,1.74994,2.16474
1.68997,2.52295,2.09491,1.91275,1.98179,2.32547,2.11735,1.52219,1.75379,2.18238
1.67483,2.52797,2.11767,1.9381,1.9709,2.33177,2.13443,1.50047,1.75535,2.16201
1.65485,2.56926,2.12935,1.93173,1.98813,2.33742,2.12364,1.49507,1.73682,2.16056
1.66219,2.6037,2.09588,1.92986,2.00649,2.29902,2.1402,1.51287,1.74846,2.18604
1.68411,2.60834,2.08575,1.94262,1.99638,2.32895,2.12078,1.52311,1.79194,2.19409
1.70995,2.59637,2.09259,1.92245,2.02601,2.35245,2.11023,1.54361,1.82013,2.21917
1.67257,2.60895,2.10292,1.8851,2.03787,2.31867,2.13594,1.56757,1.8034,2.21169
1.68488,2.63698,2.07142,1.88352,2.02529,2.333,2.15993,1.60091,1.82255,2.22681
1.69535,2.61469,2.06486,1.91573,2.04505,2.31655,2.1263,1.59833,1.8239,2.25107
1.71621,2.61046,2.07599,1.92165,2.05571,2.32733,2.1636,1.56522,1.82514,2.28409
1.73317,2.60825,2.08113,1.93546,2.06424,2.36355,2.16642,1.56774,1.84344,2.26506
1.75281,2.60842,2.1233,1.95948,2.06823,2.36691,2.14241,1.58198,1.80926,2.25258
1.76522,2.59061,2.12406,1.94981,2.08415,2.36584,2.14161,1.56724,1.82927,2.26687
1.76353,2.63673,2.11444,1.94443,2.05633,2.39304,2.14594,1.57069,1.8528,2.29904
1.74974,2.56929,2.06594,1.95205,2.08601,2.38742,2.13608,1.56488,1.86641,2.30706
1.74757,2.56524,2.09231,1.95938,2.08639,2.38154,2.20652,1.56596,1.89213,2.28891
1.73574,2.56279,2.14402,1.97196,2.08282,2.43742,2.2105,1.5706,1.88594,2.31255
1.71714,2.52613,2.15088,1.97287,2.12195,2.4374,2.23863,1.58496,1.89966,2.32502
1.70358,2.54277,2.15987,1.97829,2.12771,2.44036,2.25898,1.58809,1.90288,2.30752
1.71852,2.52056,2.1609,1.99739,2.14063,2.40825,2.26608,1.56037,1.88903,2.29196
1.72112,2.50671,2.17067,2.01409,2.14933,2.42842,2.29162,1.55596,1.89424,2.25459
1.70141,2.58084,2.1883,2.03937,2.13771,2.41065,2.29524,1.53089,1.8899,2.30563
1.7233,2.54426,2.19931,2.00882,2.16963,2.42428,2.31443,1.51512,1.90762,2.31728
1.73658,2.53235,2.21699,1.99978,2.15838,2.41783,2.34771,1.50355,1.93343,2.31082
1.73525,2.52264,2.24357,1.9752,2.20962,2.42946,2.35422,1.49627,1.95504,2.31381
1.71171,2.48135,2.23044,1.98323,2.23428,2.40415,2.35373,1.50471,1.95299,2.31792
1.73382,2.49129,2.20933,1.96608,2.25042,2.39766,2.40379,1.49738,1.95549,2.35828
1.75289,2.47138,2.24531,1.95695,2.25149,2.40579,2.40673,1.46692,1.97243,2.36169
1.74164,2.47728,2.23899,1.99058,2.28014,2.386,2.3926,1.49685,1.95828,2.31636
1.7421,2.52332,2.26195,1.969,2.28231,2.36459,2.4234,1.50535,1.95378,2.32555
1.73148,2.52511,2.33561,1.97499,2.24732,2.37512,2.40171,1.50834,1.98654,2.30634
1.72655,2.53208,2.34774,1.96357,2.2684,2.39264,2.42248,1.5421,1.97159,2.30383
1.72007,2.54247,2.39122,1.94935,2.27083,2.40612,2.39112,1.54527,1.95658,2.2754
1.75479,2.5866,2.3888,1.94069,2.32112,2.39001,2.40751,1.53296,1.9572,2.28319
1.75712,2.63535,2.40068,1.9349,2.325,2.38689,2.42468,1.52939,1.98452,2.25914
1.75738,2.63675,2.4363,1.94269,2.29496,2.38988,2.39705,1.4974,1.99259,2.24332
1.75219,2.63135,2.42074,1.93691,2.30132,2.38777,2.38499,1.50065,1.98192,2.22237
1.77709,2.62867,2.41168,1.93676,2.33129,2.37112,2.39194,1.4911,1.98327,2.25445
1.76949,2.67541,2.40874,1.93961,2.37376,2.37823,2.37898,1.48764,1.99208,2.25817
1.7646,2.64113,2.38324,1.93341,2.40004,2.37506,2.35005,1.49394,2.04973,2.28947
1.74883,2.65904,2.36794,1.92626,2.39142,2.40312,2.33732,1.50297,2.03365,2.2896
1.74895,2.67896,2.32558,1.90708,2.4122,2.369,2.32376,1.47888,2.0554,2.2451
1.75337,2.7025,2.31395,1.93272,2.39703,2.39058,2.33066,1.47946,2.07461,2.26944
1.74709,2.63144,2.33574,1.89805,2.41592,2.38016,2.31229,1.49073,2.07073,2.25666
1.73297,2.58263,2.30913,1.88401,2.42928,2.38115,2.33448,1.48924,2.0583,2.25951
1.73833,2.55995,2.28005,1.871,2.43253,2.39614,2.32161,1.48207,2.07012,2.25755
1.73219,2.56293,2.2742,1.9041,2.4762,2.37273,2.31147,1.47844,2.08672,2.28807
1.73577,2.58213,2.27854,1.9143,2.45911,2.37473,2.34752,1.48548,2.0792,2.27904
1.71896,2.60332,2.26618,1.95621,2.48987,2.38287,2.36291,1.47633,2.04293,2.31723
1.7155,2.61289,2.22723,1.92369,2.51462,2.37266,2.3546,1.50473,2.05537,2.28636
1.6944,2.59306,2.2264,1.90827,2.53973,2.3779,2.33821,1.48656,2.04171,2.29106
1.71166,2.61128,2.22251,1.91532,2.53314,2.38272,2.35967,1.51803,2.07703,2.29877
1.71554,2.61754,2.2295,1.91235,2.52547,2.40401,2.35932,1.54115,2.08329,2.31998
1.72597,2.61082,2.23225,1.92333,2.51444,2.4184,2.35065,1.5663,2.05427,2.29809
1.72592,2.62969,2.22281,1.90759,2.52918,2.4037,2.36828,1.57796,2.04791,2.27007
1.72681,2.64833,2.22546,1.85534,2.55482,2.41297,2.39286,1.56966,2.04116,2.22553
1.69599,2.65911,2.25691,1.84443,2.52592,2.42232,2.39714,1.59159,2.02078,2.19112
1.72241,2.65945,2.28346,1.85047,2.51895,2.4208,2.42804,1.60401,2.02636,2.2055
1.70832,2.6694,2.30499,1.85837,2.53761,2.40458,2.43922,1.61023,2.03131,2.20195
1.71949,2.64774,2.27144,1.85413,2.55338,2.39866,2.44113,1.58242,2.04672,2.19117
1.71463,2.6652,2.27684,1.8892,2.54705,2.4153,2.44228,1.58614,2.05364,2.15863
1.70575,2.64789,2.24084,1.88514,2.59828,2.45201,2.46013,1.61601,2.0475,2.22299
1.69606,2.64018,2.26704,1.882,2.58863,2.47326,2.4363,1.64438,2.05218,2.21415
1.71279,2.6334,2.28983,1.88017,2.63184,2.48005,2.4019,1.63624,2.07187,2.18938
1.7063,2.66122,2.27321,1.88869,2.61814,2.4432,2.35787,1.64234,2.0979,2.14635
1.71601,2.67857,2.27718,1.88136,2.62322,2.47002,2.38441,1.64405,2.10058,2.11274
1.7157,2.59036,2.31701,1.84795,2.64629,2.48915,2.39484,1.64615,2.11597,2.12383
1.73803,2.58654,2.31863,1.85103,2.64689,2.44253,2.38903,1.68076,2.16167,2.12793
1.80423,2.52635,2.31755,1.87258,2.62598,2.44502,2.40336,1.69718,2.14598,2.14369
1.85516,2.53034,2.29671,1.86944,2.65392,2.46278,2.40527,1.69558,2.19365,2.11173
1.85097,2.57282,2.29334,1.91161,2.67897,2.48436,2.37285,1.65518,2.22028,2.1182
1.85337,2.55875,2.30164,1.90716,2.62386,2.50488,2.37757,1.6379,2.23012,2.09696
1.83264,2.54567,2.32794,1.97883,2.63899,2.52263,2.37539,1.63308,2.20736,2.10556
1.81629,2.55046,2.34524,1.96924,2.60244,2.55901,2.35569,1.64819,2.16782,2.11636
1.81386,2.60076,2.36598,1.94788,2.6545,2.58755,2.30864,1.62179,2.11578,2.13033
1.82656,2.5986,2.40241,1.95571,2.63874,2.59913,2.31928,1.62385,2.11035,2.13169
1.83611,2.68304,2.38161,1.9502,2.66218,2.6126,2.31142,1.61244,2.10823,2.12928
1.88928,2.62508,2.40536,1.92951,2.63655,2.63079,2.33826,1.5881,2.05745,2.17009
1.88459,2.61282,2.35423,1.93258,2.65155,2.65028,2.32915,1.5766,2.02358,2.14853
1.89871,2.59842,2.32239,1.93506,2.67025,2.63996,2.34212,1.57916,1.98823,2.16119
1.88859,2.60134,2.31199,1.92527,2.67852,2.65837,2.30787,1.56825,1.99843,2.15701
1.92783,2.57558,2.29333,1.91804,2.68485,2.65684,2.28709,1.57948,1.99525,2.16783
1.93753,2.58789,2.29111,1.92221,2.70022,2.64643,2.26814,1.57908,1.9872,2.18507
1.95813,2.57123,2.32769,1.92661,2.73206,2.58633,2.20832,1.57582,2.00026,2.15384
1.97284,2.56759,2.31873,1.93891,2.76763,2.57872,2.21894,1.59512,2.0172,2.19694
2.00122,2.57007,2.34444,1.94017,2.78349,2.64037,2.22518,1.58275,2.0396,2.17764
1.9588,2.59398,2.32832,1.95012,2.80796,2.65937,2.19736,1.59627,2.0458,2.1777
1.95318,2.57999,2.31069,1.95338,2.81592,2.64162,2.22265,1.58475,2.01538,2.18895
1.95011,2.56668,2.28636,1.95218,2.79233,2.67503,2.22062,1.57967,2.01057,2.15351
1.9618,2.57654,2.29718,1.94585,2.79848,2.68544,2.23805,1.58866,1.99851,2.16564
1.94766,2.61336,2.26769,1.97268,2.83137,2.66822,2.23562,1.60418,2.00476,2.18257
1.99002,2.62892,2.25442,1.97936,2.83806,2.66416,2.20178,1.58557,1.97458,2.16404
1.98033,2.57364,2.26931,1.99168,2.87727,2.6574,2.1889,1.5999,1.96059,2.17686
1.97803,2.55209,2.27873,2.01311,2.85745,2.69565,2.21531,1.60959,1.92722,2.20748
2.00447,2.58902,2.27023,2.03323,2.89507,2.72764,2.20815,1.6224,1.92861,2.18854
1.96563,2.58195,2.27671,2.0358,2.8847,2.73196,2.22495,1.60645,1.94775,2.21093
1.98177,2.56239,2.26894,2.06178,2.89484,2.76056,2.20661,1.58434,1.92978,2.21064
2.00001,2.5592,2.28604,2.08918,2.86353,2.77224,2.20556,1.59508,1.91799,2.20738
1.99508,2.56577,2.263,2.08153,2.83713,2.79585,2.20147,1.60685,1.95453,2.21145
2.01429,2.57229,2.25526,2.07927,2.84954,2.77801,2.18915,1.59909,1.97579,2.21817
2.02535,2.57959,2.23387,2.06013,2.8338,2.76754,2.19022,1.62164,1.96271,2.19161
2.02397,2.56706,2.2347,2.04726,2.81881,2.77416,2.17217,1.63038,1.94551,2.21706
2.01568,2.58615,2.25291,2.04304,2.79333,2.79683,2.17364,1.63274,1.91872,2.22985
2.02255,2.54969,2.25538,2.05753,2.8145,2.78633,2.14938,1.61972,1.94496,2.23533
1.9817,2.52706,2.31217,2.06397,2.83761,2.77716,2.15666,1.61232,1.9564,2.22711
1.98505,2.51493,2.32403,2.06801,2.86598,2.7983,2.1864,1.62078,1.9424,2.24033
1.99648,2.52805,2.31306,2.09306,2.82257,2.81078,2.16689,1.61009,1.93377,2.26565
2.01725,2.58588,2.31278,2.0954,2.74732,2.83986,2.20325,1.58834,1.9534,2.25396
1.99947,2.60017,2.32154,2.05897,2.73096,2.75883,2.19636,1.5676,1.95167,2.24364
2.02346,2.5832,2.28372,2.04333,2.73032,2.78663,2.19941,1.60522,1.96695,2.24061
2.02657,2.56472,2.30443,2.02844,2.75082,2.7913,2.19497,1.59742,1.94513,2.27326
2.04993,2.58256,2.31947,2.04571,2.80548,2.84632,2.20178,1.62184,1.94379,2.26113
2.06639,2.61721,2.31151,2.03555,2.74803,2.85258,2.19278,1.63314,1.96749,2.27763
2.03844,2.58932,2.30443,2.06022,2.75778,2.88659,2.25067,1.6531,1.9686,2.29086
2.08313,2.56225,2.30203,2.09172,2.77828,2.91918,2.26176,1.65139,1.98934,2.27752
2.10814,2.55424,2.2709,2.09272,2.76708,2.93486,2.23316,1.64785,1.99851,2.31124
2.09554,2.58441,2.29663,2.07949,2.74793,2.95111,2.25824,1.6778,2.00732,2.32586
2.10037,2.54867,2.31939,2.08574,2.73393,2.96973,2.22833,1.67355,2.0324,2.30862
2.08734,2.5232,2.33304,2.05233,2.75623,3.0269,2.25567,1.69942,2.02394,2.31753
2.03354,2.46707,2.32652,2.05464,2.76821,3.00174,2.26903,1.71386,2.0232,2.35201
2.03154,2.46067,2.36204,2.06029,2.76676,2.94895,2.27839,1.70969,1.98099,2.32148
2.0454,2.47006,2.34116,2.06543,2.74608,2.9647,2.25232,1.69843,1.96993,2.33644
2.05589,2.45336,2.35842,2.06433,2.79693,2.97657,2.26689,1.72007,1.95934,2.37019
2.07049,2.44302,2.37598,2.06649,2.8239,2.95947,2.25658,1.75346,1.97445,2.39822
2.08476,2.43361,2.36942,2.08585,2.78557,2.97639,2.23752,1.76007,1.96438,2.42633
2.09192,2.39499,2.35659,2.07575,2.84001,2.94633,2.23982,1.75902,1.962,2.45878
2.06804,2.38279,2.39172,2.06007,2.84145,2.98428,2.26049,1.75632,1.94093,2.50105
2.06203,2.38079,2.41287,2.05926,2.87136,2.98626,2.25096,1.74698,1.93087,2.55284
2.07819,2.40633,2.41246,2.03826,2.89228,2.9851,2.25822,1.74458,1.93111,2.5394
2.0997,2.4042,2.42906,2.03754,2.92359,3.03082,2.296,1.737,1.93342,2.55517
2.09559,2.41605,2.44298,2.03745,2.90799,3.0244,2.2889,1.73079,1.92281,2.5417
2.07405,2.45973,2.435,2.03998,2.8944,3.03363,2.30706,1.72624,1.92251,2.51805
2.08157,2.45621,2.41357,2.03782,2.93288,2.97602,2.27854,1.73684,1.92293,2.49145
2.10057,2.48058,2.43243,2.05085,2.88814,2.97647,2.28405,1.72746,1.93427,2.52713
2.0931,2.46361,2.43832,2.04085,2.83254,2.99809,2.28305,1.73377,1.94087,2.58886
2.10309,2.46543,2.48586,2.07727,2.78636,2.97939,2.25528,1.76276,1.95149,2.58456
2.12179,2.47243,2.49261,2.08929,2.7794,3.02197,2.28772,1.7989,1.96265,2.56992
2.14342,2.42925,2.48932,2.05989,2.81931,3.05333,2.29682,1.81213,1.95857,2.62177
2.10491,2.37669,2.49871,2.05182,2.79896,3.01455,2.27794,1.7752,1.95458,2.66815
2.12943,2.40282,2.48604,2.07354,2.78007,3.01618,2.26981,1.77841,1.98656,2.67215
2.12885,2.42325,2.50345,2.06553,2.77058,3.03854,2.27219,1.7369,2.02337,2.68258
2.1214,2.38825,2.49129,2.04537,2.77634,3.05564,2.26776,1.78266,2.03019,2.65794
2.13885,2.42988,2.49349,2.04801,2.79494,3.02353,2.26168,1.79389,2.02981,2.58329
2.14961,2.44689,2.51339,2.08345,2.76827,3.02543,2.29187,1.7984,1.99955,2.6207
2.1254,2.45586,2.55738,2.08932,2.7396,2.9764,2.27248,1.82224,1.98741,2.65428
2.14066,2.42191,2.58677,2.11301,2.74274,2.97789,2.26519,1.82252,1.97249,2.68087
2.15721,2.43672,2.62,2.09825,2.70779,2.94666,2.25466,1.84261,1.97671,2.6443
2.17907,2.44569,2.60747,2.0978,2.69087,2.94816,2.26451,1.8475,1.97046,2.62793
2.1818,2.41348,2.60145,2.13587,2.71002,2.93596,2.26719,1.87258,1.96231,2.61744
2.17578,2.39591,2.63107,2.09783,2.7543,2.9037,2.3023,1.88625,1.9729,2.60112
2.1729,2.37242,2.62531,2.13263,2.79909,2.89597,2.26675,1.85687,1.99619,2.60198
2.19402,2.37052,2.63469,2.13007,2.81433,2.95295,2.29002,1.86339,2.00231,2.55043
2.21024,2.38689,2.63381,2.17886,2.80718,3.02183,2.30582,1.8453,2.02077,2.5409
2.2247,2.38102,2.62434,2.1475,2.80999,3.04969,2.28368,1.88156,2.01287,2.51516
2.20382,2.35584,2.64585,2.13389,2.82269,3.01981,2.2678,1.91705,1.99718,2.52609
2.197,2.33036,2.63509,2.15756,2.79737,3.07644,2.24115,1.90976,2.02408,2.55315
2.20215,2.3865,2.65107,2.15913,2.7666,3.07331,2.22916,1.9143,1.9996,2.54429
2.17265,2.39766,2.64718,2.17212,2.75389,3.09806,2.20954,1.88976,2.0067,2.54981
2.17665,2.38531,2.67054,2.22304,2.74015,3.08926,2.18884,1.87516,2.0126,2.55856
2.21581,2.38789,2.67396,2.25587,2.71112,3.14706,2.18811,1.8524,1.98475,2.54869
2.22258,2.37892,2.7018,2.25531,2.69032,3.12296,2.19599,1.85019,1.99515,2.52586
2.21193,2.36926,2.71829,2.26167,2.73119,3.16941,2.18208,1.84579,1.99086,2.53862
2.22678,2.37009,2.70864,2.2483,2.72054,3.10174,2.14947,1.82201,1.99656,2.5504
2.22599,2.38588,2.74198,2.24602,2.71737,3.11625,2.1228,1.83216,2.0209,2.5194
2.19082,2.39581,2.7268,2.2684,2.74373,3.11729,2.11851,1.84585,2.01429,2.51564
2.24027,2.42503,2.70565,2.26746,2.78907,3.0858,2.09891,1.8289,2.02752,2.48891
2.25343,2.43326,2.67598,2.23728,2.79745,3.10363,2.08426,1.81577,2.0331,2.43901
2.22946,2.44531,2.65588,2.2534,2.8035,3.14674,2.06205,1.8101,2.01978,2.44971
2.25441,2.44646,2.68156,2.24535,2.85961,3.17397,2.06514,1.79503,2.04087,2.45551
2.22468,2.44342,2.66924,2.26157,2.86047,3.16678,2.05025,1.78889,2.00869,2.45185
2.22062,2.41983,2.65822,2.25116,2.84324,3.13631,2.07076,1.82332,2.0149,2.43967
2.21599,2.40387,2.64301,2.26392,2.81883,3.1205,2.06765,1.82697,1.99152,2.45289
2.2152,2.39844,2.65727,2.27449,2.81763,3.13806,2.05707,1.84357,2.00932,2.46645
2.21972,2.40668,2.63143,2.26333,2.78844,3.07621,2.01801,1.8334,1.99264,2.47929
2.22871,2.45306,2.65826,2.24212,2.80988,3.10959,2.01428,1.83682,1.99344,2.46897
2.23009,2.46426,2.73044,2.20598,2.82147,3.13958,2.03714,1.83704,1.99416,2.46738
2.22562,2.48902,2.7411,2.23905,2.82515,3.12158,2.0464,1.823,1.98792,2.47477
2.23218,2.4341,2.73053,2.24013,2.83204,3.12178,2.01924,1.81167,2.01368,2.48048
2.19917,2.43863,2.78401,2.2525,2.80536,3.13173,1.98909,1.80262,2.02872,2.46627
2.17696,2.45845,2.77787,2.24061,2.81356,3.18512,1.9947,1.79809,2.04055,2.47968
2.20902,2.42958,2.74371,2.24891,2.8852,3.20561,1.98342,1.78377,2.04044,2.53885
2.24983,2.41238,2.7471,2.27918,2.88165,3.23488,2.00109,1.77887,2.05958,2.52454
2.24757,2.41382,2.74414,2.33636,2.87922,3.22559,1.98772,1.78843,2.07552,2.54757
2.27972,2.37441,2.73033,2.37578,2.877,3.17698,2.00717,1.76493,2.05759,2.55034
2.28455,2.36,2.72029,2.3765,2.85093,3.19203,2.00225,1.77303,2.06659,2.56472
2.25596,2.3778,2.70406,2.36229,2.88813,3.11501,2.05118,1.77984,2.07819,2.53261
2.28271,2.41621,2.72503,2.33277,2.89847,3.07704,2.08942,1.8076,2.07013,2.53453
2.28732,2.42999,2.68921,2.3184,2.91819,3.06637,2.05959,1.79091,2.08307,2.52325
2.28283,2.4219,2.69288,2.34042,2.85147,3.0284,2.08549,1.78417,2.08921,2.55161
2.27781,2.41148,2.68446,2.29595,2.82879,2.98322,2.08502,1.79268,2.07228,2.54684
2.26895,2.3817,2.73021,2.33062,2.88307,3.04922,2.09598,1.79837,2.03604,2.55387
2.28051,2.36601,2.72198,2.31212,2.87179,3.06274,2.04925,1.77441,1.99859,2.55857
2.31866,2.38517,2.66087,2.29377,2.88343,3.01658,1.99533,1.76843,2.01822,2.57779
2.30539,2.37382,2.68023,2.27709,2.91178,3.01982,1.99689,1.73398,2.01155,2.55336
2.31387,2.34282,2.71502,2.25024,2.89375,3.0482,1.98228,1.74651,1.99947,2.53645
2.27416,2.35357,2.72461,2.26047,2.84355,3.02762,1.98509,1.76939,2.00618,2.53334
2.26819,2.32629,2.74616,2.21442,2.83474,2.9819,1.99795,1.74247,2.00324,2.51385
2.24611,2.30204,2.73973,2.20646,2.82268,2.9677,2.02087,1.75625,2.0162,2.49808
2.24594,2.29504,2.68968,2.22964,2.8578,2.91119,1.99424,1.76963,2.05979,2.47749
2.2182,2.33445,2.68126,2.22561,2.89546,2.97019,1.99054,1.78343,2.05038,2.45948
2.2152,2.2861,2.69847,2.19477,2.9649,2.9542,2.02043,1.79256,2.08094,2.46217
2.25272,2.27926,2.73331,2.18531,3.04231,2.97996,2.05989,1.80743,2.10003,2.44427
2.26422,2.27299,2.77271,2.15884,3.01463,2.97812,2.06132,1.78676,2.0871,2.41857
2.27592,2.27535,2.80057,2.18431,3.0087,2.95206,2.05564,1.81069,2.14545,2.42241
2.2746,2.27821,2.77427,2.23707,3.04592,2.88878,2.01944,1.8416,2.14526,2.4313
2.29396,2.25504,2.79158,2.22612,3.036,2.93103,2.04253,1.86399,2.1508,2.43698
2.30181,2.26618,2.82986,2.221,3.05823,2.94965,2.03186,1.91348,2.16064,2.43277
2.31259,2.27505,2.86507,2.21015,3.04582,2.93151,2.00175,1.92466,2.17185,2.4323
2.34485,2.25322,2.89083,2.23095,3.07386,2.91139,1.97464,1.92367,2.13441,2.41285
2.38893,2.27654,2.87415,2.25147,3.06354,2.92006,1.98222,1.9528,2.08547,2.45306
2.36672,2.28467,2.93013,2.21548,3.006,2.88958,2.00093,1.93049,2.10475,2.44761
2.38408,2.28412,2.92784,2.21633,2.9997,2.88832,1.99178,1.93396,2.13684,2.44254
2.34155,2.30662,2.9315,2.20676,2.98926,2.89569,1.98306,1.91537,2.11894,2.42413
2.37082,2.2942,2.93336,2.18911,2.99489,2.98129,1.96471,1.90896,2.17655,2.46203
2.35265,2.30612,2.86365,2.19216,3.01015,2.97965,1.99146,1.91284,2.15005,2.4618
2.36894,2.2274,2.87836,2.22454,2.9914,2.94472,1.97925,1.92058,2.14453,2.47764
2.37456,2.23607,2.89942,2.20529,2.96977,2.92139,1.98844,1.95313,2.12543,2.44059
2.34741,2.22132,2.89879,2.17913,2.94563,2.91571,2.0257,1.98937,2.12738,2.46132
2.35527,2.20611,2.82912,2.15452,2.95728,2.87828,2.06892,2.01466,2.16903,2.43699
2.4033,2.21599,2.82583,2.16069,2.99561,2.88859,2.09743,2.03199,2.19772,2.45275
2.40822,2.24662,2.8271,2.16549,2.99967,2.8744,2.10973,2.02767,2.21375,2.46048
2.43305,2.23164,2.87819,2.17291,3.0385,2.9205,2.09484,2.01488,2.26833,2.48615
2.41033,2.19221,2.84895,2.15437,3.04647,2.92353,2.11565,1.97345,2.27515,2.49241
2.38232,2.19635,2.79075,2.16938,3.08217,2.91252,2.12158,2.00404,2.29523,2.49523
2.38041,2.19284,2.75126,2.19242,3.06431,2.92059,2.14348,2.04399,2.30627,2.48852
2.44394,2.20219,2.80823,2.20788,3.09075,2.89658,2.14001,2.06989,2.3034,2.53672
2.3997,2.23022,2.81789,2.22262,3.10099,2.94293,2.13099,2.06746,2.31602,2.56372
2.37138,2.29055,2.81487,2.23528,3.07141,2.87883,2.10566,2.04395,2.35353,2.58944
2.4097,2.30245,2.76164,2.26409,3.03593,2.92403,2.09512,2.07196,2.34323,2.5779
2.42084,2.30705,2.79961,2.29996,3.03155,2.92007,2.11909,2.06697,2.35835,2.6167
2.43584,2.27694,2.83949,2.27924,3.02155,2.94085,2.11042,2.08469,2.34637,2.64494
2.43972,2.29746,2.86025,2.28627,3.03403,2.97209,2.08442,2.0764,2.37881,2.63416
2.45083,2.26314,2.83001,2.28182,3.00594,2.97955,2.07141,2.06976,2.38387,2.642
2.48181,2.28468,2.80548,2.29031,3.05244,3.01381,2.06926,2.05047,2.46187,2.64191
2.49518,2.27119,2.78457,2.296,3.05976,3.05109,2.06229,2.03575,2.4608,2.58931
2.47159,2.27436,2.76369,2.30632,3.08613,3.0342,2.07447,2.03046,2.45214,2.54034
2.45761,2.33838,2.77163,2.3086,3.09406,3.0301,2.0896,2.03591,2.41289,2.58796
2.45653,2.33697,2.79798,2.28031,3.11063,3.06057,2.10272,2.04044,2.42015,2.6113
2.48038,2.32606,2.84464,2.27833,3.09184,3.06617,2.07212,2.07887,2.42977,2.60442
2.50082,2.34174,2.82613,2.28211,3.08301,3.07768,2.06082,2.07243,2.42405,2.57432
2.47685,2.33337,2.81636,2.26631,3.08902,3.06748,2.04884,2.0463,2.41714,2.65042
2.50204,2.35844,2.80404,2.25362,3.19757,3.0873,2.05946,2.02386,2.41425,2.62524
2.52722,2.37317,2.83361,2.29316,3.19435,3.1191,2.04451,2.03402,2.39769,2.59413
2.50722,2.39644,2.81478,2.30813,3.17534,3.1205,2.00457,2.02948,2.39274,2.64497
2.52346,2.39068,2.73857,2.29063,3.18366,3.12062,2.03259,2.03976,2.39323,2.67556
2.5009,2.4123,2.69411,2.30487,3.14918,3.10553,2.01869,2.04539,2.35857,2.67336
2.50481,2.46184,2.68598,2.24718,3.12754,3.08611,2.03811,2.05636,2.35653,2.65244
2.50723,2.49905,2.70579,2.21719,3.11586,3.07473,2.03953,2.05683,2.3654,2.64405
2.4726,2.52779,2.72878,2.20924,3.13861,3.10542,2.02315,2.04976,2.37012,2.69283
2.45386,2.54575,2.76028,2.19441,3.17011,3.14289,2.0013,2.06968,2.3631,2.70488
2.49106,2.56292,2.73481,2.18472,3.14939,3.13503,1.98586,2.07847,2.33942,2.7241
2.49852,2.58583,2.7663,2.18235,3.14417,3.09172,1.96349,2.10446,2.3601,2.70228
2.53162,2.59729,2.71391,2.18611,3.10456,3.04217,1.94214,2.12445,2.40111,2.67466
2.55651,2.61584,2.66685,2.17692,3.08448,3.02009,1.96449,2.16146,2.41043,2.68413
2.56981,2.63932,2.70589,2.1672,3.0889,3.01949,1.94672,2.17157,2.41292,2.64807
2.55588,2.59058,2.67093,2.16587,3.0838,3.00369,1.94648,2.17064,2.43062,2.65679
2.58588,2.63871,2.64216,2.16729,3.07057,2.99393,1.94802,2.15085,2.36944,2.7039
2.62462,2.67044,2.67672,2.16162,3.03198,3.01926,1.97332,2.16828,2.42553,2.65602
2.62862,2.63734,2.71052,2.17077,3.01855,3.01471,1.98135,2.15873,2.41658,2.67847
2.65544,2.63797,2.73603,2.159,3.04096,3.04826,1.95363,2.12905,2.40614,2.64817
2.66938,2.63177,2.72152,2.11632,3.04814,3.06276,1.97587,2.1508,2.37512,2.66139
2.65526,2.61615,2.74277,2.10964,3.08202,3.07725,1.97998,2.16415,2.34774,2.69224
2.66214,2.62145,2.71003,2.10291,3.05021,3.05258,1.97235,2.16467,2.36131,2.70949
2.7109,2.6274,2.71716,2.08601,3.02201,3.04577,1.99302,2.18782,2.33881,2.72825
2.72293,2.69267,2.67484,2.05557,3.02003,3.07636,1.99445,2.19069,2.39204,2.72409
2.71608,2.73003,2.6925,2.04438,3.03723,3.08173,2.04527,2.20868,2.40942,2.72368
2.72643,2.72951,2.71083,2.02866,3.06942,3.10338,2.06312,2.20689,2.38443,2.7776
2.74841,2.69815,2.71648,2.05459,3.0743,3.12408,2.06422,2.21329,2.41418,2.77542
2.74855,2.69033,2.72918,2.08839,3.09033,3.13803,2.08922,2.21662,2.34593,2.80229
2.78397,2.70089,2.71065,2.14323,3.03762,3.11268,2.06397,2.20673,2.31833,2.79545
2.79559,2.7218,2.72622,2.12566,3.02909,3.08502,2.07665,2.19915,2.29685,2.77282
2.76317,2.6802,2.71847,2.16053,2.9709,3.12243,2.06591,2.24226,2.27305,2.72555
2.75908,2.73318,2.71197,2.16706,2.96009,3.11961,2.07311,2.26554,2.29333,2.74334
2.74317,2.74544,2.71315,2.14697,2.92314,3.1427,2.08326,2.27383,2.26887,2.75529
2.71181,2.79063,2.70301,2.15983,2.92478,3.14116,2.07612,2.32828,2.2417,2.7724
2.65895,2.79957,2.66536,2.18619,2.91444,3.11848,2.07965,2.35975,2.22348,2.80675
2.67272,2.79264,2.66893,2.18184,2.95468,3.14087,2.09094,2.41863,2.19969,2.79728
2.6678,2.78062,2.67052,2.15189,2.96384,3.15494,2.07836,2.40876,2.22029,2.78017
2.67935,2.79141,2.63453,2.11613,2.93305,3.15687,2.0622,2.3902,2.22189,2.77258
2.67506,2.80688,2.6116,2.12348,2.91514,3.1792,2.06242,2.42086,2.23678,2.80372
2.67697,2.82054,2.58977,2.13922,2.92158,3.18945,2.03919,2.42961,2.22019,2.80104
2.64276,2.83049,2.59211,2.1487,2.94093,3.12614,2.03798,2.46398,2.23295,2.80005
2.63252,2.84658,2.58941,2.12531,2.92842,3.09626,2.07115,2.57091,2.22625,2.76911
2.64521,2.86833,2.64235,2.11791,2.91665,3.12493,2.06441,2.53012,2.21874,2.75158
2.62423,2.8929,2.65407,2.14832,2.9569,3.22132,2.05384,2.51513,2.22561,2.84283
2.62721,2.8833,2.69373,2.1402,2.93553,3.21675,2.04537,2.49184,2.22025,2.86661
2.65056,2.8723,2.71526,2.13951,2.93367,3.20736,2.05546,2.51813,2.21127,2.85838
2.69457,2.89486,2.71158,2.10966,2.87269,3.20805,2.07311,2.51351,2.19825,2.86729
2.72371,2.85632,2.75466,2.14125,2.87056,3.24804,2.05477,2.49874,2.20849,2.82057
2.75906,2.90476,2.72771,2.10137,2.90662,3.30546,2.03979,2.507,2.2286,2.80998
2.77327,2.91566,2.68837,2.11561,2.90067,3.2724,2.04464,2.48294,2.22636,2.81193
2.77385,2.85886,2.70648,2.10534,2.88441,3.26204,2.09712,2.47102,2.20343,2.79074
2.74451,2.85015,2.68374,2.1078,2.83398,3.29569,2.11685,2.46805,2.22128,2.80891
2.69823,2.8816,2.71165,2.1085,2.84157,3.28827,2.12152,2.45642,2.20209,2.86562
2.7099,2.92207,2.7408,2.11745,2.88546,3.25167,2.1098,2.4794,2.19014,2.87464
2.75642,2.90589,2.72173,2.13654,2.90417,3.21669,2.09727,2.49665,2.22765,2.89696
2.74936,2.90081,2.76582,2.13957,2.91799,3.22767,2.08927,2.49076,2.26313,2.88198
2.73285,2.89644,2.73387,2.17065,2.87355,3.23945,2.09339,2.48516,2.31972,2.89737
2.72445,2.93479,2.77679,2.19315,2.83156,3.1598,2.10619,2.48738,2.33713,2.89963
2.72036,2.91356,2.78151,2.20464,2.8274,3.11846,2.09266,2.50674,2.33539,2.89801
2.71573,2.95115,2.7587,2.19543,2.8201,3.18055,2.06559,2.52428,2.35198,2.95963
2.72462,2.985,2.77264,2.19741,2.85075,3.17984,2.06004,2.5226,2.34662,2.97148
2.73209,2.98877,2.78574,2.22379,2.83921,3.18544,2.0659,2.54921,2.34786,2.96916
2.73081,2.97688,2.77676,2.2388,2.88632,3.17522,2.03885,2.5441,2.37618,3.00491
2.7174,2.98808,2.78697,2.25884,2.91221,3.17691,1.98389,2.55183,2.36816,2.99203
2.75181,2.95297,2.77659,2.24641,2.892,3.18155,2.01375,2.61798,2.3579,2.97913
2.7863,2.90299,2.77082,2.23939,2.89119,3.14085,2.02784,2.60885,2.32162,2.96304
2.7872,2.89039,2.77059,2.2425,2.87065,3.17267,2.02247,2.61496,2.31161,3.01353
2.79397,2.89171,2.74927,2.29927,2.85461,3.18471,2.04085,2.62008,2.31937,3.07752
2.7559,2.95448,2.72126,2.28335,2.82284,3.24264,2.0497,2.61515,2.34225,3.13958
2.77774,2.94348,2.73411,2.32131,2.86896,3.21923,2.03916,2.66379,2.3301,3.13071
2.79008,2.96368,2.71233,2.29262,2.86365,3.22588,2.04554,2.64009,2.32192,3.17015
2.8232,2.99786,2.74237,2.27814,2.81104,3.22835,2.06449,2.67054,2.32589,3.13723
2.83855,2.98688,2.71615,2.27906,2.83704,3.2455,2.12054,2.67315,2.31333,3.08864
2.89597,2.93649,2.73323,2.32315,2.79672,3.24542,2.13025,2.6866,2.25857,3.07758
2.89197,2.93797,2.67878,2.33105,2.83546,3.23053,2.14794,2.66743,2.28387,3.08267
2.91657,3.0395,2.68307,2.3123,2.91075,3.20781,2.14973,2.63789,2.29779,3.08258
2.88683,3.07899,2.6998,2.31987,2.92608,3.25071,2.13299,2.63387,2.28701,3.07548
2.86599,3.04256,2.65566,2.33668,2.90894,3.23713,2.1465,2.67345,2.31187,3.07815
2.85174,3.04572,2.68067,2.34844,2.87339,3.30491,2.10903,2.67665,2.31068,3.06389
2.87782,3.05965,2.70491,2.34364,2.86032,3.30246,2.14685,2.69091,2.23778,3.12806
2.88001,3.03272,2.68735,2.32566,2.87448,3.25946,2.12435,2.68307,2.2375,3.16282
2.91708,3.05355,2.67757,2.29218,2.87846,3.23402,2.13357,2.72095,2.2373,3.1765
2.92111,3.09658,2.68546,2.28459,2.8277,3.21338,2.12597,2.75518,2.2346,3.2107
2.90569,3.08803,2.70384,2.3129,2.80395,3.19594,2.1183,2.75427,2.20502,3.21355
2.94744,3.09727,2.71967,2.3433,2.78786,3.20828,2.08936,2.754,2.21144,3.23804
2.99699,3.07127,2.71963,2.36277,2.72696,3.21219,2.10039,2.73656,2.23657,3.27481
2.97425,3.07648,2.72662,2.34944,2.72832,3.20261,2.07076,2.71622,2.23848,3.29926
3.02435,3.07278,2.75661,2.34416,2.74653,3.18836,2.09346,2.70643,2.25605,3.27884
3.04189,3.05998,2.72059,2.35033,2.77583,3.20061,2.1173,2.71367,2.25011,3.2995
3.02752,3.00388,2.7332,2.34568,2.81835,3.18203,2.11168,2.74985,2.24998,3.27859
3.06236,2.99628,2.754,2.35527,2.81584,3.20402,2.09733,2.75266,2.2522,3.31473
3.11148,3.00349,2.75909,2.35811,2.85147,3.27699,2.15119,2.76746,2.30211,3.31395
3.09488,2.98446,2.79171,2.3265,2.87963,3.26678,2.12763,2.79748,2.30467,3.2911
3.12136,2.97513,2.80939,2.32349,2.8685,3.28786,2.17168,2.78184,2.34675,3.27398
3.14359,2.97984,2.8558,2.32486,2.85796,3.22712,2.17296,2.77656,2.38036,3.22212
3.21718,2.96319,2.8713,2.31176,2.83236,3.24388,2.17109,2.76158,2.39381,3.2434
3.24154,2.96363,2.83063,2.30383,2.82286,3.21237,2.16289,2.7402,2.36976,3.31454
3.24805,2.97215,2.79519,2.33683,2.84395,3.20693,2.16243,2.70487,2.3712,3.32135
3.25745,2.97681,2.80911,2.36136,2.87794,3.17715,2.16763,2.70859,2.39613,3.37754
3.2721,2.97861,2.81754,2.29198,2.85209,3.15546,2.1702,2.71728,2.40711,3.33091
3.24342,2.95993,2.8331,2.30397,2.84767,3.1983,2.17876,2.75194,2.4357,3.30701
3.26851,2.95396,2.84387,2.31273,2.88548,3.18653,2.17454,2.73355,2.41919,3.29441
3.29256,2.98264,2.81868,2.30645,2.87885,3.18352,2.20456,2.74034,2.41733,3.26326
3.25958,2.9579,2.81241,2.33193,2.87335,3.18816,2.20298,2.78158,2.42091,3.29742
3.24324,2.96305,2.89198,2.351,2.90794,3.22202,2.1993,2.77116,2.42105,3.31691
3.30843,3.01562,2.90511,2.39565,2.89555,3.28614,2.17776,2.79853,2.43538,3.32625
3.31893,3.0092,2.91913,2.41369,2.85911,3.32406,2.21058,2.86067,2.44859,3.2822
3.28644,2.95145,2.9125,2.39005,2.89255,3.38601,2.22597,2.86421,2.3882,3.24905
3.33442,2.92619,2.8571,2.35789,2.86568,3.39989,2.23121,2.83681,2.37593,3.27359
3.36392,2.95614,2.84447,2.34746,2.86482,3.4586,2.20633,2.79092,2.33728,3.24916
