0,1,2,3,4,5,6,7,8,9
0,0,0,0,0,0,0,0,0,0
0,0,0,0,0,0,0,0,0,0
0,0,0,0,0,0,0,0,0,0
0,0,0,0,0,0,0,0,0,0
0,0,0,0,0,0,0,0,0,0
0,0,0,0,0,0,0,0,0,0
0,0,0,0,0,0,0,0,0,0
0,0,0,0,0,0,0,0,0,0
0,0,0,0,0,0,0,0,0,0
0.0986853,0.0992021,0.0977183,0.10402,0.0979774,0.0996713,0.0995275,0.100522,0.101055,0.10162
0.100082,0.0988033,0.099248,0.102707,0.0974601,0.0993684,0.0999703,0.100944,0.100634,0.100783
0.10044,0.097331,0.0995042,0.101976,0.0969863,0.101113,0.101504,0.0989968,0.100355,0.101795
0.100242,0.0956864,0.0983699,0.103097,0.0951386,0.103305,0.102626,0.0969753,0.100107,0.104454
0.100415,0.0968927,0.0986515,0.101828,0.0960884,0.10232,0.102348,0.097644,0.100084,0.103728
0.0997628,0.0977107,0.0980176,0.101753,0.0959824,0.102723,0.102077,0.0970353,0.100298,0.10464
0.0990511,0.0966128,0.0972574,0.102813,0.0951518,0.104485,0.102259,0.0955648,0.100387,0.106418
0.0989877,0.100729,0.0984686,0.100558,0.0980036,0.101034,0.100632,0.0977671,0.100441,0.10338
0.0974803,0.103623,0.0968034,0.100214,0.0992873,0.100925,0.0995945,0.0972506,0.100686,0.104137
0.0980655,0.102333,0.097679,0.100247,0.0991061,0.101116,0.100119,0.0973213,0.100513,0.103501
0.0984211,0.102362,0.098117,0.0999697,0.0995504,0.100678,0.0995915,0.0983963,0.100508,0.102406
0.0980707,0.100783,0.0992771,0.101571,0.098733,0.0993196,0.0991098,0.0993307,0.101295,0.102511
0.0997003,0.0993082,0.099077,0.102727,0.0980812,0.0992359,0.0976622,0.10228,0.100886,0.101042
0.095969,0.102442,0.096606,0.105192,0.0993971,0.0981099,0.0980837,0.0999802,0.101225,0.102995
0.0941935,0.104347,0.0948457,0.107191,0.100006,0.0973583,0.0963833,0.100648,0.101635,0.103392
0.0945259,0.104496,0.095885,0.104418,0.100666,0.0988134,0.0988863,0.097269,0.100937,0.104104
0.0954293,0.107148,0.094237,0.101498,0.103169,0.100497,0.098851,0.095328,0.0997533,0.10409
0.0985318,0.102405,0.0981418,0.100835,0.101516,0.0998585,0.0990278,0.0984932,0.0998171,0.101374
0.0947754,0.103406,0.0961978,0.104531,0.101374,0.0973505,0.0998676,0.0985447,0.101164,0.102789
0.0976656,0.100475,0.0976704,0.105426,0.0991249,0.098689,0.0971075,0.102041,0.100774,0.101026
0.0976412,0.101148,0.0971767,0.105349,0.0997714,0.0991556,0.0965775,0.102381,0.100498,0.100302
0.0983519,0.101238,0.0982237,0.103047,0.0998468,0.0991016,0.0977639,0.101475,0.100506,0.100446
0.0977057,0.101941,0.0982345,0.102672,0.0998084,0.0990498,0.0970726,0.101467,0.100866,0.101183
0.0974728,0.102857,0.097696,0.101721,0.0998724,0.0990525,0.0965542,0.101784,0.101467,0.101523
0.0983793,0.101592,0.0983663,0.101406,0.0997426,0.0990414,0.0973406,0.101962,0.101285,0.100884
0.0995334,0.100443,0.0982186,0.102496,0.0984781,0.099205,0.0967576,0.103419,0.101033,0.100417
0.0990959,0.101214,0.097315,0.102092,0.0986781,0.0988161,0.0961594,0.103985,0.101681,0.100963
0.0977619,0.102282,0.0963661,0.103324,0.0993801,0.0986332,0.0971658,0.102036,0.101282,0.101769
0.0966295,0.102218,0.0946202,0.104718,0.0987121,0.100354,0.0975983,0.0995198,0.101079,0.104551
0.0978188,0.102375,0.0964046,0.101783,0.0997071,0.100671,0.0989268,0.0988596,0.100071,0.103383
0.100261,0.0993563,0.0982407,0.102,0.0971263,0.0998166,0.100266,0.100384,0.10041,0.102139
0.100488,0.098095,0.0982029,0.102282,0.0962047,0.100911,0.101429,0.0990763,0.100189,0.103121
0.100838,0.0964286,0.0984049,0.104348,0.0943321,0.101221,0.100195,0.100231,0.100389,0.103611
0.0988599,0.0961861,0.0951711,0.1045,0.0955177,0.104173,0.100325,0.0982371,0.10137,0.105659
0.0990121,0.0960228,0.0954134,0.104498,0.0952069,0.103961,0.0996981,0.0987837,0.101546,0.105858
0.0976503,0.0939308,0.094234,0.105964,0.0927082,0.107521,0.10398,0.0933375,0.100485,0.110191
0.0975789,0.0950274,0.0927429,0.108085,0.0928326,0.105453,0.100612,0.0961813,0.101363,0.110123
0.0972394,0.0975284,0.0933772,0.105602,0.0951281,0.10399,0.0988321,0.0979346,0.102302,0.108067
0.0975414,0.0975609,0.0947793,0.104944,0.0954379,0.104344,0.101162,0.0956568,0.100764,0.107809
0.0964664,0.0989488,0.0935427,0.105654,0.0960077,0.103387,0.100179,0.0963592,0.101585,0.107871
0.0956427,0.101637,0.0920027,0.10579,0.0973038,0.102622,0.0989314,0.0968891,0.100775,0.108406
0.0958658,0.101479,0.0916376,0.103902,0.0979343,0.103257,0.0988479,0.0969479,0.102445,0.107683
0.0938535,0.102025,0.0904534,0.106764,0.0967306,0.103157,0.0993273,0.0949124,0.101478,0.111298
0.0938215,0.0983475,0.0902564,0.109347,0.0934297,0.104677,0.100403,0.0945707,0.102281,0.112866
0.0944052,0.0991084,0.0908968,0.108831,0.0944087,0.103696,0.0992923,0.0958214,0.10227,0.11127
0.0950113,0.102747,0.0911736,0.105863,0.0977313,0.102846,0.098195,0.0965472,0.10058,0.109307
0.0951285,0.100277,0.0919043,0.107397,0.095979,0.102462,0.0987626,0.0971149,0.102179,0.108796
0.0973895,0.0946103,0.0947134,0.106939,0.0929861,0.104259,0.101799,0.0972393,0.101759,0.108306
0.0991114,0.0937523,0.096368,0.105382,0.0932099,0.105417,0.102834,0.0961484,0.100566,0.10721
0.0985919,0.0939536,0.0965476,0.106185,0.0930043,0.10421,0.101973,0.0972284,0.101002,0.107304
0.0960341,0.0973474,0.0922846,0.107695,0.0948948,0.102829,0.0989281,0.098548,0.103604,0.107835
0.0982235,0.0937326,0.0940514,0.107138,0.0924788,0.10474,0.102876,0.0963483,0.102137,0.108275
0.0977855,0.0925189,0.0931608,0.107371,0.0928446,0.108627,0.102589,0.094312,0.101082,0.10971
0.0933271,0.095039,0.0888485,0.108694,0.0940312,0.110753,0.099893,0.0928599,0.104392,0.112162
0.0959375,0.0941311,0.0899031,0.107673,0.0938448,0.109415,0.0997491,0.095524,0.103712,0.11011
0.095152,0.0949132,0.0915658,0.108792,0.0935081,0.108699,0.101422,0.0929682,0.102481,0.110499
0.0918488,0.100752,0.0916571,0.107696,0.0970065,0.10443,0.100222,0.0924405,0.10281,0.111136
0.0911267,0.104501,0.0913137,0.10611,0.0985285,0.101692,0.0994381,0.0924474,0.102403,0.11244
0.0901233,0.109105,0.0913125,0.103178,0.102204,0.0981268,0.100796,0.0918946,0.102208,0.111051
0.0897699,0.108012,0.0909466,0.104323,0.102045,0.098317,0.101458,0.0915948,0.102483,0.111051
0.0945513,0.102805,0.0956091,0.103125,0.0998101,0.0995839,0.100981,0.0956016,0.101572,0.10636
0.093362,0.104538,0.095334,0.102749,0.100967,0.0970565,0.102232,0.095531,0.102106,0.106125
0.0928888,0.104705,0.0946289,0.103728,0.101032,0.0962728,0.101668,0.0967426,0.102507,0.105826
0.0931161,0.105098,0.0948095,0.102553,0.10118,0.097203,0.102431,0.0943031,0.102004,0.107303
0.0929088,0.104788,0.0945764,0.103275,0.100738,0.0966602,0.10149,0.0955133,0.102613,0.107437
0.0934924,0.101891,0.0946516,0.106236,0.0981598,0.0950144,0.0993815,0.100045,0.104033,0.107096
0.0956267,0.100955,0.0958391,0.105444,0.0973631,0.0963135,0.0984096,0.101618,0.103247,0.105184
0.0992182,0.099797,0.0969672,0.10568,0.0960853,0.0984118,0.0944603,0.106076,0.101876,0.101428
0.0996525,0.0988791,0.0975493,0.105937,0.0954198,0.0988451,0.0964057,0.104273,0.10119,0.101848
0.0989309,0.0979063,0.0972744,0.106881,0.0948294,0.0985758,0.0980871,0.101954,0.101403,0.104158
0.0963289,0.0998402,0.0961488,0.107114,0.0966277,0.096845,0.0984647,0.101132,0.102369,0.105131
0.100489,0.0975117,0.0985714,0.105106,0.0948131,0.0993196,0.0981686,0.10245,0.10086,0.10271
0.100204,0.0979415,0.0977832,0.105228,0.0957778,0.0999716,0.0966179,0.103583,0.101145,0.101747
0.0997482,0.099131,0.0971345,0.105274,0.0970988,0.100199,0.0976191,0.102206,0.100343,0.101246
0.0983827,0.0979661,0.0930608,0.107072,0.0954797,0.10244,0.0962083,0.102463,0.102282,0.104645
0.0962479,0.0971841,0.090625,0.109411,0.0948471,0.103446,0.0968554,0.10022,0.103043,0.108119
0.0929768,0.102146,0.090268,0.109569,0.0977615,0.100697,0.0965625,0.0983172,0.102723,0.108978
0.0905958,0.104348,0.0883222,0.109571,0.0988251,0.101586,0.0968344,0.0955878,0.102885,0.111444
0.0878941,0.107441,0.084739,0.110841,0.0999643,0.102146,0.0958622,0.0938711,0.102729,0.114513
0.0904982,0.103053,0.0863039,0.106318,0.0990673,0.103196,0.0995979,0.092803,0.105123,0.11404
0.091974,0.100894,0.0871189,0.105364,0.0979569,0.103511,0.100059,0.0941583,0.105876,0.113088
0.0905585,0.104014,0.0886808,0.104212,0.0993904,0.102579,0.100697,0.0922811,0.104279,0.113308
0.0909142,0.101032,0.0847733,0.105296,0.0961823,0.106787,0.0990126,0.0933152,0.106964,0.115723
0.0946921,0.0970245,0.0907516,0.107224,0.0940176,0.104054,0.0992121,0.09834,0.104947,0.109737
0.0962866,0.0966926,0.0932651,0.10683,0.0943943,0.103104,0.0992459,0.0990966,0.103607,0.107478
0.0997477,0.097014,0.098891,0.103202,0.096647,0.100988,0.100514,0.0992451,0.100798,0.102953
0.0991128,0.0964133,0.0985017,0.104137,0.0959662,0.100904,0.101812,0.0978545,0.101226,0.104073
0.0994497,0.0966383,0.0983553,0.103893,0.0958798,0.100943,0.101271,0.0986348,0.101252,0.103683
0.098842,0.0988139,0.0975463,0.103068,0.0976664,0.0993432,0.10239,0.09788,0.100642,0.103808
0.0979274,0.100644,0.0957625,0.103014,0.0986829,0.0999102,0.101872,0.0968148,0.100224,0.105148
0.0979582,0.10205,0.0955329,0.102631,0.100827,0.0991613,0.101209,0.0973749,0.0988102,0.104445
0.0997043,0.100621,0.0956127,0.103449,0.100625,0.0990222,0.0996586,0.100386,0.0979704,0.102951
0.0990136,0.100613,0.0973681,0.102168,0.0995242,0.0998453,0.101454,0.0974408,0.0987746,0.103798
0.0981303,0.101721,0.0959137,0.102778,0.0998804,0.100156,0.1017,0.0958317,0.0981819,0.105706
0.100617,0.0981406,0.0982517,0.102385,0.0980195,0.100438,0.101805,0.0985386,0.098603,0.103201
0.0995089,0.100022,0.0982685,0.101705,0.0992697,0.0999355,0.101358,0.0979927,0.0990843,0.102855
0.0997528,0.0990359,0.0984157,0.102102,0.0983701,0.0991179,0.101078,0.0993981,0.100326,0.102403
0.0982033,0.101533,0.0974095,0.101912,0.100393,0.0992446,0.100546,0.0980222,0.100159,0.102578
0.0975712,0.104478,0.095894,0.100507,0.102666,0.100135,0.0997423,0.0959585,0.0990218,0.104026
0.0986251,0.100912,0.0980793,0.103222,0.100413,0.0991938,0.098806,0.100159,0.0999006,0.10069
0.098306,0.0999425,0.097743,0.104158,0.0993532,0.100687,0.0991741,0.0999166,0.0996667,0.101053
0.0985425,0.100796,0.097907,0.10154,0.0990605,0.10137,0.099295,0.0987555,0.100282,0.102451
0.0971592,0.102677,0.0948321,0.102298,0.0993954,0.101727,0.100037,0.096133,0.0997602,0.105981
0.0956126,0.102501,0.0921415,0.105005,0.0977303,0.102283,0.100192,0.095071,0.100286,0.109177
0.095726,0.104422,0.0909978,0.103864,0.0989653,0.102755,0.0994384,0.0945633,0.0997831,0.109485
0.0946151,0.102519,0.0919773,0.105482,0.096847,0.103319,0.10019,0.0937927,0.100304,0.110955
0.0971864,0.100066,0.0950386,0.104366,0.0953479,0.102704,0.10072,0.0957402,0.100649,0.108183
0.0952495,0.0964947,0.0909729,0.11059,0.0924235,0.102528,0.102766,0.0949799,0.102882,0.111114
0.0985674,0.0945915,0.095096,0.108863,0.0918133,0.102479,0.101071,0.0983183,0.101393,0.107807
0.096566,0.0961181,0.0925451,0.110107,0.0923577,0.101918,0.102282,0.0979943,0.101648,0.108463
0.0949927,0.0976357,0.0913565,0.111838,0.0924184,0.100405,0.10111,0.0994539,0.10266,0.10813
0.095022,0.100865,0.0922018,0.109405,0.0949623,0.100144,0.0979511,0.100711,0.101751,0.106988
0.0982707,0.0988264,0.0935696,0.1059,0.0953653,0.101511,0.0997287,0.0995989,0.100747,0.106482
0.0967099,0.0991882,0.0920662,0.107787,0.0950094,0.100356,0.09818,0.102643,0.102709,0.105351
0.0998537,0.0975444,0.095326,0.10416,0.095074,0.102434,0.101825,0.0983181,0.0998642,0.105601
0.100334,0.0980569,0.0954788,0.10382,0.0960555,0.101861,0.100915,0.0997074,0.0996119,0.104159
0.0985593,0.0997502,0.0912616,0.10572,0.0964587,0.103249,0.0989559,0.0994738,0.0991575,0.107415
0.0991183,0.100255,0.0943625,0.103109,0.0979224,0.102123,0.0991969,0.0997622,0.0995042,0.104646
0.0990949,0.099456,0.0935258,0.10447,0.0975243,0.102026,0.0990411,0.10016,0.0993883,0.105313
0.100043,0.099275,0.0959898,0.102967,0.0980712,0.101134,0.0994831,0.100822,0.0994661,0.102749
0.0998806,0.0997981,0.0966254,0.102766,0.0988212,0.0993808,0.0995573,0.101116,0.0997429,0.102311
0.0996919,0.0992764,0.096358,0.103564,0.0982973,0.098981,0.100361,0.101041,0.100338,0.10209
0.0990617,0.0974614,0.0952793,0.105298,0.0965051,0.0998082,0.102487,0.0988005,0.100643,0.104657
0.0999385,0.0973444,0.0992977,0.102192,0.0972755,0.100332,0.102271,0.0982027,0.100706,0.10244
0.0997147,0.0997652,0.098299,0.101675,0.099845,0.100145,0.100281,0.0994759,0.0993829,0.101416
0.0967137,0.101749,0.0945356,0.103449,0.0994131,0.10221,0.0996854,0.096543,0.0994612,0.10624
0.0920504,0.104058,0.0919596,0.104756,0.0991452,0.101302,0.101941,0.0913006,0.10119,0.112296
0.0972328,0.101498,0.0956643,0.102768,0.0998932,0.101014,0.100476,0.0967348,0.0994053,0.105314
0.0960695,0.102133,0.0942612,0.103185,0.0997973,0.10193,0.0999117,0.0961576,0.0998059,0.106749
0.0940289,0.103238,0.0919176,0.103887,0.100207,0.103247,0.101582,0.0917961,0.0993027,0.110794
0.0950744,0.101285,0.0928387,0.10463,0.0984872,0.103786,0.10109,0.0928196,0.0995205,0.110469
0.095642,0.100759,0.0946256,0.10379,0.0988563,0.102427,0.102841,0.0924499,0.0996843,0.108926
0.0938081,0.109743,0.091883,0.100821,0.104961,0.0991642,0.0996589,0.0928906,0.0988205,0.10825
0.0964168,0.104077,0.095613,0.102175,0.100419,0.0988023,0.0976589,0.0991039,0.101134,0.1046
0.098182,0.0990125,0.0977604,0.104531,0.0968898,0.0980407,0.0986214,0.101,0.101862,0.1041
0.0975799,0.102309,0.0972142,0.101773,0.0995325,0.0992524,0.0984933,0.0989926,0.101136,0.103716
0.0967881,0.104361,0.0941582,0.103536,0.101017,0.100231,0.0977565,0.0987087,0.100077,0.103366
0.0968833,0.106356,0.0924788,0.102575,0.102552,0.101541,0.0962852,0.0986606,0.0992959,0.103373
0.0963356,0.103978,0.0948726,0.104199,0.100392,0.0990957,0.096981,0.100577,0.101022,0.102547
0.0959615,0.104878,0.0937531,0.104195,0.100557,0.0998227,0.0965914,0.0998304,0.100836,0.103574
0.0981729,0.101989,0.0975588,0.10389,0.100465,0.0988384,0.0955965,0.103766,0.100619,0.0991037
0.0966815,0.102123,0.0951138,0.104643,0.0994414,0.10023,0.0980343,0.0996124,0.100857,0.103264
0.0981571,0.101542,0.097403,0.103141,0.0993604,0.0986578,0.0969146,0.102633,0.101223,0.100969
0.0991463,0.10081,0.0978796,0.102658,0.0990936,0.0992487,0.0977339,0.102069,0.100658,0.100703
0.098326,0.102114,0.0978841,0.101668,0.10022,0.0995018,0.0983865,0.100532,0.100498,0.100868
0.0989711,0.101268,0.0971025,0.102088,0.0994089,0.0995955,0.0987984,0.100866,0.100553,0.101348
0.0994306,0.100577,0.098544,0.101707,0.0994121,0.099462,0.0982817,0.101559,0.100538,0.100488
0.0979782,0.101499,0.0972716,0.103188,0.0995321,0.0985238,0.0977301,0.101955,0.101123,0.1012
0.09959,0.101126,0.098059,0.10222,0.0993168,0.0995328,0.0967562,0.10328,0.100544,0.0995752
0.0988778,0.100493,0.0980866,0.102825,0.0987071,0.0988996,0.0972626,0.102421,0.10118,0.101247
0.0987952,0.100964,0.0981111,0.102233,0.098742,0.0990328,0.0966452,0.102743,0.101264,0.10147
0.0965213,0.104287,0.0957473,0.102594,0.0996891,0.0986509,0.0957546,0.101744,0.10156,0.103453
0.0966207,0.104537,0.0945021,0.102917,0.100434,0.0999629,0.0966934,0.100134,0.100411,0.103787
0.0966462,0.105868,0.0916402,0.102388,0.101178,0.101491,0.0978592,0.0974428,0.0992882,0.106199
0.0976342,0.107504,0.0918018,0.1001,0.103049,0.101474,0.0974525,0.0964093,0.0983718,0.106202
0.0961776,0.10874,0.0880387,0.102164,0.103619,0.101679,0.0983148,0.0943631,0.097338,0.109566
0.0970233,0.10781,0.0898212,0.101515,0.103507,0.100877,0.0982921,0.0953441,0.0975015,0.108309
0.0954205,0.108155,0.0875593,0.103804,0.102285,0.102238,0.0974127,0.0957474,0.0983398,0.109039
0.0974256,0.106355,0.0914187,0.101382,0.103074,0.100957,0.0996882,0.0947995,0.0973504,0.10755
0.0970941,0.106101,0.0927331,0.101533,0.103469,0.100664,0.0994858,0.0953039,0.0977698,0.105847
0.0970758,0.103723,0.093514,0.102495,0.100779,0.101149,0.100096,0.0961553,0.0988359,0.106177
0.0978147,0.10257,0.0965396,0.101407,0.100865,0.100496,0.100434,0.0968326,0.0994676,0.103574
0.0976021,0.103352,0.0956455,0.100445,0.100767,0.100549,0.101158,0.0957766,0.100008,0.104695
0.0963142,0.105976,0.0949522,0.100478,0.103355,0.0989589,0.0999454,0.0969654,0.100205,0.10285
0.0960189,0.105241,0.093983,0.100921,0.101485,0.0998167,0.100812,0.0958528,0.101179,0.10469
0.0931272,0.105032,0.0961363,0.102086,0.103184,0.0965432,0.100887,0.0967043,0.102123,0.104177
0.0893849,0.1085,0.0942606,0.103535,0.105033,0.0952816,0.100517,0.0954336,0.10233,0.105724
0.0908069,0.106237,0.0962075,0.102974,0.104138,0.0955393,0.100829,0.0963265,0.102738,0.104205
0.0909616,0.106791,0.0953445,0.103357,0.103844,0.0959483,0.100229,0.0962801,0.102124,0.105119
0.0927976,0.104525,0.0965982,0.102959,0.102389,0.096582,0.101297,0.0964639,0.101862,0.104526
0.0935294,0.104552,0.0959338,0.102205,0.101929,0.0970083,0.10228,0.0960195,0.101864,0.104679
0.0943074,0.105333,0.0958295,0.101961,0.102808,0.0976976,0.1002,0.0977329,0.100645,0.103486
0.0934093,0.106889,0.093864,0.102168,0.102215,0.0974798,0.100491,0.0970886,0.101362,0.105033
0.0956073,0.106335,0.0925671,0.103205,0.100529,0.0984191,0.0986167,0.099751,0.10055,0.10442
0.0977688,0.103595,0.0940482,0.105425,0.0987223,0.0982034,0.0935314,0.10638,0.101715,0.100612
0.0978775,0.103383,0.0941406,0.10526,0.098875,0.0983315,0.0940078,0.105582,0.101573,0.100969
0.0952277,0.105251,0.0928786,0.10602,0.100254,0.097301,0.0944592,0.103363,0.102109,0.103137
0.0935328,0.106849,0.090906,0.106325,0.101338,0.0987369,0.0958675,0.099737,0.101069,0.10564
0.0905021,0.109294,0.0876461,0.109813,0.101772,0.0971842,0.0931421,0.100838,0.102408,0.1074
0.0922416,0.106759,0.0896933,0.108312,0.101315,0.0975829,0.0952605,0.100528,0.102537,0.105772
0.0937832,0.106432,0.0917433,0.106143,0.101295,0.0974228,0.0962435,0.100643,0.102035,0.104258
0.0943728,0.104025,0.0911839,0.10715,0.0999934,0.098882,0.0962924,0.100679,0.102212,0.10521
0.0919376,0.103767,0.0883058,0.105197,0.100338,0.102185,0.0978601,0.0960936,0.104155,0.110161
0.094742,0.102379,0.0878345,0.104543,0.0982854,0.102908,0.0968431,0.099191,0.104537,0.108738
0.0936535,0.100824,0.0854923,0.106781,0.0968842,0.104539,0.0959748,0.0989286,0.105706,0.111216
0.0949386,0.100815,0.0857891,0.10681,0.0969775,0.104918,0.0960823,0.100488,0.104627,0.108555
0.0947374,0.100765,0.0863759,0.108358,0.0960621,0.104159,0.096291,0.100824,0.10399,0.108437
0.0940004,0.0995911,0.0861378,0.11016,0.0948005,0.104309,0.0962879,0.100297,0.104728,0.109689
0.0947595,0.104473,0.0892497,0.107388,0.0984231,0.100428,0.0957171,0.100425,0.101979,0.107158
0.0946643,0.105,0.0872224,0.106505,0.0981593,0.1024,0.0971687,0.0988529,0.10182,0.108208
0.094109,0.104363,0.0870937,0.107609,0.0974223,0.102613,0.0978428,0.0979198,0.101056,0.109971
0.0932441,0.1044,0.0856264,0.108182,0.0972804,0.102973,0.0965657,0.0978789,0.101824,0.112025
0.0950064,0.103462,0.0887447,0.106261,0.0979346,0.101493,0.0962685,0.100008,0.10221,0.108612
0.0968466,0.10287,0.091497,0.104811,0.0984605,0.101301,0.0974282,0.100126,0.100509,0.106151
0.0978605,0.10215,0.0950179,0.102897,0.0993072,0.100598,0.0985726,0.0997896,0.10017,0.103637
0.0975884,0.102042,0.0944605,0.103539,0.0987016,0.101157,0.098479,0.0992203,0.0999852,0.104827
0.0989174,0.0994743,0.0964322,0.103717,0.0979224,0.0996487,0.0993525,0.101304,0.101405,0.101827
0.0977268,0.100101,0.0961024,0.10392,0.0980365,0.100649,0.0995364,0.0988565,0.100758,0.104314
0.0991377,0.0988121,0.0976723,0.103085,0.0972828,0.100597,0.100495,0.0989873,0.100293,0.103637
0.0973215,0.101322,0.0972616,0.102253,0.0984488,0.100319,0.0997706,0.0978517,0.10106,0.104392
0.0975152,0.104395,0.0954175,0.100332,0.101488,0.100042,0.100238,0.0960511,0.0999096,0.104611
0.0975181,0.104281,0.0962596,0.0998641,0.101684,0.0997149,0.100653,0.0959121,0.100504,0.103608
0.0978675,0.103243,0.097356,0.100554,0.101215,0.0996255,0.0994319,0.0984322,0.100297,0.101978
0.0985104,0.102301,0.097946,0.100549,0.100408,0.0998342,0.099475,0.0989634,0.100342,0.10167
0.0990215,0.101526,0.0968046,0.101302,0.0994903,0.0998066,0.0998484,0.0996459,0.101014,0.101541
0.0981818,0.100369,0.096121,0.103325,0.0978096,0.100278,0.0994435,0.0992942,0.101833,0.103345
0.0973683,0.100754,0.0956649,0.103503,0.0978863,0.100476,0.100398,0.097558,0.101794,0.104598
0.0969553,0.10271,0.0958257,0.102813,0.0988167,0.099099,0.0989579,0.099597,0.101815,0.10341
0.0986165,0.100351,0.0975365,0.102003,0.0982819,0.100064,0.100655,0.098987,0.100966,0.102538
0.0972586,0.0990736,0.0951389,0.105172,0.0959898,0.101235,0.101271,0.0975761,0.101599,0.105686
0.0974936,0.101018,0.0949982,0.103152,0.0973099,0.102716,0.100343,0.0965759,0.0999701,0.106424
0.0960761,0.101524,0.0935215,0.104588,0.0965538,0.102953,0.100084,0.0957209,0.100636,0.108343
0.0976759,0.0994959,0.0962425,0.103851,0.0965015,0.101992,0.100816,0.0968954,0.100749,0.105782
0.0989983,0.0989784,0.0977721,0.10357,0.0975998,0.100389,0.0999637,0.0997056,0.100449,0.102573
0.0999486,0.0984607,0.0992957,0.102717,0.0974603,0.099627,0.100258,0.100524,0.100714,0.100994
0.0983983,0.101445,0.097485,0.102369,0.099871,0.0991209,0.0995331,0.100171,0.100391,0.101216
0.0962283,0.101725,0.0974611,0.102484,0.100533,0.0973354,0.102362,0.0987235,0.101443,0.101706
0.0976163,0.102362,0.0955935,0.100894,0.10011,0.100431,0.10199,0.0981483,0.100742,0.102113
0.095048,0.103751,0.0965276,0.101578,0.102033,0.0970985,0.101964,0.0971096,0.10185,0.10304
0.0965033,0.101968,0.0979371,0.102018,0.100317,0.0981408,0.0998057,0.0989992,0.101489,0.102822
0.0968498,0.103021,0.0968073,0.101087,0.100475,0.0984594,0.101394,0.0976401,0.101372,0.102895
0.0962775,0.102705,0.0973059,0.101513,0.100669,0.0981769,0.100096,0.0983809,0.101523,0.103353
0.0958587,0.103598,0.0973523,0.101167,0.101134,0.0984886,0.100001,0.0981304,0.101324,0.102946
0.0953137,0.103842,0.0966993,0.101533,0.101191,0.0981028,0.100432,0.0975985,0.101562,0.103725
0.0973849,0.1026,0.0976046,0.101274,0.100367,0.0991225,0.0992788,0.0993162,0.100518,0.102534
0.0985205,0.102233,0.0983061,0.100348,0.100029,0.100218,0.099413,0.0986693,0.100197,0.102066
0.0981793,0.102446,0.0962718,0.102137,0.10094,0.101619,0.0973666,0.0997103,0.0999927,0.101337
0.0974082,0.104474,0.0951541,0.101757,0.100985,0.100384,0.09742,0.0992453,0.0999721,0.103202
0.0962178,0.105104,0.0927984,0.103416,0.100522,0.101333,0.0970149,0.0987727,0.0994693,0.105351
0.0969636,0.103521,0.0940884,0.102428,0.100535,0.100705,0.0990425,0.0982332,0.100072,0.104412
0.0988211,0.10139,0.0975085,0.100958,0.0996099,0.0997244,0.0993962,0.100111,0.101005,0.101476
0.0984016,0.102859,0.0971241,0.100768,0.100393,0.100523,0.098707,0.098965,0.100165,0.102094
0.0983939,0.101464,0.0979396,0.10091,0.0998325,0.100499,0.0996988,0.0986687,0.100209,0.102385
0.09909,0.100616,0.09787,0.101594,0.0997503,0.100752,0.0989927,0.100162,0.100221,0.100953
0.0986613,0.102321,0.097445,0.101084,0.0995418,0.099881,0.098556,0.100221,0.100623,0.101667
0.0988569,0.102041,0.098021,0.100265,0.0993515,0.100044,0.0990199,0.099805,0.10072,0.101876
0.0978278,0.101685,0.0960565,0.100959,0.0988699,0.101876,0.100023,0.097553,0.100861,0.10429
0.0985531,0.103083,0.0960799,0.100956,0.0985952,0.0998248,0.098361,0.100633,0.101156,0.102758
0.098294,0.103653,0.0952941,0.101276,0.0983002,0.0997348,0.0978135,0.101022,0.101391,0.103222
0.0984071,0.103507,0.0951855,0.10207,0.0983193,0.0995495,0.0969208,0.102191,0.101371,0.102479
0.0988295,0.102746,0.0950216,0.104205,0.0984626,0.0989284,0.0947167,0.105382,0.101235,0.100474
0.0992268,0.102155,0.0954991,0.102704,0.0979615,0.099007,0.0959968,0.104465,0.101593,0.101392
0.0994097,0.101785,0.0962483,0.102034,0.0983973,0.0992631,0.0971772,0.103208,0.101165,0.101311
0.0986787,0.10184,0.0972696,0.102541,0.099189,0.0989187,0.0960594,0.103824,0.101317,0.100362
0.0990507,0.101154,0.0977486,0.101797,0.0993058,0.0989614,0.0971436,0.102934,0.101124,0.100781
0.099014,0.102004,0.0962077,0.102131,0.0984621,0.0990658,0.0965186,0.103447,0.101424,0.101725
0.098678,0.102522,0.0952479,0.104377,0.0980348,0.0984498,0.0932441,0.107171,0.101966,0.10031
0.0990309,0.1012,0.0968374,0.103869,0.0981192,0.0986536,0.0944427,0.105671,0.101685,0.100491
0.098365,0.101108,0.0971037,0.104164,0.0986078,0.0984983,0.0961774,0.10364,0.101338,0.100998
0.0977434,0.10161,0.0966229,0.103877,0.0995184,0.0985426,0.0984234,0.100914,0.100849,0.1019
0.097562,0.102293,0.0957267,0.10283,0.0994555,0.0985274,0.0987385,0.10001,0.101185,0.103671
0.0981107,0.101461,0.0967901,0.102953,0.0994814,0.0987386,0.0988474,0.100576,0.100907,0.102134
0.0983591,0.101312,0.0967892,0.10257,0.0993102,0.0988004,0.0989955,0.100587,0.100912,0.102364
0.0984961,0.101214,0.0974121,0.10199,0.0993357,0.0997075,0.0992839,0.100175,0.100536,0.10185
0.0978168,0.101373,0.0950652,0.103788,0.0992322,0.100449,0.0977277,0.100708,0.100851,0.102988
0.0997221,0.0996026,0.098552,0.102139,0.0980214,0.0995215,0.0994417,0.100781,0.100586,0.101634
0.0982065,0.100144,0.0970828,0.103259,0.0981527,0.100372,0.0990492,0.100689,0.100803,0.102242
0.0988605,0.100782,0.0966806,0.102838,0.0989578,0.0998966,0.0983921,0.100943,0.100732,0.101918
0.0976717,0.0999605,0.0934987,0.103357,0.098968,0.102569,0.0974856,0.100572,0.10213,0.103786
0.0974127,0.100634,0.0957816,0.104235,0.0988132,0.101148,0.0976515,0.100009,0.1011,0.103216
0.0971844,0.10023,0.0953101,0.106123,0.0983812,0.101299,0.0968218,0.10063,0.100864,0.103156
0.0974222,0.103138,0.0950697,0.103736,0.100802,0.101486,0.096451,0.099831,0.0998577,0.102206
0.0975001,0.102337,0.0956358,0.103942,0.100061,0.10155,0.0952347,0.100465,0.100268,0.103006
0.0967147,0.101153,0.0951701,0.107104,0.0987174,0.100465,0.0969292,0.100336,0.100482,0.102929
0.0977976,0.100582,0.0960779,0.106815,0.0981114,0.0992819,0.097,0.102059,0.100525,0.10175
0.0964826,0.104752,0.0944471,0.10412,0.10239,0.101022,0.0963528,0.0981042,0.0995866,0.102743
0.0971928,0.103513,0.0950066,0.104287,0.101866,0.100796,0.0973407,0.0982114,0.0993883,0.102399
0.096363,0.105246,0.0939825,0.103083,0.101868,0.0994035,0.0987676,0.0969338,0.0989826,0.10537
0.0958673,0.10541,0.0928155,0.102439,0.101411,0.101046,0.0994725,0.0955234,0.0987118,0.107303
0.0965254,0.104647,0.0959259,0.100631,0.101591,0.100158,0.0995654,0.0968087,0.100317,0.103831
0.098557,0.101642,0.0983184,0.100743,0.100318,0.0996322,0.0996226,0.0990029,0.100197,0.101967
0.0972752,0.103451,0.0974629,0.100757,0.10111,0.0995461,0.099315,0.0979341,0.100527,0.102622
0.0978222,0.101129,0.0980623,0.102331,0.0997267,0.0990624,0.0992256,0.0994321,0.100855,0.102353
0.0966207,0.103265,0.0970661,0.100965,0.100763,0.0988507,0.100226,0.0971369,0.101146,0.103961
0.0978244,0.10163,0.0976153,0.101655,0.100022,0.0998161,0.101096,0.0985825,0.0998718,0.101888
0.0982786,0.102061,0.0966823,0.101988,0.100391,0.0999939,0.099367,0.0984997,0.10025,0.102489
0.097447,0.102877,0.0952509,0.102824,0.100122,0.100597,0.0986153,0.098337,0.100229,0.1037
0.0978376,0.10275,0.0972338,0.102753,0.100364,0.099187,0.0971983,0.101689,0.100603,0.100384
0.0975706,0.101798,0.0954536,0.106216,0.0990384,0.0991593,0.09695,0.102066,0.100421,0.101328
0.0964017,0.104784,0.0940894,0.103469,0.102291,0.0997459,0.0982989,0.0978917,0.099789,0.103239
0.0966114,0.105737,0.092739,0.103426,0.102288,0.100958,0.0964208,0.0988467,0.0993516,0.103621
0.096444,0.105807,0.0908327,0.104143,0.102184,0.10084,0.0971875,0.0978133,0.0993586,0.10539
0.0948135,0.107723,0.0903662,0.10375,0.102754,0.101333,0.0980873,0.0955613,0.0984505,0.10716
0.0948623,0.107347,0.0904581,0.103609,0.101935,0.101653,0.0981195,0.0957739,0.0986545,0.107588
0.0964892,0.104085,0.0935056,0.102619,0.0994503,0.101937,0.0986893,0.0973273,0.0998623,0.106036
0.0969958,0.101052,0.0943793,0.104529,0.0977658,0.101672,0.0990706,0.0981663,0.1008,0.105568
0.0990371,0.0982797,0.0963592,0.104147,0.0971546,0.102275,0.0994348,0.0993436,0.100376,0.103593
0.097447,0.0983867,0.0931642,0.106545,0.0961235,0.104556,0.0998193,0.0967798,0.0997287,0.10745
0.0923716,0.102507,0.0896309,0.107302,0.0957987,0.103722,0.101869,0.0914276,0.101185,0.114186
0.093807,0.0987555,0.0900001,0.108859,0.0929985,0.104449,0.100673,0.0937111,0.103156,0.113591
0.0951211,0.0998868,0.0919823,0.106229,0.0949159,0.103441,0.102029,0.0937093,0.101579,0.111107
0.0957641,0.0981947,0.0938997,0.104938,0.0941456,0.105844,0.103128,0.0924484,0.100295,0.111342
0.096443,0.0996993,0.0942586,0.104435,0.0963565,0.104295,0.100538,0.0947694,0.100381,0.108824
0.0983182,0.0969233,0.095493,0.105044,0.0959563,0.102272,0.102837,0.0960991,0.100703,0.106354
0.097899,0.102691,0.0949506,0.103006,0.100848,0.100126,0.0993856,0.0979879,0.0982653,0.104841
0.097799,0.0991373,0.0960808,0.103494,0.0982823,0.102815,0.101775,0.0950218,0.0994076,0.106188
0.0956439,0.105239,0.0932411,0.102894,0.101006,0.101648,0.0985445,0.0956537,0.0989734,0.107157
0.0956246,0.105893,0.0931467,0.102529,0.101506,0.101545,0.098401,0.0956434,0.0989235,0.106788
0.0959866,0.105489,0.0937224,0.102615,0.101428,0.101143,0.098226,0.0965027,0.0988876,0.105999
0.0969485,0.106048,0.0942173,0.101354,0.10165,0.100966,0.098622,0.0965516,0.0986008,0.105043
0.0981412,0.105399,0.0953579,0.0997118,0.102856,0.100942,0.0992483,0.0960676,0.0982593,0.104017
0.0982858,0.103364,0.0964434,0.100656,0.101799,0.100145,0.099701,0.0970242,0.0989656,0.103616
0.0983606,0.102179,0.0968812,0.101978,0.100592,0.100144,0.098194,0.0995131,0.0997642,0.102395
0.0957698,0.102014,0.0943243,0.105464,0.0984965,0.0996934,0.0973632,0.0995564,0.101707,0.105611
0.0945425,0.100813,0.0938417,0.106679,0.0956121,0.0988605,0.09889,0.0979272,0.103176,0.109659
0.0978259,0.100892,0.0938849,0.104441,0.0980594,0.100098,0.0977714,0.101019,0.100431,0.105577
0.0911024,0.105988,0.0886709,0.106178,0.0985327,0.100365,0.101499,0.0919638,0.100752,0.114946
0.088639,0.109912,0.0879146,0.10566,0.100615,0.0987996,0.101368,0.0905266,0.101158,0.115407
0.0903281,0.108225,0.0879457,0.105623,0.0999223,0.100384,0.100863,0.091582,0.100355,0.114771
0.0927443,0.104957,0.0932038,0.104172,0.098718,0.0983653,0.100548,0.0944984,0.102454,0.110339
0.0945571,0.102505,0.0943375,0.104378,0.0979632,0.0994663,0.0997908,0.096375,0.102448,0.108179
0.0940437,0.101616,0.0906153,0.105429,0.0967073,0.101414,0.0996273,0.0965414,0.104381,0.109625
0.0957505,0.0974081,0.0922651,0.106844,0.0943493,0.102998,0.100181,0.098222,0.103816,0.108166
0.097409,0.0941663,0.0947061,0.107416,0.0928737,0.104526,0.102196,0.0967941,0.101604,0.108308
0.096866,0.0977367,0.0945849,0.104816,0.0960033,0.105183,0.101269,0.0948676,0.100696,0.107978
0.0956289,0.10595,0.0928368,0.102382,0.101523,0.102116,0.0973292,0.0969837,0.100283,0.104968
0.095205,0.105356,0.094122,0.102361,0.102116,0.0990433,0.0997495,0.0971098,0.100886,0.104052
0.098789,0.0990463,0.0972201,0.103351,0.098014,0.102544,0.099979,0.0981938,0.0999263,0.102937
0.0985483,0.101958,0.0977334,0.101618,0.0997577,0.0997002,0.0995936,0.0998153,0.100198,0.101077
0.0983284,0.101808,0.0972132,0.102045,0.0995746,0.101362,0.0989633,0.099016,0.0999834,0.101707
0.097102,0.102916,0.0955566,0.101945,0.0996081,0.102473,0.0985871,0.0976085,0.10018,0.104024
0.0954313,0.104741,0.092803,0.103283,0.0997535,0.102955,0.097162,0.0966994,0.0992337,0.107939
0.0956626,0.106595,0.0945743,0.101998,0.101568,0.0996944,0.0975406,0.098318,0.0991567,0.104892
0.0940609,0.106246,0.0956112,0.102282,0.102419,0.0980333,0.0978092,0.0988311,0.100789,0.103918
0.0898366,0.109732,0.0931899,0.103685,0.104725,0.095879,0.0982128,0.0971269,0.101642,0.10597
0.0916793,0.10667,0.0948671,0.103918,0.102598,0.0962351,0.0992969,0.0972355,0.102182,0.105318
0.095293,0.103601,0.0972918,0.102147,0.100299,0.0983541,0.100489,0.0971259,0.101482,0.103916
0.0965657,0.103195,0.0975596,0.101729,0.100116,0.0987906,0.0989592,0.0990846,0.101302,0.102698
0.097922,0.0999997,0.0978578,0.101523,0.0974848,0.102887,0.100553,0.0960996,0.100669,0.105005
0.0970559,0.101067,0.0976909,0.102147,0.0982841,0.100102,0.100214,0.0975111,0.101947,0.10398
0.0976333,0.100186,0.0980249,0.101963,0.0976058,0.101173,0.100874,0.096747,0.101356,0.104438
0.0990142,0.0973278,0.0980729,0.103638,0.0960939,0.10134,0.100741,0.098523,0.101651,0.103598
0.10013,0.0970899,0.0988265,0.103092,0.0963294,0.100739,0.100485,0.0999784,0.101076,0.102254
0.0983982,0.0999959,0.0981695,0.102339,0.0985139,0.0980284,0.100207,0.100571,0.102258,0.101519
0.0972632,0.10082,0.0953202,0.103223,0.0985732,0.100178,0.0996565,0.0990643,0.102161,0.103741
0.0975627,0.102392,0.0972604,0.101094,0.100362,0.0988684,0.0997418,0.0994318,0.101075,0.102212
0.0960938,0.10337,0.096918,0.101962,0.100274,0.0979935,0.0988183,0.0998068,0.102101,0.102662
0.0952319,0.103883,0.0975142,0.101546,0.101751,0.0979396,0.0988898,0.0990773,0.101701,0.102466
0.0958247,0.103732,0.0973928,0.10228,0.101973,0.09813,0.0980585,0.100312,0.100784,0.101513
0.0951735,0.104565,0.0966296,0.102099,0.102323,0.0980072,0.0984993,0.0994001,0.100592,0.102712
0.0913164,0.109151,0.0921522,0.103281,0.103887,0.0969259,0.099819,0.0956141,0.10071,0.107143
0.0903988,0.110221,0.0912991,0.103052,0.103965,0.096577,0.100787,0.0946825,0.10108,0.107937
0.0892425,0.111365,0.0904954,0.103649,0.104129,0.0961091,0.100669,0.0942714,0.101797,0.108272
0.0939764,0.10609,0.0933754,0.103695,0.10109,0.0971116,0.0979441,0.0997631,0.102471,0.104484
0.0927641,0.106859,0.0929856,0.103574,0.101368,0.0966909,0.0982891,0.0984686,0.103004,0.105996
0.0927778,0.106436,0.0933215,0.103323,0.100598,0.0974803,0.0994463,0.0963428,0.102606,0.107669
0.0943118,0.103711,0.0932835,0.105199,0.0966283,0.0972734,0.0992451,0.0979546,0.103235,0.109159
0.0949626,0.103156,0.0939404,0.105109,0.0971009,0.0973874,0.0985731,0.0989271,0.102997,0.107847
0.0943255,0.10545,0.093482,0.103253,0.100197,0.097409,0.0981977,0.0988415,0.102742,0.106102
0.0931505,0.103763,0.0926963,0.105489,0.098223,0.0960073,0.0998539,0.0974916,0.103756,0.109569
0.0918399,0.105597,0.0924352,0.104736,0.0973275,0.097129,0.102171,0.0930987,0.102925,0.112741
0.0903489,0.106725,0.0908174,0.104911,0.0983208,0.0988653,0.102559,0.0916212,0.101358,0.114474
0.0954272,0.10163,0.0933257,0.105357,0.0972306,0.101984,0.0999226,0.095995,0.10084,0.108289
0.0973413,0.104203,0.093994,0.101741,0.100401,0.102101,0.0983293,0.0973756,0.0993187,0.105194
0.09808,0.104498,0.0946875,0.100181,0.100909,0.102144,0.098659,0.0969413,0.0992383,0.104662
0.0974585,0.106236,0.092614,0.101031,0.101633,0.10233,0.0967431,0.0977253,0.0993196,0.104909
0.0981852,0.106124,0.09366,0.10023,0.102547,0.101864,0.0972938,0.0973783,0.0987085,0.10401
0.098147,0.106565,0.0933604,0.0998986,0.103325,0.10162,0.0984583,0.0960058,0.0978595,0.104761
0.0958727,0.10562,0.0908787,0.103539,0.102142,0.101906,0.0991858,0.0951745,0.0980819,0.1076
0.0937543,0.107084,0.088653,0.105143,0.10174,0.102404,0.0984442,0.0941442,0.098466,0.110168
0.0958369,0.105619,0.0926993,0.103071,0.101974,0.100059,0.0994005,0.0961433,0.0987317,0.106465
0.0978394,0.101885,0.095106,0.103136,0.101001,0.100342,0.100052,0.097703,0.0987493,0.104185
0.097052,0.0997254,0.0952431,0.103843,0.0986528,0.103195,0.101524,0.0944453,0.0995056,0.106813
0.0966295,0.0982662,0.0938496,0.105603,0.0971103,0.105205,0.0996442,0.0960415,0.101028,0.106623
0.0946823,0.0996541,0.091996,0.105239,0.0981888,0.105965,0.0996451,0.095112,0.102548,0.10697
0.0953897,0.096132,0.0922148,0.106269,0.095312,0.108434,0.09993,0.0948552,0.10259,0.108873
0.0943731,0.0968442,0.0916163,0.106311,0.0954629,0.107968,0.101016,0.093104,0.103569,0.109735
0.0954468,0.0979165,0.0924594,0.106398,0.0958421,0.106141,0.0991724,0.0956295,0.102808,0.108186
0.0900442,0.106683,0.0913941,0.105549,0.100505,0.0999132,0.0988838,0.0935094,0.102977,0.110541
0.0883423,0.108755,0.0904367,0.105188,0.101624,0.0979471,0.0998584,0.0923673,0.103405,0.112076
0.0894155,0.105136,0.087951,0.108397,0.0984452,0.10186,0.0969766,0.094219,0.104135,0.113465
0.0894447,0.105436,0.0888957,0.108853,0.0984281,0.1004,0.0979329,0.09401,0.10358,0.11302
0.0872769,0.106329,0.0868043,0.110209,0.0975464,0.100962,0.0974884,0.091869,0.104351,0.117163
0.0950844,0.0976146,0.0921777,0.107522,0.0935854,0.106201,0.10141,0.0922488,0.101292,0.112865
0.0962183,0.097598,0.0939471,0.106702,0.0950789,0.10487,0.100315,0.0949763,0.101105,0.109189
0.0949479,0.0996373,0.0930623,0.106545,0.09575,0.103379,0.0997995,0.095027,0.101816,0.110037
0.0975728,0.0958605,0.0946665,0.106978,0.094348,0.104907,0.100348,0.096366,0.101032,0.107921
0.0968971,0.0963372,0.0938306,0.107423,0.0943808,0.105439,0.0999373,0.095665,0.101028,0.109062
0.0983822,0.0945844,0.0949918,0.107629,0.0943646,0.105415,0.100841,0.0966179,0.100481,0.106693
0.0986376,0.0928183,0.0952064,0.10828,0.0930254,0.106331,0.102122,0.0955814,0.100583,0.107415
0.0972082,0.0984906,0.0943285,0.104837,0.0972531,0.104781,0.0997132,0.096535,0.10077,0.106082
0.0987486,0.0961219,0.095715,0.104683,0.095103,0.104272,0.102402,0.0960112,0.100674,0.106269
0.099011,0.0968614,0.0965504,0.103197,0.0956368,0.104361,0.101822,0.0963063,0.100384,0.105869
0.0987739,0.0979701,0.09648,0.103155,0.0963381,0.103282,0.101476,0.0966678,0.100398,0.10546
0.0944552,0.0997858,0.0911343,0.108607,0.0955111,0.100847,0.104185,0.0951337,0.101198,0.109143
0.0943862,0.10373,0.0902631,0.105898,0.0982813,0.10128,0.100981,0.0956782,0.100319,0.109184
0.0951914,0.10563,0.0894904,0.104913,0.100137,0.100189,0.0987522,0.0971209,0.0999111,0.108665
0.0953352,0.106114,0.0908809,0.104034,0.100788,0.0995216,0.0979329,0.0982151,0.099597,0.107581
0.0949909,0.104985,0.0891889,0.105814,0.0997219,0.0999043,0.0991449,0.097221,0.10009,0.10894
0.0950506,0.10485,0.0898227,0.105438,0.100055,0.100342,0.0991043,0.0970964,0.099692,0.108549
0.0958816,0.104743,0.0899012,0.105533,0.100644,0.100444,0.0982656,0.0980801,0.0996016,0.106906
0.0966479,0.104686,0.0907766,0.104192,0.101021,0.100117,0.0989833,0.0973823,0.0990327,0.107161
0.0963006,0.104891,0.089995,0.10483,0.100987,0.100216,0.0988758,0.0972085,0.0991015,0.107594
0.0972015,0.10388,0.0932117,0.104768,0.101806,0.099126,0.0969559,0.100189,0.099351,0.103511
0.0965305,0.1066,0.0930955,0.103519,0.103834,0.099345,0.0971197,0.0983545,0.0987767,0.102826
0.0965321,0.102486,0.0955786,0.104703,0.100889,0.0978521,0.098353,0.100232,0.100706,0.102669
0.0970573,0.103053,0.0954203,0.103419,0.100641,0.0987371,0.0986576,0.099076,0.100144,0.103794
0.0983603,0.100572,0.0968184,0.103175,0.0988563,0.0985034,0.099066,0.100556,0.100716,0.103376
0.0975519,0.102369,0.0954268,0.103257,0.0999871,0.100338,0.0985316,0.098752,0.0995757,0.104211
0.0980966,0.102654,0.0960202,0.102361,0.101048,0.100305,0.0983794,0.0986636,0.0991752,0.103297
0.0983356,0.103139,0.0969397,0.101142,0.10197,0.100893,0.098093,0.0981788,0.0993789,0.10193
0.0972409,0.104725,0.0952647,0.101971,0.102455,0.101172,0.0986241,0.0963639,0.0991978,0.102985
0.0970342,0.105766,0.0946407,0.10232,0.103416,0.101061,0.0964986,0.0979255,0.0991282,0.10221
0.0984983,0.103929,0.0950754,0.101132,0.102437,0.101759,0.0978863,0.0975726,0.0983153,0.103395
0.0979596,0.102891,0.0957885,0.101722,0.100749,0.100859,0.0989696,0.0982242,0.0991247,0.103712
0.0972164,0.104711,0.0953719,0.100868,0.101302,0.101431,0.0982641,0.0974953,0.0998438,0.103497
0.0964554,0.103435,0.094788,0.102312,0.100204,0.103046,0.0983502,0.0966962,0.0999383,0.104775
0.096228,0.104864,0.0941956,0.102294,0.100401,0.102167,0.0978313,0.0971647,0.0996542,0.105199
0.0967361,0.101103,0.0956325,0.102787,0.0988249,0.103254,0.0997095,0.0963311,0.100631,0.104992
0.0984155,0.100035,0.0959555,0.102549,0.0978139,0.102757,0.10018,0.0974908,0.0999555,0.104848
0.0977198,0.0959772,0.094668,0.106122,0.0943809,0.10502,0.100986,0.0957985,0.100851,0.108476
0.0966574,0.0908407,0.0930677,0.109142,0.0892791,0.109188,0.104388,0.0925431,0.100672,0.114221
0.0963554,0.091065,0.0916244,0.110755,0.0889784,0.108407,0.103548,0.0930307,0.101559,0.114676
0.097059,0.0953013,0.0926643,0.108529,0.0931351,0.103208,0.0991181,0.0989796,0.103284,0.108721
0.0972702,0.0961392,0.0922045,0.106537,0.0946634,0.103786,0.0973344,0.100309,0.103678,0.108078
0.0966092,0.096137,0.0916995,0.10685,0.0942591,0.105815,0.0985648,0.0974913,0.102847,0.109727
0.0926827,0.0978782,0.0879609,0.10592,0.0940984,0.107307,0.100004,0.0949529,0.105322,0.113873
0.0938793,0.0975104,0.0901568,0.10604,0.0946888,0.104715,0.0993577,0.0969387,0.104767,0.111946
0.0938136,0.0972048,0.0907917,0.10663,0.0933927,0.106623,0.101344,0.0940264,0.102791,0.113382
0.0946174,0.0963164,0.0899697,0.107318,0.0937038,0.104062,0.101025,0.0972434,0.10502,0.110725
0.0950437,0.097095,0.0891931,0.105924,0.0946576,0.104054,0.0991999,0.0992664,0.105976,0.10959
0.0967769,0.0985356,0.0915929,0.10476,0.0964848,0.102977,0.099281,0.0988609,0.104084,0.106647
0.0972409,0.0974118,0.0940933,0.106816,0.0955068,0.100317,0.0994573,0.10067,0.10381,0.104677
0.0961506,0.0976821,0.0907519,0.105082,0.0955416,0.103418,0.0990854,0.0997432,0.105029,0.107516
0.0948126,0.0972584,0.0921361,0.109054,0.0933778,0.102719,0.100368,0.0971003,0.103396,0.109779
0.0962101,0.0954079,0.0931899,0.109239,0.0926583,0.101691,0.100877,0.0991786,0.10366,0.107888
0.0976007,0.0966208,0.0949963,0.107184,0.0945218,0.100416,0.100924,0.0996009,0.103092,0.105043
0.0974641,0.097638,0.0952442,0.106496,0.0957123,0.100029,0.100289,0.0998871,0.10284,0.1044
0.0976908,0.0993454,0.0953573,0.10536,0.0970419,0.0989149,0.0994505,0.101012,0.102846,0.102981
0.0941709,0.104077,0.093771,0.102818,0.099466,0.100178,0.101213,0.0945304,0.101627,0.10815
0.097995,0.0993159,0.0969531,0.103283,0.0973946,0.100647,0.100354,0.0984221,0.101108,0.104527
0.0962985,0.0988746,0.0937304,0.106465,0.0956925,0.10176,0.0996632,0.0976755,0.102351,0.10749
0.0953052,0.101515,0.0934355,0.104434,0.097936,0.101681,0.100407,0.095618,0.1012,0.108468
0.0999596,0.099678,0.0985567,0.10211,0.0978553,0.0996502,0.0992997,0.10113,0.100462,0.101298
0.0987925,0.101861,0.0968929,0.102923,0.0990446,0.0988913,0.096042,0.104122,0.10121,0.10022
0.0988616,0.10106,0.0976075,0.102543,0.0987699,0.0991284,0.0987215,0.101618,0.100705,0.100985
0.0992422,0.100852,0.0984298,0.101697,0.0993959,0.0994661,0.0989351,0.101249,0.100389,0.100344
0.100034,0.0992952,0.0989798,0.103105,0.0976169,0.0996505,0.0985181,0.101888,0.10027,0.100643
0.100287,0.0991885,0.0992098,0.102223,0.0978062,0.0998916,0.0994394,0.100973,0.100119,0.100862
0.100152,0.0990917,0.0989338,0.10268,0.0973565,0.0996399,0.0989353,0.101514,0.100455,0.10124
0.0975591,0.101892,0.0968222,0.103022,0.100043,0.098447,0.0986805,0.10071,0.101019,0.101806
0.0980618,0.101132,0.0975103,0.102576,0.0997175,0.09892,0.0991733,0.100285,0.100835,0.101789
0.0972583,0.102239,0.0962846,0.104241,0.0996528,0.0981049,0.0970494,0.102474,0.101326,0.10137
0.0968262,0.102072,0.0959061,0.104478,0.0991803,0.0976049,0.0970487,0.102424,0.101953,0.102507
0.0974847,0.102771,0.0961749,0.101115,0.0993162,0.0985613,0.0988204,0.100572,0.101935,0.10325
0.0953491,0.103382,0.094898,0.103481,0.0977752,0.0979998,0.0991332,0.0982987,0.102543,0.107141
0.0983674,0.100576,0.0966654,0.105646,0.0971097,0.0985001,0.0957504,0.103743,0.101493,0.102148
0.0948507,0.103811,0.0920546,0.108354,0.0984824,0.0994542,0.094317,0.101736,0.101402,0.105537
0.0952593,0.104816,0.0930123,0.106238,0.0995759,0.099425,0.0949073,0.101183,0.100953,0.10463
0.0951508,0.106968,0.0916146,0.105206,0.101434,0.0995153,0.0947096,0.100976,0.100208,0.104219
0.0956265,0.106312,0.0934201,0.104424,0.100657,0.0987123,0.0946591,0.101938,0.100477,0.103773
0.0985671,0.102297,0.0964444,0.102597,0.0995002,0.0990232,0.0963778,0.103075,0.100698,0.101421
0.0986389,0.10215,0.0962438,0.103054,0.0996333,0.0988963,0.0964799,0.103249,0.100595,0.101059
0.0968087,0.101634,0.0929359,0.104301,0.0984166,0.101604,0.0971194,0.100153,0.101595,0.105432
0.0963476,0.103972,0.0905864,0.105004,0.100019,0.101159,0.0954058,0.101427,0.10109,0.104989
0.0971517,0.103104,0.0921998,0.103477,0.0997656,0.100955,0.0968127,0.100718,0.101313,0.104504
0.0974071,0.101106,0.0967084,0.102747,0.0984504,0.100699,0.0994952,0.0982339,0.101041,0.104112
0.0977709,0.0989479,0.0964166,0.104834,0.0973378,0.100367,0.0992218,0.0997618,0.101873,0.103469
0.0973282,0.0997455,0.096361,0.104058,0.0975974,0.100901,0.09943,0.0986633,0.101548,0.104368
0.0965624,0.0994691,0.0955841,0.105123,0.0966147,0.101209,0.0996121,0.0981457,0.101843,0.105837
0.0968531,0.101198,0.0965958,0.102887,0.0978232,0.1002,0.100445,0.0970662,0.101206,0.105726
0.0995225,0.0984808,0.0987462,0.10363,0.0971747,0.0997553,0.0988152,0.101252,0.100821,0.101802
0.100166,0.0978362,0.0994017,0.102372,0.0971615,0.100238,0.100815,0.0999348,0.100732,0.101342
0.0994187,0.0990831,0.1002,0.101561,0.0988919,0.09939,0.100881,0.0994867,0.100269,0.100819
0.0992127,0.0993502,0.0997622,0.101594,0.0988,0.0993946,0.101237,0.0991129,0.100207,0.10133
0.0991685,0.0975664,0.099004,0.103217,0.0969427,0.100106,0.101338,0.0990569,0.100992,0.102609
0.100151,0.0989394,0.0991889,0.102187,0.0974892,0.099726,0.0999691,0.100516,0.100314,0.101519
0.100234,0.098982,0.0988355,0.103386,0.0969906,0.0994205,0.0970901,0.103294,0.100851,0.100916
0.100225,0.0991094,0.0986442,0.103875,0.096898,0.0993609,0.0962394,0.104152,0.100908,0.100588
0.10023,0.0992667,0.0985104,0.103825,0.0969804,0.0994509,0.0965047,0.103911,0.100771,0.10055
0.100436,0.0974646,0.0987567,0.102872,0.0962834,0.101312,0.100077,0.100096,0.100357,0.102346
0.100323,0.0986858,0.0998052,0.101147,0.0982897,0.100536,0.100663,0.0995118,0.0999412,0.101098
0.0976304,0.0992601,0.0962462,0.104628,0.0968444,0.100491,0.100157,0.0987972,0.1018,0.104146
0.0993612,0.0996627,0.098995,0.102514,0.0986005,0.0992757,0.0990717,0.100966,0.100544,0.101009
0.0975599,0.101933,0.0971081,0.102019,0.0992305,0.0992877,0.100302,0.0980206,0.100459,0.10408
0.0992113,0.0991546,0.0980185,0.104911,0.0973745,0.0996091,0.0972623,0.102437,0.100662,0.10136
0.0981286,0.101441,0.0965218,0.104293,0.0993164,0.100051,0.0953172,0.103159,0.100647,0.101124
0.0978376,0.103446,0.0956187,0.10183,0.09982,0.10124,0.098035,0.0992589,0.0997977,0.103117
0.0968965,0.103012,0.096121,0.103886,0.0989728,0.100198,0.0977058,0.0993053,0.100688,0.103215
0.097235,0.101418,0.0963465,0.105856,0.0971952,0.0986872,0.0967493,0.1015,0.101431,0.103582
0.0964097,0.100785,0.0950743,0.108523,0.0963276,0.0985356,0.0964814,0.101602,0.101622,0.104639
0.0970198,0.0997545,0.0951836,0.1091,0.0957968,0.0982477,0.0971634,0.10206,0.101422,0.104253
0.0981923,0.0981613,0.0968302,0.108003,0.0944097,0.0976607,0.0973627,0.102867,0.101969,0.104545
0.0982033,0.0990117,0.0969183,0.107209,0.0956487,0.0979485,0.0971069,0.10297,0.101612,0.103372
0.0988621,0.098623,0.0975554,0.107363,0.0954834,0.0985114,0.0973549,0.102954,0.100905,0.102388
0.0982415,0.0981237,0.0967947,0.108104,0.0951961,0.0989755,0.0975415,0.102123,0.101201,0.103699
0.0986399,0.0986565,0.0974595,0.107409,0.095814,0.0987053,0.09732,0.102696,0.100883,0.102416
0.0997627,0.0976537,0.0976895,0.107513,0.0941215,0.0988959,0.0977701,0.102894,0.10077,0.102929
0.098662,0.0988867,0.0967886,0.106299,0.0956195,0.0984877,0.0991224,0.100974,0.10108,0.10408
0.0979019,0.0995065,0.0968904,0.104651,0.0962817,0.0987852,0.100756,0.0985677,0.10129,0.105369
0.0961643,0.100832,0.0941777,0.104188,0.0973205,0.100353,0.0997015,0.0977129,0.102601,0.106949
0.0934197,0.104679,0.0941625,0.103513,0.0989509,0.0978934,0.10084,0.0951456,0.102774,0.108622
0.0942084,0.103384,0.0937942,0.104574,0.0988113,0.0996155,0.0996834,0.0961781,0.101966,0.107786
0.094098,0.104638,0.0919664,0.102284,0.0996989,0.100066,0.100447,0.0954223,0.103596,0.107784
0.0969064,0.0995101,0.0924356,0.104629,0.097517,0.1028,0.0992382,0.0987337,0.102968,0.105263
0.0973268,0.101996,0.0951973,0.102758,0.0988754,0.101288,0.1001,0.0979807,0.100579,0.103898
0.0980661,0.101918,0.0961884,0.101739,0.0994269,0.100908,0.099897,0.0985474,0.100553,0.102757
0.0983111,0.101097,0.0971349,0.101382,0.0990074,0.101388,0.0999074,0.0978513,0.100571,0.10335
0.0991941,0.1011,0.0991968,0.100223,0.0998559,0.0999391,0.099192,0.099981,0.100424,0.100894
0.0991212,0.101257,0.0984434,0.100867,0.10001,0.0996191,0.0989003,0.100659,0.100212,0.100911
0.0967947,0.103473,0.0972852,0.101337,0.101273,0.0989665,0.0988021,0.0994155,0.100326,0.102327
0.0957321,0.103285,0.0969137,0.102474,0.101554,0.0981113,0.100343,0.0982902,0.100004,0.103292
0.094169,0.103983,0.0965803,0.10318,0.100759,0.0980931,0.102067,0.0954134,0.099973,0.105783
0.0952006,0.103773,0.096522,0.102794,0.101209,0.0983146,0.100964,0.096988,0.0997083,0.104527
0.0938624,0.103307,0.0973898,0.102891,0.101418,0.0973434,0.103123,0.0954235,0.100588,0.104654
0.0925968,0.102758,0.0978701,0.103635,0.100695,0.0964129,0.103474,0.0947117,0.102102,0.105744
0.092452,0.102737,0.0977697,0.103556,0.100291,0.0965578,0.104925,0.0934861,0.101803,0.106423
0.0936416,0.102823,0.0976436,0.102832,0.100939,0.0970321,0.103242,0.0949964,0.101669,0.105181
0.0954823,0.10259,0.0957408,0.103425,0.099168,0.0994183,0.102951,0.0942565,0.0997887,0.10718
0.0980038,0.100567,0.0957977,0.103271,0.0988236,0.100609,0.101954,0.0959497,0.0988922,0.106132
0.0974328,0.103166,0.0947611,0.10216,0.101024,0.100286,0.102274,0.0943306,0.0980154,0.10655
0.0971484,0.104885,0.0942719,0.101387,0.102264,0.100461,0.101478,0.0940048,0.0977214,0.106378
0.097062,0.103994,0.0956039,0.101612,0.101588,0.0998153,0.101061,0.0955452,0.0989108,0.104808
0.0961959,0.104228,0.0946172,0.103089,0.101247,0.0993326,0.100264,0.0964252,0.099197,0.105405
0.0989687,0.0994296,0.0956333,0.104286,0.0991806,0.0991856,0.101132,0.0992717,0.099518,0.103394
0.0973339,0.102878,0.0937768,0.1035,0.101337,0.10156,0.0993411,0.0965112,0.0981027,0.10566
0.0989916,0.0999303,0.0955092,0.104388,0.0993888,0.0988679,0.100643,0.0998711,0.099392,0.103018
0.0971775,0.1019,0.094552,0.107069,0.10011,0.0974928,0.0964288,0.10276,0.100125,0.102384
0.0968145,0.102019,0.0945137,0.107204,0.10028,0.0977475,0.0970849,0.101809,0.100189,0.102338
0.0966961,0.102944,0.0929787,0.105003,0.100428,0.10177,0.098441,0.0974678,0.0992775,0.104994
0.0970973,0.1044,0.0913412,0.104297,0.102194,0.104512,0.0959974,0.0969337,0.0977146,0.105513
0.0956681,0.103044,0.0906935,0.107322,0.100467,0.101765,0.0982887,0.0969992,0.0982203,0.107532
0.0971895,0.102488,0.0933439,0.106244,0.10143,0.100424,0.0962251,0.100328,0.098803,0.103524
0.0961712,0.102089,0.0923133,0.107302,0.0992872,0.101842,0.0956227,0.100312,0.0997239,0.105336
0.0915415,0.104515,0.0889377,0.109649,0.099897,0.101555,0.0962064,0.096006,0.100646,0.111047
0.0948194,0.103191,0.0924519,0.105997,0.100474,0.101874,0.0993099,0.0961918,0.0995279,0.106163
0.0993476,0.100706,0.0971448,0.103978,0.098131,0.0991918,0.096437,0.103426,0.100802,0.100835
0.0986211,0.100901,0.0964718,0.102391,0.0972621,0.100845,0.100257,0.0982095,0.100625,0.104416
0.0952389,0.101623,0.094062,0.104242,0.0961029,0.100764,0.102178,0.0940489,0.101722,0.110019
0.0969296,0.0985637,0.0961092,0.105254,0.0954014,0.0998964,0.100968,0.0972723,0.1019,0.107705
0.100602,0.0965076,0.0988629,0.105741,0.0943057,0.0997443,0.0977519,0.102473,0.100934,0.103079
0.099095,0.0973152,0.0969874,0.106051,0.0955145,0.100775,0.0979486,0.101177,0.101153,0.103983
0.0951047,0.100895,0.0919959,0.10687,0.0965353,0.102249,0.0973061,0.0978765,0.101832,0.109335
0.0972942,0.0998586,0.0966212,0.104651,0.0974066,0.0996843,0.0993904,0.0988967,0.101345,0.104852
0.0967762,0.101282,0.0972343,0.101997,0.0991169,0.0998697,0.101164,0.0968056,0.101101,0.104653
0.0952127,0.104305,0.095156,0.101889,0.101233,0.0993758,0.101387,0.094679,0.100288,0.106475
0.0938162,0.10849,0.0913623,0.102319,0.103192,0.0996137,0.100936,0.0928969,0.0983244,0.10905
0.0982178,0.104043,0.0954544,0.100945,0.101558,0.100528,0.100128,0.0964273,0.098185,0.104514
0.0974517,0.103922,0.0945048,0.102214,0.100661,0.10009,0.0985467,0.0986249,0.0991971,0.104788
0.0963102,0.104529,0.0921187,0.103918,0.100044,0.100907,0.0976555,0.098948,0.0998188,0.105752
0.0972089,0.10341,0.0916314,0.102507,0.0994702,0.102109,0.0982193,0.0988321,0.101098,0.105514
0.0968273,0.103275,0.0905419,0.101944,0.0996639,0.10248,0.0992641,0.0998953,0.102424,0.103684
0.0963266,0.104564,0.0891255,0.103253,0.0995576,0.102024,0.0971428,0.100029,0.102388,0.10559
0.0946376,0.103498,0.0889303,0.105987,0.0975324,0.103733,0.0988453,0.0958977,0.100451,0.110488
0.0942739,0.103072,0.0881364,0.106919,0.0968522,0.103553,0.0993663,0.0965164,0.101044,0.110266
0.0947079,0.103464,0.0882006,0.106619,0.0973209,0.103173,0.0985102,0.0979258,0.100734,0.109344
0.0955212,0.102291,0.0892755,0.105132,0.0976449,0.10291,0.0985134,0.0992274,0.102348,0.107136
0.0953231,0.10234,0.0864944,0.104312,0.0977321,0.103398,0.0970421,0.10098,0.105169,0.10721
0.095913,0.100659,0.0884649,0.104609,0.0969986,0.103435,0.0971398,0.101368,0.105027,0.106386
0.0945039,0.100527,0.085703,0.10607,0.0961099,0.105601,0.0975565,0.0985428,0.105364,0.110023
0.0950983,0.10095,0.0881538,0.105958,0.0977848,0.104408,0.095241,0.100855,0.104351,0.1072
0.0935583,0.101473,0.0885269,0.105443,0.0989137,0.106545,0.0978408,0.0962076,0.103655,0.107836
0.0967118,0.101325,0.0948314,0.103492,0.0996939,0.100399,0.0999247,0.0982354,0.101151,0.104235
0.0966186,0.100067,0.0943416,0.104708,0.0993603,0.103351,0.100431,0.0966884,0.100442,0.103993
0.0970269,0.101362,0.0956901,0.105575,0.099048,0.0985485,0.0975887,0.101288,0.101139,0.102733
0.0978489,0.100288,0.0970845,0.104647,0.0980845,0.0982537,0.0987581,0.100811,0.101227,0.102997
0.0992686,0.0984175,0.0975354,0.103973,0.0973806,0.101056,0.0980094,0.101088,0.100833,0.102439
0.0983561,0.0958158,0.0951028,0.106177,0.0947683,0.102495,0.102601,0.0967956,0.101318,0.106571
0.0967221,0.0997757,0.0941948,0.106599,0.0963129,0.0994395,0.0998479,0.100391,0.102061,0.104657
0.0979239,0.102221,0.0966121,0.101953,0.0995332,0.0995566,0.0990621,0.0995135,0.100727,0.102897
0.0969118,0.101479,0.0943086,0.104417,0.0981864,0.100616,0.100279,0.0986224,0.100113,0.105067
0.0962449,0.102173,0.0931381,0.104967,0.0981288,0.100824,0.100405,0.0979887,0.100073,0.106056
0.0974586,0.101415,0.0950257,0.103271,0.0989917,0.100088,0.101577,0.0975144,0.0998153,0.104842
0.0984661,0.101592,0.0975702,0.100873,0.0998782,0.100158,0.100797,0.0979092,0.100489,0.102267
0.0980253,0.101671,0.096096,0.102282,0.0994231,0.10029,0.100173,0.0985945,0.100517,0.102929
0.0962876,0.103876,0.0922653,0.103477,0.0992184,0.101562,0.0996514,0.0968165,0.100327,0.106518
0.0966119,0.103419,0.0939135,0.10239,0.0992599,0.102099,0.099216,0.0968978,0.100382,0.10581
0.0975869,0.102579,0.0936935,0.102485,0.098892,0.102222,0.0994303,0.0973183,0.100925,0.104868
0.0973988,0.100522,0.0934731,0.104354,0.0977922,0.103905,0.0990254,0.0972783,0.0995862,0.106665
0.0970464,0.100992,0.0922375,0.105263,0.0970683,0.102416,0.100085,0.097079,0.10033,0.107483
0.0946418,0.102758,0.0910567,0.106132,0.0981323,0.102654,0.0990375,0.096036,0.1006,0.108952
0.0930789,0.102498,0.0893114,0.104197,0.0983864,0.103035,0.100126,0.0938087,0.104198,0.111362
0.0946672,0.0999841,0.0900694,0.10495,0.0971983,0.103303,0.100108,0.0956134,0.104498,0.109608
0.09491,0.099837,0.0922308,0.106173,0.0970646,0.102453,0.0993537,0.0964468,0.103073,0.108457
0.0949077,0.101046,0.0912833,0.10392,0.0982279,0.102499,0.10024,0.0955488,0.103695,0.108632
0.0954145,0.100386,0.0913982,0.104385,0.0975618,0.102504,0.101267,0.0972769,0.103379,0.106427
0.09591,0.0999108,0.0908768,0.105098,0.0972944,0.103098,0.100853,0.0984772,0.103058,0.105423
0.0970934,0.100339,0.0922865,0.104235,0.0980386,0.102661,0.100275,0.0995801,0.102013,0.103479
0.0972408,0.101483,0.0933784,0.103996,0.099001,0.101476,0.100993,0.100057,0.100827,0.101548
0.0971241,0.100194,0.0914541,0.103729,0.0980044,0.103553,0.100831,0.100693,0.10217,0.102249
0.0979546,0.0998583,0.0936123,0.102815,0.0983023,0.102633,0.100586,0.100442,0.101782,0.102016
0.0982085,0.101028,0.0964801,0.102241,0.0990155,0.100296,0.100005,0.0992965,0.100807,0.102623
0.0954693,0.107311,0.0907367,0.102863,0.101993,0.100782,0.0965625,0.0983087,0.100062,0.10591
0.0955354,0.106358,0.0902692,0.103995,0.10089,0.101283,0.0966948,0.0987784,0.0997753,0.10642
0.0962843,0.1047,0.0923253,0.103681,0.100061,0.101079,0.0974343,0.0990355,0.0996418,0.105757
0.0947175,0.104942,0.0892621,0.105861,0.0987094,0.101889,0.0980924,0.097095,0.0997247,0.109708
0.0937201,0.107445,0.085936,0.107019,0.0999918,0.101182,0.0969207,0.0971687,0.0992874,0.111329
0.0952363,0.10516,0.0891847,0.105595,0.0994111,0.101473,0.0977027,0.0975759,0.0998473,0.108814
0.0962243,0.105202,0.0896714,0.10458,0.100307,0.101449,0.0977553,0.0974468,0.0999905,0.107374
0.0956839,0.105878,0.0901625,0.104496,0.101262,0.101989,0.0973258,0.097517,0.0986319,0.107054
0.0959682,0.104144,0.0916007,0.105828,0.100198,0.100644,0.0955376,0.101328,0.100196,0.104555
0.0970811,0.104014,0.0914126,0.102776,0.100244,0.101513,0.0971241,0.0999309,0.101579,0.104325
0.0977633,0.101565,0.0961652,0.102881,0.0990417,0.0999999,0.0993499,0.0998171,0.101075,0.102342
0.0982512,0.100876,0.0959597,0.104082,0.0986297,0.0998703,0.0978124,0.101299,0.100901,0.102319
0.0986905,0.102165,0.0969537,0.101523,0.099501,0.0994579,0.0981215,0.101132,0.100669,0.101786
0.096724,0.104657,0.0956624,0.101449,0.100457,0.099461,0.0990392,0.0987294,0.100462,0.103359
0.0968773,0.104297,0.0963584,0.101522,0.100393,0.0994658,0.0984637,0.0993977,0.100663,0.102563
0.0978802,0.103392,0.0969753,0.101933,0.100085,0.099695,0.0969127,0.101207,0.100299,0.101622
0.0986578,0.102592,0.0970635,0.100685,0.0996561,0.100043,0.0987925,0.0998189,0.100197,0.102493
0.0979964,0.103226,0.0966239,0.101382,0.0996195,0.0996497,0.0974073,0.100591,0.100563,0.102941
0.0972868,0.103523,0.0970608,0.101716,0.100372,0.0993253,0.096829,0.100878,0.100613,0.102395
0.0964026,0.102723,0.097565,0.104604,0.100603,0.097796,0.09449,0.104204,0.101697,0.0999169
0.0964104,0.10173,0.0985134,0.104819,0.100053,0.098269,0.0969806,0.101175,0.101001,0.10105
0.0956344,0.102417,0.098127,0.104631,0.100399,0.0980225,0.0977151,0.100267,0.101138,0.10165
0.0950631,0.102798,0.097371,0.105126,0.100746,0.0969876,0.0955787,0.102691,0.102224,0.101415
0.0972829,0.100818,0.0974043,0.105617,0.0986623,0.0975365,0.094904,0.104602,0.102012,0.101161
0.0955671,0.102011,0.0973732,0.105171,0.0999831,0.0971241,0.0967846,0.10198,0.10203,0.101976
0.0981454,0.101331,0.0979472,0.103778,0.0998284,0.098724,0.097043,0.1026,0.100662,0.0999414
0.0980545,0.101561,0.097035,0.104262,0.0999946,0.0994525,0.096216,0.102576,0.100581,0.100267
0.0971198,0.100497,0.0950403,0.105898,0.0988502,0.100852,0.0976293,0.100279,0.100765,0.103071
0.0978222,0.0995644,0.0938604,0.103261,0.0977232,0.101995,0.098766,0.100349,0.103019,0.10364
0.0994974,0.097194,0.0981553,0.10259,0.09721,0.102536,0.100854,0.0985459,0.100734,0.102682
0.0978685,0.102492,0.0967992,0.101062,0.0994304,0.100918,0.0984516,0.0991174,0.100914,0.102948
0.0972386,0.102439,0.0969821,0.101214,0.0996887,0.101518,0.0987208,0.0978331,0.100909,0.103457
0.0972346,0.101513,0.0963072,0.101062,0.0997312,0.103013,0.0990502,0.0976929,0.10082,0.103576
0.0991168,0.102682,0.0970018,0.0996744,0.100451,0.100983,0.0999077,0.0980183,0.100162,0.102003
0.0981768,0.103504,0.0960056,0.100579,0.100402,0.100602,0.099108,0.0983854,0.100503,0.102734
0.0975823,0.103094,0.0942502,0.101722,0.0998171,0.101736,0.0979855,0.0984505,0.101116,0.104245
0.0988486,0.102115,0.0977945,0.10032,0.0999085,0.10006,0.0995582,0.0991389,0.100281,0.101975
0.0988822,0.102065,0.0978571,0.0998436,0.100095,0.101185,0.0996031,0.0980684,0.0999883,0.102412
0.0984688,0.100899,0.0976715,0.102486,0.0993837,0.0989846,0.0995389,0.10014,0.100645,0.101783
0.0996472,0.100027,0.0983186,0.101758,0.0983597,0.0996004,0.100008,0.100254,0.100407,0.10162
0.0993883,0.0999522,0.0986229,0.101154,0.098737,0.0993221,0.0999753,0.100086,0.100803,0.101958
0.0999792,0.0993405,0.0988832,0.102095,0.0979847,0.0996942,0.0997191,0.100479,0.100327,0.101499
0.098369,0.10037,0.0942792,0.10394,0.0982082,0.100715,0.0967783,0.102294,0.101485,0.103562
0.0996697,0.0988932,0.0972264,0.102325,0.0975811,0.100659,0.0986109,0.101267,0.101395,0.102373
0.0983661,0.101949,0.0943891,0.104922,0.0995352,0.0992918,0.0955923,0.103841,0.100179,0.101934
0.0976008,0.102719,0.0935865,0.105814,0.0997616,0.0990942,0.094485,0.104173,0.100304,0.102462
0.0984877,0.101374,0.0949326,0.104014,0.100004,0.100905,0.0975582,0.101035,0.0994009,0.102289
0.0939598,0.102716,0.089729,0.10693,0.100208,0.107151,0.0978002,0.0957555,0.100659,0.105091
0.0960869,0.102753,0.0937779,0.103975,0.100228,0.103365,0.0980729,0.0978033,0.10002,0.103917
0.0959133,0.101918,0.0943804,0.103533,0.0998606,0.104637,0.0982096,0.0965044,0.100444,0.1046
0.0961201,0.101048,0.093978,0.103416,0.09806,0.105097,0.0990168,0.0954613,0.10051,0.107292
0.0970179,0.100047,0.0948568,0.10261,0.0969082,0.10455,0.100327,0.0952813,0.100715,0.107688
0.0965992,0.100616,0.0945701,0.102756,0.0971364,0.10448,0.100604,0.0947651,0.100582,0.107892
0.0974,0.098785,0.0959384,0.102829,0.0963566,0.104739,0.10154,0.094725,0.100453,0.107234
0.0981257,0.0991105,0.0963579,0.102739,0.0964598,0.103547,0.101058,0.0960296,0.100525,0.106047
0.0994548,0.0977521,0.0979581,0.10282,0.0966985,0.102274,0.100571,0.0983838,0.100496,0.103592
0.0964236,0.101987,0.0953499,0.103016,0.0980818,0.102091,0.0991146,0.0968905,0.101327,0.105718
0.0964116,0.101373,0.0941651,0.103158,0.0966993,0.103931,0.100806,0.0943659,0.100345,0.108744
0.0948468,0.099786,0.0918296,0.106463,0.0950914,0.104713,0.101811,0.092963,0.101312,0.111184
0.0959714,0.0989912,0.0928126,0.10642,0.0953679,0.103092,0.102099,0.0948155,0.101497,0.108933
0.0973152,0.0985109,0.09538,0.104834,0.0965289,0.101687,0.102797,0.0963159,0.100933,0.105698
0.09824,0.10125,0.0966314,0.101751,0.0993552,0.100465,0.101112,0.0977001,0.0999973,0.103498
0.099023,0.10188,0.0980137,0.100166,0.100571,0.0997879,0.0998109,0.0987959,0.100338,0.101614
0.0973905,0.103708,0.0959818,0.101211,0.101258,0.100874,0.0992505,0.0974423,0.0997153,0.103169
0.0964364,0.103042,0.0947237,0.102957,0.100445,0.101384,0.0993812,0.0972609,0.100123,0.104246
0.098022,0.103516,0.0960942,0.101358,0.101429,0.10045,0.0990287,0.0982184,0.0992014,0.102682
0.0983843,0.100861,0.0977598,0.103015,0.0991714,0.099074,0.0996627,0.0999961,0.100421,0.101655
0.0977788,0.103278,0.0964593,0.101312,0.101031,0.100223,0.100022,0.0971951,0.0995861,0.103115
0.0967837,0.101676,0.0974455,0.103319,0.0997045,0.0980788,0.0998904,0.0998349,0.101128,0.102139
0.0961836,0.101173,0.0976355,0.102477,0.0993866,0.0972892,0.101229,0.0990269,0.102021,0.103578
0.0965224,0.101225,0.0971072,0.10268,0.0989048,0.0974188,0.100626,0.0996352,0.102112,0.103769
0.0960237,0.100967,0.0978577,0.103023,0.0992331,0.0968973,0.0995439,0.10053,0.102572,0.103352
0.0958305,0.101816,0.097031,0.104406,0.0994565,0.0966542,0.0964166,0.103377,0.102845,0.102168
0.095453,0.101229,0.0984278,0.102962,0.100194,0.0966777,0.0996817,0.100243,0.102454,0.102677
0.0972334,0.101074,0.0979043,0.101936,0.0993031,0.0980037,0.100127,0.0999295,0.101673,0.102816
0.100636,0.0963678,0.099594,0.10168,0.0961521,0.102172,0.102671,0.0972996,0.0998433,0.103584
0.0979291,0.0987109,0.0988179,0.101957,0.0973536,0.10186,0.102886,0.0950999,0.100294,0.105091
0.0989751,0.0993312,0.0972338,0.101883,0.0966618,0.102734,0.100996,0.0967871,0.09988,0.105518
0.0992565,0.0980912,0.098716,0.101542,0.0962524,0.103075,0.101778,0.0961916,0.100181,0.104917
0.0987088,0.0975862,0.0979245,0.102176,0.0958295,0.104213,0.101659,0.0954417,0.100315,0.106146
0.097987,0.0988825,0.0963935,0.102575,0.0960617,0.104632,0.100483,0.0955997,0.100179,0.107206
0.097934,0.0989492,0.0957747,0.102503,0.0961502,0.104237,0.101069,0.0954993,0.100473,0.107411
0.0981677,0.0988883,0.0964587,0.102117,0.0963848,0.103684,0.101573,0.0954856,0.100558,0.106684
0.0992509,0.100854,0.0977756,0.101099,0.098573,0.100576,0.100103,0.0991391,0.100321,0.102308
0.0989094,0.102201,0.0973591,0.100785,0.0993812,0.100394,0.0995747,0.0988467,0.0995989,0.10295
0.0975062,0.102963,0.0971897,0.101366,0.100501,0.0991233,0.0980855,0.100356,0.100542,0.102369
0.098867,0.101241,0.0989371,0.100692,0.0997337,0.0995662,0.0987329,0.100549,0.100841,0.100841
0.099522,0.101148,0.0987017,0.100358,0.0996634,0.100081,0.0996179,0.100011,0.100181,0.100716
0.0958919,0.10435,0.094551,0.100742,0.100721,0.100594,0.0991623,0.097176,0.101647,0.105165
0.0975923,0.103657,0.0967534,0.100771,0.0999933,0.099893,0.099039,0.0988119,0.100532,0.102957
0.0941685,0.10638,0.0926322,0.10183,0.102094,0.100394,0.0985657,0.0962667,0.101695,0.105974
0.0961714,0.1053,0.0951466,0.0996786,0.102659,0.0990882,0.101051,0.0960566,0.100857,0.103992
0.0970217,0.101619,0.0926057,0.100412,0.0998589,0.102796,0.100411,0.0982445,0.102755,0.104275
0.0973985,0.0982898,0.0912907,0.103303,0.0966471,0.103292,0.0999516,0.101067,0.104333,0.104427
0.0972278,0.0998531,0.0928602,0.101362,0.0986945,0.102453,0.10029,0.0988169,0.103456,0.104987
0.0973439,0.0991308,0.0953678,0.104218,0.0970194,0.101239,0.0994661,0.0991221,0.102198,0.104895
0.0980733,0.0971612,0.0962844,0.105993,0.0951534,0.100997,0.0992315,0.100166,0.101846,0.105095
0.0985129,0.0994007,0.0972673,0.103216,0.0977741,0.10058,0.0996374,0.0993453,0.100834,0.103432
0.098861,0.100082,0.0971513,0.102989,0.097956,0.0997246,0.0995644,0.100346,0.100745,0.102581
0.0965648,0.101208,0.0938855,0.105774,0.0972672,0.0995322,0.0991548,0.100339,0.101325,0.10495
0.0956529,0.101139,0.0907576,0.107908,0.0964589,0.0994936,0.0983772,0.101181,0.102191,0.10684
0.0957649,0.101797,0.0912471,0.107066,0.096745,0.100563,0.0980213,0.100193,0.101696,0.106907
0.0980755,0.10089,0.0962045,0.102904,0.0986169,0.100349,0.0992707,0.100139,0.100745,0.102805
0.0979587,0.101899,0.0947033,0.10305,0.0991355,0.100107,0.098566,0.100591,0.100657,0.103332
0.0981391,0.101303,0.0957664,0.102828,0.0989371,0.100525,0.0989368,0.100029,0.100405,0.10313
0.0985162,0.101031,0.0984437,0.101211,0.0996922,0.0992818,0.099705,0.0996528,0.100462,0.102004
0.0968623,0.103927,0.0964856,0.102352,0.100888,0.099365,0.0978396,0.0995619,0.0999184,0.1028
0.0977012,0.10294,0.0979901,0.101962,0.10073,0.0995271,0.0973232,0.100921,0.100258,0.100647
0.097085,0.104494,0.0958166,0.102178,0.100482,0.0996286,0.0977906,0.0998598,0.100143,0.102522
0.0961545,0.103641,0.0966404,0.102444,0.100531,0.098483,0.0982516,0.0997644,0.101451,0.102639
0.0957324,0.107843,0.0945158,0.100431,0.102552,0.100197,0.0978273,0.0966833,0.100008,0.104212
0.0946556,0.106879,0.0945356,0.103735,0.101189,0.0992783,0.0970869,0.0983772,0.100366,0.103897
0.0955577,0.104062,0.0966139,0.103317,0.101079,0.0985034,0.0982906,0.0991731,0.10073,0.102673
0.0964408,0.104587,0.0964541,0.101939,0.101705,0.0992177,0.098158,0.098672,0.100397,0.10243
0.0934535,0.106976,0.0939441,0.10349,0.10239,0.0981728,0.0990846,0.0966201,0.100213,0.105655
0.0926898,0.107101,0.0932634,0.102884,0.10268,0.0981592,0.101126,0.0946196,0.100478,0.106998
0.0976975,0.0984018,0.0966186,0.104184,0.0960897,0.102548,0.100317,0.0975725,0.100798,0.105773
0.0985158,0.0974125,0.0976534,0.10351,0.0960028,0.103268,0.100639,0.0970154,0.100455,0.105527
0.0994996,0.0979824,0.0985563,0.103074,0.0977166,0.101223,0.0994208,0.0997565,0.100459,0.102313
0.0990622,0.0989364,0.0981237,0.102837,0.0979931,0.101021,0.0999984,0.0990434,0.100342,0.102643
0.100684,0.0968475,0.0990938,0.104164,0.0951228,0.10034,0.0992265,0.101088,0.100584,0.10285
0.100663,0.0967977,0.0994011,0.104656,0.0952338,0.100317,0.0981188,0.102135,0.100601,0.102076
0.0996772,0.0963637,0.0980956,0.105603,0.0945963,0.101084,0.0979805,0.101576,0.100961,0.104063
0.100138,0.0956747,0.0987073,0.10555,0.0950765,0.102117,0.0990217,0.100153,0.100291,0.10327
0.100492,0.0985845,0.0994606,0.102982,0.0971173,0.0997247,0.0981952,0.102192,0.100421,0.100831
0.100209,0.0978556,0.0992653,0.104684,0.0959263,0.0993354,0.0980932,0.102373,0.100613,0.101646
0.0999193,0.0997074,0.0979556,0.103366,0.0971823,0.0993154,0.0971318,0.103243,0.100966,0.101213
0.0997561,0.0993659,0.0980802,0.103822,0.0969513,0.0990125,0.0971786,0.103324,0.101248,0.101261
0.0990691,0.098625,0.0966874,0.106838,0.0952061,0.0987986,0.0959004,0.104384,0.101855,0.102636
0.099486,0.0989372,0.0972849,0.105774,0.0954583,0.0986546,0.0962999,0.104185,0.101504,0.102416
0.0997173,0.0992941,0.0975223,0.104763,0.0960485,0.0988752,0.0961725,0.104374,0.101441,0.101792
0.0996394,0.0991488,0.0976297,0.105244,0.0961164,0.0989344,0.0965103,0.103872,0.101147,0.101757
0.0994802,0.0999781,0.0974661,0.104042,0.096939,0.0990132,0.0969534,0.103567,0.10115,0.101411
0.0980952,0.0998831,0.0967967,0.105749,0.096115,0.0980039,0.0977374,0.10298,0.101736,0.102904
0.0983478,0.0997161,0.0968508,0.10561,0.0959451,0.0981525,0.0978656,0.102884,0.101661,0.102967
0.0993256,0.0993334,0.0972989,0.105414,0.0958016,0.098835,0.0975654,0.103201,0.101088,0.102137
0.0963701,0.101858,0.0965178,0.10462,0.0992505,0.0971442,0.0965949,0.103023,0.102362,0.10226
0.0956318,0.102993,0.0959229,0.105089,0.0999959,0.0967186,0.0952012,0.104412,0.102627,0.101409
0.096206,0.102636,0.0971429,0.103293,0.100789,0.0973657,0.0971144,0.102531,0.101958,0.100965
0.0962618,0.101328,0.0981158,0.103627,0.10077,0.0979205,0.101158,0.0982534,0.100616,0.101949
0.0946278,0.102958,0.0966275,0.104738,0.101619,0.0967434,0.0991325,0.0998189,0.101605,0.10213
0.0956017,0.101286,0.0962564,0.10481,0.100198,0.0990407,0.100528,0.0978194,0.100924,0.103534
0.0979441,0.0966364,0.097388,0.10409,0.0974083,0.103242,0.102572,0.0956884,0.100145,0.104885
0.0981319,0.0957822,0.0976614,0.103906,0.0959708,0.101489,0.10416,0.0959194,0.101728,0.105252
0.0973814,0.096416,0.0970728,0.10474,0.0961097,0.0996607,0.104643,0.0965279,0.102408,0.105041
0.0980182,0.0976716,0.0951755,0.105945,0.0964305,0.0989052,0.102017,0.10005,0.102371,0.103416
0.0991462,0.0980325,0.0946359,0.106001,0.0962676,0.100068,0.0994954,0.102067,0.101722,0.102564
0.0993351,0.0981117,0.0948523,0.10547,0.0964336,0.100217,0.100346,0.101296,0.101276,0.102663
0.100125,0.0969853,0.0964877,0.104877,0.0962484,0.100774,0.100271,0.101308,0.100964,0.101959
0.100119,0.0995839,0.09629,0.103061,0.0987365,0.0991876,0.099541,0.101797,0.099853,0.101832
0.100209,0.097834,0.0979477,0.102576,0.0977322,0.100634,0.100612,0.100065,0.100189,0.102201
0.099065,0.0985818,0.0945224,0.104298,0.0981619,0.101745,0.0998572,0.0992306,0.0992343,0.105304
0.0977226,0.0999133,0.0939006,0.104236,0.0974665,0.103237,0.100491,0.096971,0.0997562,0.106306
0.0983039,0.0982531,0.0936785,0.105142,0.0960483,0.102876,0.101492,0.0973478,0.100223,0.106636
0.097487,0.0981052,0.0924225,0.106373,0.0953596,0.103388,0.101903,0.0965352,0.100238,0.108188
0.0973494,0.0969365,0.0936286,0.106052,0.0945915,0.104471,0.102185,0.0951653,0.100934,0.108688
0.0966932,0.0960228,0.0923713,0.10848,0.0935902,0.102928,0.105281,0.0949907,0.100594,0.109049
0.0978156,0.0953038,0.0934744,0.107065,0.0932019,0.104883,0.102247,0.0954525,0.101106,0.109451
0.0961764,0.0993949,0.0931614,0.107895,0.0949159,0.101181,0.0982759,0.0988931,0.102056,0.10805
0.0975648,0.0961198,0.0938399,0.110787,0.0913715,0.100069,0.0990281,0.100425,0.102043,0.108751
0.0947748,0.098637,0.0916336,0.113154,0.0917166,0.0994674,0.0965903,0.101391,0.102783,0.109853
0.0992389,0.0965668,0.0967113,0.11118,0.0917045,0.0978945,0.0955885,0.105135,0.101663,0.104318
0.0997255,0.0965947,0.0975758,0.108846,0.0925243,0.0983038,0.0966036,0.104165,0.10159,0.104071
0.0994311,0.0969428,0.0971472,0.108955,0.0926993,0.0981406,0.0964695,0.104183,0.101735,0.104296
0.0999241,0.0983949,0.0975608,0.10597,0.0948227,0.0987923,0.0960814,0.104599,0.101481,0.102374
0.099506,0.0986569,0.0980231,0.105087,0.0959607,0.0988659,0.0977497,0.102625,0.101106,0.10242
0.0998292,0.0999836,0.0975601,0.103573,0.0973125,0.0993603,0.0972188,0.103032,0.100837,0.101294
0.100244,0.0990213,0.0989125,0.102819,0.0972503,0.0995358,0.0979438,0.10239,0.100723,0.101159
0.0993429,0.09729,0.0973615,0.104314,0.0962985,0.101455,0.100711,0.0989897,0.100849,0.103389
0.0984125,0.101128,0.0977697,0.102474,0.100107,0.0991762,0.0994877,0.100211,0.100413,0.10082
0.0967674,0.102145,0.0975135,0.102593,0.101057,0.0980486,0.0996469,0.0998126,0.100973,0.101444
0.0969426,0.101634,0.097767,0.10202,0.099814,0.0982642,0.100102,0.0991897,0.101426,0.102841
0.0979948,0.102143,0.0975829,0.101884,0.100614,0.09927,0.0993615,0.0991627,0.100303,0.101684
0.0963495,0.102566,0.096088,0.103306,0.100108,0.0998034,0.100305,0.0973598,0.100502,0.103612
0.09638,0.103424,0.0955108,0.10147,0.101123,0.10014,0.103443,0.0930322,0.0989193,0.106558
0.0972204,0.103403,0.0970538,0.101783,0.101674,0.0995367,0.100705,0.0967958,0.0995905,0.102237
0.0957154,0.10356,0.0965561,0.103558,0.102002,0.0979423,0.0998997,0.0987903,0.10049,0.101486
0.0941809,0.104157,0.0958316,0.104047,0.101814,0.0971876,0.100725,0.0975398,0.101205,0.103312
0.09501,0.103912,0.0961563,0.103434,0.101931,0.0974458,0.0999936,0.0987776,0.101127,0.102213
0.0956077,0.103036,0.0967986,0.102906,0.101273,0.0975478,0.0999767,0.0993326,0.101382,0.10214
0.0927957,0.10608,0.09477,0.102295,0.102771,0.0969757,0.101931,0.0956321,0.101827,0.104923
0.0906628,0.108313,0.0931985,0.102769,0.103364,0.0964548,0.102247,0.0931094,0.102178,0.107704
0.0911487,0.106082,0.0936313,0.104336,0.102401,0.0951708,0.101273,0.0966544,0.103115,0.106188
0.090985,0.106991,0.0931704,0.103807,0.102191,0.09541,0.0998289,0.0970573,0.103628,0.106932
0.0951513,0.103702,0.0954323,0.102993,0.101208,0.0968318,0.0985204,0.10071,0.10243,0.103022
0.09533,0.104104,0.0952102,0.104304,0.101128,0.0969851,0.0966333,0.102706,0.102106,0.101493
0.0963583,0.103142,0.0960081,0.103245,0.100913,0.0976935,0.0978433,0.1014,0.101621,0.101775
0.0938318,0.105002,0.0945815,0.103792,0.102459,0.0965727,0.0993286,0.0990839,0.102028,0.103321
0.0977136,0.101785,0.0969762,0.103658,0.0997345,0.0984106,0.0974048,0.102123,0.101095,0.1011
0.09767,0.101886,0.0970304,0.104647,0.0998986,0.098427,0.0963053,0.103074,0.100849,0.100213
0.0964162,0.102581,0.0961367,0.105545,0.100238,0.097679,0.0965004,0.102611,0.101248,0.101045
0.0972163,0.103166,0.0954969,0.104791,0.100224,0.0982512,0.0958265,0.103431,0.101058,0.100538
0.0926938,0.105176,0.0899695,0.104946,0.101057,0.100601,0.0971258,0.098376,0.103249,0.106807
0.0968257,0.103624,0.0948001,0.104866,0.100554,0.0981795,0.0966146,0.102325,0.100966,0.101245
0.0936733,0.104637,0.0938895,0.105395,0.10239,0.0966534,0.0985169,0.0996235,0.101999,0.103222
0.095822,0.102965,0.0929452,0.103322,0.101573,0.100729,0.0983185,0.0990774,0.101672,0.103576
0.0956001,0.104032,0.0917496,0.101296,0.102065,0.101131,0.100359,0.0967343,0.102221,0.104812
0.0960015,0.101409,0.0950781,0.104844,0.0999235,0.0992799,0.0988888,0.0993546,0.101481,0.103739
0.0947309,0.103405,0.0964654,0.103941,0.10242,0.0968213,0.0994068,0.0993285,0.101426,0.102055
0.0957207,0.101267,0.0987412,0.102795,0.100883,0.0973022,0.10122,0.0985555,0.10138,0.102135
0.0967835,0.10148,0.0984603,0.102576,0.100538,0.0977681,0.0987116,0.101079,0.101525,0.101079
0.0984639,0.0999299,0.0999313,0.100976,0.0999024,0.0990497,0.10159,0.0985983,0.100371,0.101188
0.0995683,0.100217,0.098914,0.102102,0.098932,0.0993732,0.0975546,0.102541,0.100687,0.100111
0.0985747,0.100791,0.0989119,0.100904,0.0994122,0.0995324,0.100789,0.0986586,0.100322,0.102105
0.0992594,0.100887,0.0978482,0.101173,0.0990179,0.0997485,0.1005,0.0993461,0.099927,0.102294
0.0984217,0.102047,0.0969399,0.101267,0.0997719,0.0995045,0.100219,0.0990998,0.0997829,0.102946
0.0986671,0.101841,0.0969094,0.101505,0.0999024,0.0990285,0.098711,0.101248,0.100406,0.101781
0.0983724,0.102838,0.0959655,0.102388,0.0994683,0.0991316,0.0973298,0.102331,0.100632,0.101543
0.0989831,0.102233,0.096178,0.10101,0.099214,0.099625,0.100222,0.0998433,0.100187,0.102505
0.0989609,0.101801,0.0964905,0.101441,0.0988759,0.0990598,0.0984479,0.101897,0.10119,0.101836
0.0993737,0.101931,0.0962103,0.102605,0.098392,0.0992431,0.0963008,0.104073,0.101159,0.100712
0.0993397,0.101914,0.0963442,0.102911,0.0984622,0.099192,0.0957407,0.104599,0.101157,0.10034
0.099256,0.101676,0.0967878,0.101355,0.0988598,0.0993561,0.0985852,0.101761,0.100956,0.101407
0.0987242,0.102435,0.095834,0.103144,0.0986553,0.0988445,0.0958589,0.104489,0.101377,0.100638
0.0971604,0.103276,0.0949839,0.103873,0.099166,0.097751,0.0953595,0.104698,0.102246,0.101487
0.0979298,0.102181,0.0965358,0.102796,0.0992597,0.098209,0.0961172,0.103936,0.101925,0.101111
0.0970554,0.102548,0.0961888,0.102841,0.0996173,0.0976239,0.0964123,0.103456,0.102402,0.101855
0.0971565,0.102915,0.0965231,0.102847,0.100532,0.0982606,0.097936,0.101877,0.101166,0.100787
0.096812,0.102941,0.0967472,0.102351,0.101334,0.0983381,0.0997544,0.0997299,0.100746,0.101246
0.0980904,0.103356,0.0966626,0.10082,0.101496,0.0998337,0.0987012,0.0992815,0.100214,0.101544
0.0985209,0.101724,0.0969207,0.101787,0.100163,0.10023,0.0995888,0.0996865,0.100258,0.101121
0.0970039,0.101748,0.0928342,0.103556,0.0984953,0.101592,0.0987817,0.0999806,0.102277,0.103731
0.0969876,0.0999422,0.0942848,0.105048,0.0969718,0.101538,0.100348,0.0976355,0.101399,0.105845
0.0954812,0.0997776,0.0921575,0.107514,0.096038,0.102229,0.102423,0.0965726,0.0999532,0.107854
0.0964266,0.0992794,0.0933772,0.106395,0.0963812,0.101824,0.102151,0.0967595,0.100653,0.106753
0.0972716,0.102428,0.0939059,0.103249,0.0993093,0.101227,0.0992316,0.0979409,0.100129,0.105307
0.0955604,0.101465,0.0926052,0.10513,0.0975382,0.103269,0.100249,0.0952166,0.100176,0.108791
0.0969712,0.0999224,0.0958048,0.105496,0.0960873,0.101044,0.0994633,0.0982341,0.101001,0.105975
0.0984957,0.099964,0.0981298,0.102855,0.0972816,0.100077,0.0992009,0.0997026,0.100826,0.103466
0.097526,0.100949,0.0961734,0.10437,0.0975051,0.0998114,0.0980713,0.0998853,0.101165,0.104543
0.0974285,0.100861,0.0966515,0.103829,0.0976593,0.09937,0.0986108,0.0987174,0.101223,0.105649
0.098477,0.100796,0.097666,0.101917,0.098979,0.0990906,0.0986838,0.0993619,0.10123,0.103798
0.098013,0.103974,0.0965128,0.0994986,0.101641,0.100445,0.0999162,0.0948469,0.0998997,0.105253
0.094735,0.104504,0.0947397,0.103495,0.0999127,0.0978444,0.0999144,0.0978135,0.101836,0.105205
0.0927054,0.106068,0.093749,0.104425,0.100615,0.0978557,0.100169,0.0947853,0.101851,0.107777
0.0934777,0.104458,0.094077,0.106013,0.100707,0.0982436,0.0999586,0.0966008,0.101187,0.105277
0.0916224,0.108403,0.0929492,0.105438,0.102367,0.0975569,0.0989653,0.096093,0.10124,0.105365
0.0869758,0.110473,0.088256,0.107101,0.103621,0.0996501,0.100698,0.0907982,0.101923,0.110503
0.0900284,0.10722,0.0895528,0.107475,0.101151,0.0996487,0.0993654,0.0938586,0.101267,0.110433
0.085147,0.111074,0.0870286,0.108368,0.102524,0.0982318,0.101359,0.0890383,0.102274,0.114956
0.0829986,0.113645,0.0823651,0.108491,0.10448,0.101934,0.100237,0.0863208,0.101963,0.117565
0.0832126,0.11412,0.0830992,0.109223,0.10378,0.0978509,0.0993895,0.0887348,0.102149,0.118441
0.0914767,0.104569,0.0901218,0.106834,0.100306,0.0988772,0.0982761,0.0968259,0.103464,0.10925
0.0958258,0.100978,0.091249,0.107786,0.0981594,0.10135,0.0951744,0.101773,0.10207,0.105633
0.0991635,0.0986684,0.0965149,0.106324,0.0966541,0.100876,0.096806,0.10224,0.100555,0.102198
0.09974,0.0992345,0.0978861,0.104218,0.0974523,0.100222,0.0978579,0.101878,0.100276,0.101236
0.0986431,0.0987272,0.0954633,0.104759,0.0971163,0.100925,0.0976447,0.102081,0.102298,0.102342
0.0975883,0.0988562,0.0926595,0.10648,0.0968989,0.10138,0.0977467,0.101592,0.102222,0.104577
0.0985114,0.100133,0.0947014,0.104709,0.0980233,0.101188,0.0968317,0.10202,0.101,0.102884
0.0982307,0.100677,0.0934326,0.104958,0.0980332,0.100927,0.0965352,0.102502,0.101209,0.103496
0.0980672,0.0993181,0.0935603,0.10656,0.0960651,0.10089,0.0965832,0.102453,0.102085,0.104418
0.0987555,0.10033,0.095069,0.104816,0.0973225,0.0999584,0.0970878,0.102373,0.101075,0.103213
0.0985694,0.099619,0.0946701,0.104272,0.0976789,0.101467,0.0975156,0.10143,0.101385,0.103393
0.0994976,0.0999687,0.0969675,0.103004,0.0978205,0.100001,0.0983137,0.101607,0.100681,0.102139
0.098074,0.0995638,0.0953306,0.103617,0.0974703,0.101084,0.0996899,0.0997952,0.101328,0.104047
0.0977255,0.0994349,0.0942427,0.10515,0.0974357,0.101655,0.0988412,0.0997387,0.101339,0.104437
0.0997019,0.0998659,0.0966331,0.105324,0.0962217,0.0992966,0.0973742,0.103028,0.100644,0.10191
0.0992002,0.0998567,0.0960866,0.106214,0.0960281,0.0991005,0.0983201,0.10187,0.10051,0.102814
0.0975085,0.100981,0.0948557,0.106674,0.097512,0.0990415,0.0973922,0.101804,0.101071,0.10316
0.0978054,0.101552,0.0951198,0.105962,0.0980527,0.0987795,0.0973358,0.102051,0.100884,0.102458
0.096638,0.101475,0.0939836,0.107034,0.0983314,0.0995306,0.0975093,0.100997,0.101029,0.103472
0.0956924,0.101794,0.0921951,0.107571,0.0976376,0.0995722,0.0972763,0.100497,0.101925,0.105839
0.0953607,0.102712,0.0913269,0.106732,0.0976256,0.10047,0.098964,0.0986757,0.102302,0.105831
0.0957246,0.103133,0.0915202,0.106062,0.0982786,0.100534,0.0994946,0.0989146,0.101812,0.104525
0.0966323,0.101232,0.0933267,0.105854,0.0981439,0.100637,0.0994027,0.0989672,0.101793,0.104012
0.096318,0.10131,0.0929324,0.105001,0.096729,0.101905,0.100671,0.0969769,0.102071,0.106086
0.0961158,0.102051,0.0917973,0.105527,0.0969222,0.10153,0.100658,0.0975739,0.101793,0.106032
0.0972749,0.102164,0.0921679,0.103573,0.0982698,0.10142,0.0997412,0.100287,0.102127,0.102976
0.098064,0.100329,0.0945574,0.104196,0.0975413,0.100277,0.100281,0.0993437,0.101691,0.103719
0.0975375,0.100439,0.0945797,0.104547,0.0975424,0.100556,0.100077,0.0987488,0.101028,0.104944
0.0988673,0.0991507,0.0977824,0.103294,0.0975448,0.0988958,0.1004,0.100957,0.101969,0.101139
0.0990921,0.100095,0.0979428,0.102058,0.0984339,0.0995403,0.0997061,0.100282,0.101362,0.101488
0.0990005,0.102196,0.0983323,0.0997162,0.100385,0.100229,0.0991817,0.098902,0.100306,0.101751
0.0990986,0.101523,0.0984039,0.100457,0.10022,0.100193,0.10006,0.0984799,0.0995585,0.102005
0.0992964,0.100679,0.097997,0.101126,0.0994448,0.0999715,0.100155,0.0999055,0.100587,0.100837
0.0962657,0.103094,0.0968695,0.101414,0.101301,0.0990515,0.100902,0.0969658,0.100782,0.103354
0.097885,0.101903,0.0971525,0.101172,0.100002,0.100773,0.100274,0.097012,0.0999242,0.103902
0.100233,0.0995359,0.0987118,0.101371,0.0991847,0.0993601,0.100219,0.100668,0.0999956,0.100722
0.0995475,0.100005,0.098778,0.101236,0.0994725,0.0994373,0.0995554,0.100305,0.100249,0.101415
0.098688,0.0992491,0.0962712,0.104078,0.0979799,0.0993577,0.100617,0.0995317,0.100594,0.103633
0.0963876,0.100663,0.0941424,0.106871,0.0980954,0.0987569,0.0991276,0.0999228,0.101455,0.104579
0.0970656,0.101628,0.0951404,0.104734,0.100187,0.0993678,0.100619,0.0977999,0.100141,0.103317
0.0981403,0.100589,0.0969272,0.104253,0.098965,0.098625,0.0993333,0.100159,0.100453,0.102556
0.0989517,0.100097,0.0982191,0.10274,0.0988519,0.0991176,0.0993956,0.1004,0.100471,0.101755
0.0985183,0.100191,0.0984821,0.102438,0.0994636,0.098885,0.099539,0.0999195,0.100681,0.101882
0.0986498,0.101377,0.0981483,0.100613,0.100603,0.0994915,0.100707,0.0978992,0.100417,0.102093
0.0991101,0.100536,0.0987001,0.101269,0.099313,0.0993826,0.0993311,0.100469,0.100665,0.101224
0.099411,0.100612,0.0982689,0.101611,0.0989074,0.0993672,0.0985521,0.101657,0.100758,0.100855
0.0988015,0.101548,0.0979323,0.10104,0.100099,0.0993568,0.0991089,0.100618,0.100305,0.101191
0.0927723,0.106604,0.0940594,0.102057,0.101967,0.0974202,0.102557,0.094636,0.101418,0.106509
0.0956706,0.102785,0.0969125,0.101697,0.0999879,0.0993692,0.101989,0.0955863,0.100987,0.105016
0.0969617,0.0996776,0.0960358,0.103456,0.0970644,0.102104,0.1016,0.0955761,0.100886,0.106638
0.0947668,0.104401,0.0942485,0.102042,0.0988695,0.100568,0.101332,0.0944535,0.101241,0.108079
0.0968655,0.103147,0.094828,0.101572,0.0973203,0.101696,0.101555,0.0947614,0.100313,0.107941
0.0971005,0.101962,0.0951897,0.10204,0.096833,0.102696,0.10064,0.095321,0.100684,0.107533
0.0974804,0.099853,0.0958915,0.103494,0.0961086,0.102805,0.099894,0.0965522,0.10106,0.106862
0.098483,0.0999904,0.0977077,0.10229,0.0978575,0.100539,0.0998256,0.0989186,0.100885,0.103504
0.0961896,0.102606,0.0954209,0.1029,0.0973211,0.101997,0.099472,0.0958136,0.101238,0.107042
0.0946308,0.104165,0.0948027,0.103101,0.0982284,0.100722,0.0998541,0.0951015,0.101762,0.107633
0.0961714,0.103025,0.0951696,0.103003,0.098483,0.101406,0.0983869,0.0970868,0.101537,0.105731
0.0966528,0.102689,0.0954305,0.103275,0.0988433,0.100232,0.099042,0.0980706,0.101513,0.104252
0.0978579,0.0996534,0.0958619,0.105616,0.0983606,0.10191,0.097,0.101313,0.100523,0.101904
0.0971629,0.0989416,0.0946189,0.107446,0.0975898,0.102924,0.096601,0.101325,0.100681,0.10271
0.0970905,0.0996474,0.0937717,0.106086,0.0975812,0.10295,0.0970806,0.0992066,0.101515,0.10507
0.096919,0.0975006,0.0933459,0.107936,0.0959833,0.10399,0.097723,0.100687,0.101683,0.104232
0.0954053,0.0980856,0.091234,0.111016,0.0944387,0.101947,0.0983047,0.0989496,0.103392,0.107227
0.096706,0.0982167,0.0948432,0.108962,0.095842,0.101956,0.0970024,0.101644,0.101564,0.103265
0.0958089,0.0986458,0.0936056,0.108628,0.0955872,0.101422,0.0979811,0.0990718,0.102687,0.106563
0.0962248,0.100736,0.0956151,0.104469,0.0981763,0.101395,0.0993777,0.0973593,0.100921,0.105726
0.0990674,0.0998755,0.0984514,0.101524,0.098769,0.100339,0.100239,0.0991366,0.10034,0.102258
0.0996091,0.0998414,0.0990389,0.101299,0.0991,0.0994087,0.0996939,0.100642,0.100873,0.100494
0.0996984,0.100721,0.0982517,0.100296,0.099792,0.100227,0.100146,0.100027,0.100439,0.100402
0.0989956,0.101565,0.0947448,0.100129,0.100102,0.101977,0.101546,0.100074,0.100353,0.100516
0.0976468,0.101976,0.0918331,0.101884,0.0990532,0.102812,0.0997397,0.100648,0.102069,0.102339
0.0969177,0.102786,0.0913361,0.102618,0.0990536,0.102269,0.0990425,0.100348,0.102406,0.103224
0.0978689,0.0995465,0.0947624,0.104903,0.0978446,0.0995584,0.101582,0.0986394,0.100965,0.10433
0.0980571,0.0957353,0.094316,0.107085,0.0942653,0.101548,0.103325,0.0977446,0.102749,0.105175
0.0966856,0.100756,0.0945079,0.104796,0.097456,0.100744,0.101288,0.0979711,0.101642,0.104154
0.0960066,0.1014,0.090752,0.104668,0.0973529,0.102874,0.100087,0.100149,0.103078,0.103631
0.0963859,0.103117,0.0918599,0.103147,0.0989842,0.101714,0.0993595,0.0992481,0.102556,0.103629
0.0938031,0.107565,0.0911133,0.102051,0.102029,0.100202,0.099349,0.0951204,0.100739,0.108028
0.0942813,0.106245,0.0939021,0.101189,0.101644,0.0995276,0.100104,0.0951349,0.10125,0.106723
0.0941,0.106055,0.0925199,0.102875,0.10001,0.100155,0.100518,0.0946745,0.100243,0.108849
0.0915389,0.108362,0.090768,0.10354,0.100353,0.10036,0.10118,0.0916358,0.100328,0.111934
0.0917099,0.106534,0.0909695,0.103908,0.100002,0.101402,0.101696,0.0906749,0.100391,0.112713
0.0939644,0.103255,0.0937423,0.103995,0.098889,0.101368,0.100778,0.0940512,0.101178,0.10878
0.0922896,0.106851,0.0918569,0.103509,0.100565,0.0997991,0.101573,0.0926044,0.100437,0.110515
0.0941329,0.105295,0.0931833,0.103379,0.100023,0.0994411,0.100162,0.095382,0.1006,0.108401
0.0973925,0.101551,0.0960794,0.102312,0.0987654,0.101469,0.100845,0.0961077,0.0995815,0.105896
0.097932,0.0994306,0.0966835,0.103458,0.0970794,0.101712,0.101961,0.0958123,0.0997327,0.106198
0.0976514,0.0980354,0.0960548,0.104072,0.0961928,0.102383,0.10342,0.0942517,0.100376,0.107564
0.0968207,0.0946883,0.0938599,0.10747,0.0927225,0.104823,0.105627,0.091308,0.100913,0.111768
0.0963147,0.0974401,0.0936527,0.106787,0.0946604,0.102363,0.104925,0.0926172,0.100772,0.110467
0.0976768,0.0989479,0.0973818,0.104614,0.0958962,0.0993816,0.101173,0.0972284,0.101236,0.106464
0.0987141,0.0974267,0.0968358,0.10729,0.0943151,0.0991445,0.0992258,0.100734,0.101256,0.105058
0.0942462,0.102481,0.0927022,0.107872,0.0960719,0.100736,0.100212,0.0969693,0.100989,0.10772
0.0997012,0.0988677,0.0984719,0.102139,0.0967891,0.0993963,0.101612,0.0991709,0.100644,0.103209
0.097074,0.0996575,0.0955622,0.10429,0.0970239,0.100823,0.102505,0.0959354,0.100948,0.106182
0.0998389,0.0991848,0.0986916,0.10255,0.0973075,0.0994743,0.0997412,0.100789,0.100568,0.101855
0.0977823,0.0998665,0.0943761,0.104936,0.0976203,0.100387,0.101066,0.0985529,0.099916,0.105496
0.0966124,0.100328,0.0912432,0.108008,0.0960796,0.0999783,0.098969,0.100599,0.100922,0.10726
0.0984235,0.10081,0.0959105,0.10448,0.0978251,0.0988892,0.0973776,0.102329,0.101205,0.10275
0.0981159,0.100309,0.0958708,0.104033,0.0979722,0.100063,0.0984924,0.10143,0.100914,0.1028
0.0979259,0.100616,0.0955332,0.103635,0.0983102,0.100133,0.0989674,0.100795,0.101006,0.103079
0.097654,0.101041,0.0954935,0.103606,0.0983938,0.100716,0.0996066,0.0994172,0.100507,0.103564
0.0985275,0.10053,0.0963856,0.102427,0.0988642,0.10045,0.0991722,0.100314,0.101735,0.101594
0.0994067,0.0983502,0.097611,0.102909,0.0982622,0.101129,0.100779,0.0990678,0.100364,0.102121
0.0993202,0.100817,0.0989105,0.100514,0.0999949,0.100148,0.0996863,0.0992361,0.100256,0.101118
0.0987518,0.102292,0.0973507,0.100503,0.100976,0.100067,0.100266,0.0978724,0.0994069,0.102514
0.0974093,0.101584,0.098946,0.100757,0.100064,0.0995373,0.102236,0.0962493,0.100246,0.102971
0.0965291,0.101572,0.0954464,0.102209,0.0996673,0.100597,0.101952,0.0962646,0.101161,0.104601
0.0957222,0.0987371,0.0941159,0.104071,0.0969032,0.102799,0.102744,0.0950265,0.102042,0.107839
0.0949998,0.10219,0.096307,0.103155,0.100313,0.0996131,0.102102,0.0953111,0.100204,0.105805
0.0952095,0.10122,0.0958483,0.103179,0.09924,0.100647,0.102491,0.0946968,0.100957,0.106512
0.0954039,0.100565,0.0944171,0.104664,0.0980278,0.101934,0.101803,0.0946697,0.0997178,0.108798
0.0943329,0.103216,0.094186,0.104317,0.0997316,0.100451,0.10109,0.0949042,0.0995538,0.108219
0.0946976,0.105264,0.0940925,0.10326,0.100952,0.0997107,0.0996782,0.0961746,0.099338,0.106833
0.0960124,0.100761,0.0943191,0.104106,0.0974938,0.103505,0.100609,0.0945305,0.0995741,0.109089
0.0981961,0.0971032,0.0960727,0.103371,0.0952668,0.105011,0.10203,0.0945085,0.10015,0.108292
0.0980637,0.0982106,0.096146,0.102784,0.0963996,0.104306,0.101366,0.0955045,0.100484,0.106736
0.0972663,0.0998988,0.0942243,0.10322,0.0962225,0.104648,0.100296,0.0952579,0.100109,0.108857
0.0983291,0.100368,0.0962404,0.102559,0.0979557,0.102798,0.0997443,0.0974052,0.0996037,0.104997
0.0973831,0.100375,0.0956226,0.103313,0.0976253,0.103952,0.0999658,0.0957453,0.0996598,0.106358
0.0980582,0.100407,0.0957164,0.10312,0.098557,0.102557,0.100146,0.0972736,0.099656,0.104509
0.097776,0.101981,0.0964422,0.10256,0.0994328,0.10123,0.0999457,0.0976617,0.0994893,0.103481
0.0991458,0.0991435,0.098004,0.102665,0.0989391,0.101303,0.101046,0.0982204,0.0995331,0.101999
0.0987124,0.0985269,0.0974104,0.103381,0.0976259,0.103048,0.101069,0.0970327,0.0997115,0.103482
0.0990847,0.10082,0.0980443,0.101298,0.0993586,0.100864,0.0999063,0.0990507,0.0998403,0.101733
0.0976565,0.103483,0.0964238,0.101382,0.100757,0.0998189,0.0993133,0.0984378,0.0996013,0.103126
0.0931753,0.107386,0.0936621,0.102698,0.102341,0.0981931,0.100244,0.0955639,0.100092,0.106646
0.0945339,0.106045,0.0942695,0.101524,0.10295,0.098643,0.102588,0.0934862,0.0994699,0.10649
0.0923447,0.106549,0.0942564,0.101895,0.102751,0.0973462,0.103989,0.0922347,0.101096,0.107539
0.0920384,0.107979,0.0930708,0.101621,0.103824,0.0973537,0.103222,0.0918125,0.100761,0.108318
0.0909445,0.106793,0.0938848,0.103051,0.101561,0.0964507,0.103277,0.0931442,0.102543,0.108351
0.0884289,0.108241,0.0898922,0.105606,0.100135,0.0980745,0.101993,0.0905443,0.102581,0.114504
0.090622,0.107027,0.0930828,0.103989,0.100886,0.0962843,0.101978,0.0935688,0.102844,0.109718
0.0887719,0.107933,0.0911128,0.105793,0.100134,0.0958592,0.101201,0.0925988,0.103502,0.113094
0.088027,0.111117,0.0886451,0.104262,0.102036,0.0980692,0.10256,0.0886057,0.101141,0.115537
0.0922885,0.105686,0.0930876,0.10396,0.0996165,0.09849,0.100827,0.0940373,0.102015,0.109992
0.0922051,0.106154,0.0925801,0.103903,0.0992426,0.0983324,0.101927,0.0932209,0.101497,0.110938
0.0921419,0.108173,0.0923904,0.102811,0.100933,0.0985732,0.101142,0.0929784,0.100933,0.109925
0.0908804,0.108897,0.0898765,0.103751,0.100779,0.099434,0.101428,0.0913149,0.100771,0.112867
0.0933839,0.107817,0.0927872,0.101638,0.101713,0.0997607,0.100879,0.0930924,0.100202,0.108727
0.0924633,0.106644,0.0913662,0.104383,0.100309,0.101499,0.098969,0.0939241,0.100847,0.109595
0.0951532,0.105732,0.0920799,0.103055,0.101538,0.103103,0.097774,0.0960296,0.0998737,0.105662
0.0952003,0.103865,0.0925455,0.10364,0.100273,0.103523,0.0978482,0.0961754,0.100816,0.106114
0.0948317,0.103094,0.0922221,0.102975,0.099568,0.105083,0.0979778,0.0956096,0.101404,0.107234
0.0960364,0.104354,0.0942236,0.101666,0.0998586,0.102761,0.0979173,0.0967281,0.100277,0.106178
0.0958045,0.104933,0.0947099,0.101559,0.100303,0.102462,0.098099,0.0962149,0.100147,0.105768
0.0959919,0.104725,0.0948558,0.101949,0.100588,0.102618,0.0976284,0.0966782,0.100013,0.104952
0.0975934,0.103308,0.0954832,0.102005,0.10048,0.102239,0.0976692,0.0981332,0.0994391,0.10365
0.0975589,0.102779,0.0963649,0.102393,0.100262,0.100972,0.0979111,0.0990787,0.100081,0.1026
0.0988516,0.0996809,0.0971697,0.103301,0.0984535,0.100513,0.0987947,0.10029,0.100612,0.102334
0.0973322,0.100564,0.0958937,0.105059,0.0985125,0.0997572,0.0992741,0.0999256,0.100741,0.10294
0.0974569,0.100526,0.0963083,0.10504,0.0984426,0.099713,0.0992081,0.10013,0.100515,0.102659
0.0981741,0.100134,0.0951289,0.103961,0.0989515,0.0999165,0.101239,0.0983033,0.0999097,0.104283
0.0982128,0.101054,0.0958576,0.103248,0.0998242,0.0992065,0.100124,0.0992463,0.100049,0.103177
0.0994259,0.099923,0.0965966,0.102732,0.0992765,0.0991094,0.100531,0.100108,0.099889,0.102408
0.0996639,0.0998852,0.0983906,0.101699,0.0994406,0.0992506,0.100331,0.100135,0.100058,0.101146
0.100105,0.0982023,0.0985137,0.102052,0.0979454,0.100418,0.101692,0.0987493,0.0995608,0.102761
0.0994962,0.0994844,0.098521,0.101751,0.0992353,0.0994499,0.101637,0.0984461,0.099508,0.102471
0.0985395,0.102226,0.0964298,0.101664,0.0999093,0.0999907,0.100122,0.0981998,0.0991307,0.103789
0.0984314,0.102435,0.0965232,0.101504,0.0994731,0.0997982,0.0991614,0.0992704,0.0998166,0.103587
0.0974963,0.103574,0.0955492,0.101786,0.100849,0.099563,0.0994179,0.0978982,0.0994238,0.104443
0.0954741,0.105362,0.0939778,0.102334,0.101172,0.0991116,0.100855,0.0953092,0.0994948,0.10691
0.0978245,0.102404,0.0962588,0.101244,0.0990819,0.100942,0.100314,0.0969913,0.100125,0.104815
0.0974593,0.10167,0.0954596,0.101815,0.0984124,0.102546,0.0998985,0.0966072,0.10025,0.105881
0.0966555,0.104087,0.0960369,0.101831,0.100595,0.0995752,0.0997666,0.0974965,0.0994868,0.10447
