0,1,2,3,4,5,6,7,8,9
0.100041,0.100273,0.100909,0.101554,0.100647,0.0996929,0.10005,0.0988361,0.0992205,0.0987761
0.0991192,0.100721,0.100725,0.101379,0.0987806,0.10172,0.100704,0.09875,0.100196,0.0979057
0.100649,0.100059,0.100207,0.0998344,0.100024,0.100385,0.0997007,0.0993933,0.100161,0.0995854
0.0998104,0.101624,0.0979336,0.100962,0.100105,0.0995708,0.101068,0.0979211,0.103127,0.0978785
0.10068,0.0993773,0.101244,0.101493,0.102039,0.0985132,0.0999701,0.0986366,0.0992328,0.0988145
0.100081,0.101378,0.100032,0.100156,0.100062,0.100659,0.099823,0.098281,0.102579,0.0969484
0.100644,0.0995207,0.100331,0.101786,0.100601,0.0999688,0.100493,0.0986533,0.0994189,0.0985835
0.100387,0.100733,0.100141,0.100611,0.0994939,0.101219,0.100147,0.098373,0.100446,0.0984486
0.0997031,0.101535,0.0977463,0.101254,0.0986087,0.0990263,0.10109,0.0973993,0.107752,0.0958845
0.0997051,0.102992,0.100114,0.10146,0.0992392,0.102032,0.100353,0.0968461,0.100334,0.0969241
0.100175,0.100557,0.100957,0.101666,0.0996688,0.10157,0.10032,0.0979206,0.0996712,0.0974925
0.101054,0.101175,0.101946,0.101346,0.0990423,0.102457,0.0996147,0.0963672,0.100319,0.0966776
0.100897,0.0993287,0.100202,0.099956,0.10024,0.100013,0.0998652,0.0993372,0.100537,0.0996233
0.101282,0.101891,0.100764,0.100193,0.0994669,0.101845,0.0993665,0.0962779,0.101341,0.0975735
0.101288,0.0999203,0.100209,0.0999802,0.0997577,0.10119,0.0998906,0.0984019,0.100718,0.0986445
0.101645,0.101453,0.101253,0.0996496,0.099587,0.101543,0.0988795,0.0963817,0.101535,0.0980726
0.102729,0.100343,0.101882,0.0987863,0.0992352,0.101019,0.0982529,0.0967552,0.102309,0.0986864
0.103169,0.10033,0.102011,0.0998343,0.0994621,0.101627,0.0984718,0.0966696,0.100888,0.0975375
0.101074,0.100005,0.100122,0.100003,0.0998647,0.100909,0.0998429,0.0987305,0.100535,0.0989147
0.100755,0.100835,0.100512,0.100544,0.0993931,0.101566,0.0999407,0.0976452,0.100705,0.0981043
0.101826,0.100534,0.100983,0.0994775,0.0994676,0.10132,0.0990675,0.0971891,0.101643,0.0984926
0.100875,0.0991351,0.101196,0.099559,0.099364,0.100049,0.0996814,0.0996645,0.100749,0.0997269
0.0998186,0.0996235,0.100683,0.100461,0.0996311,0.099058,0.100287,0.0997821,0.10093,0.0997255
0.101615,0.0991935,0.100597,0.099117,0.0996235,0.100877,0.0995134,0.0986336,0.101568,0.0992618
0.100419,0.0993023,0.101099,0.100152,0.10002,0.099002,0.0996926,0.0997028,0.100547,0.100065
0.0998965,0.0992679,0.100428,0.100528,0.0997224,0.0997908,0.100545,0.0995641,0.100445,0.0998131
0.100889,0.100055,0.100517,0.0990294,0.0994528,0.100551,0.0994138,0.0987096,0.101825,0.0995574
0.102057,0.10097,0.101409,0.0981856,0.0991074,0.100773,0.0982494,0.0965576,0.10337,0.0993202
0.102131,0.099337,0.101245,0.0989361,0.0994331,0.10082,0.0990266,0.098213,0.101752,0.0991059
0.100239,0.0999562,0.100671,0.0998827,0.0993724,0.100302,0.0993646,0.0995632,0.101116,0.099533
0.101833,0.0997853,0.1011,0.0991179,0.099503,0.100889,0.0990502,0.0979493,0.101684,0.0990888
0.100964,0.0990387,0.101321,0.0993759,0.0992513,0.100237,0.0996078,0.099695,0.100862,0.0996487
0.101018,0.0997005,0.100985,0.0983682,0.0991023,0.100352,0.0990723,0.0986763,0.102772,0.0999542
0.101174,0.0999974,0.101464,0.0982786,0.0986887,0.100282,0.0982528,0.0979158,0.103935,0.100012
0.100813,0.0995672,0.102832,0.0980737,0.0978365,0.099333,0.0969456,0.0995329,0.104734,0.100332
0.101263,0.0992846,0.101017,0.0990198,0.0993843,0.10057,0.0993961,0.0987867,0.101666,0.0996123
0.0997362,0.0990205,0.100928,0.0988233,0.0983087,0.100035,0.0990256,0.0999653,0.10383,0.100327
0.100663,0.0995299,0.101485,0.0983877,0.0983477,0.0998828,0.0980065,0.0986181,0.104596,0.100483
0.101379,0.0996216,0.101241,0.0984657,0.0990291,0.10039,0.0984688,0.0981626,0.103321,0.0999206
0.0973445,0.100258,0.101003,0.100954,0.0975576,0.0998827,0.0985256,0.100348,0.104091,0.100036
0.100862,0.0997404,0.101,0.0992393,0.099042,0.100194,0.0987381,0.0986756,0.102606,0.0999029
0.100784,0.0995972,0.100809,0.098732,0.0990207,0.100421,0.0992705,0.0989037,0.102648,0.0998142
0.10034,0.0992372,0.100833,0.0991505,0.0992691,0.100114,0.0995142,0.100011,0.101519,0.100012
0.0987011,0.100021,0.100979,0.100025,0.0978662,0.100191,0.0988953,0.0996938,0.103788,0.0998397
0.101324,0.099785,0.100982,0.0991703,0.0993747,0.100433,0.0988417,0.0983789,0.102077,0.0996327
0.101047,0.100135,0.10091,0.0992556,0.0989108,0.100806,0.0989709,0.0979392,0.102806,0.0992194
0.100978,0.0989433,0.100412,0.0990536,0.0994365,0.100401,0.0998223,0.099468,0.101641,0.099844
0.0996117,0.100475,0.101109,0.0995804,0.0980509,0.100399,0.0983328,0.0984881,0.104435,0.0995178
0.101636,0.0989123,0.100284,0.0991625,0.0995088,0.100985,0.0997726,0.098766,0.101814,0.0991577
0.100204,0.0991561,0.100522,0.0994657,0.099161,0.100271,0.100039,0.0998602,0.101421,0.0999
0.100936,0.0994863,0.100316,0.0995642,0.0994161,0.100851,0.0999068,0.0989348,0.101405,0.0991835
0.099855,0.100327,0.10085,0.100013,0.0982114,0.101176,0.0994646,0.0983837,0.103038,0.0986819
0.0991768,0.0996752,0.100806,0.101003,0.0977683,0.100958,0.0992435,0.0990615,0.103475,0.098833
0.100444,0.0999771,0.100618,0.100315,0.0985317,0.101365,0.0994802,0.0981693,0.102656,0.0984432
0.101094,0.0998954,0.100813,0.0997931,0.0986104,0.101314,0.0990617,0.0976814,0.10315,0.0985873
0.10116,0.0996266,0.100578,0.0998388,0.0989499,0.101167,0.0992842,0.0980971,0.102529,0.0987696
0.102561,0.101094,0.101063,0.0996062,0.0992694,0.101842,0.0988491,0.0958069,0.10214,0.0977686
0.101971,0.100698,0.100677,0.0998121,0.0991767,0.101905,0.0994098,0.0965143,0.102027,0.0978092
0.103371,0.101766,0.102173,0.100164,0.0988507,0.102875,0.0983473,0.0942057,0.102024,0.0962237
0.101723,0.101339,0.101461,0.100552,0.0991462,0.102266,0.0991955,0.0962327,0.101002,0.0970839
0.102469,0.101118,0.101285,0.0995567,0.099265,0.101703,0.0987196,0.0959208,0.102054,0.0979099
0.101781,0.100196,0.100917,0.0994409,0.0995921,0.101263,0.0991411,0.0975058,0.101507,0.0986554
0.103457,0.101313,0.101893,0.0988609,0.0988849,0.101911,0.0980192,0.0946457,0.103337,0.0976792
0.102622,0.101416,0.101542,0.0996994,0.098877,0.102134,0.0986843,0.0951601,0.1025,0.097365
0.103051,0.101443,0.101762,0.0991058,0.0985819,0.102191,0.0983472,0.0944824,0.103599,0.0974365
0.101639,0.100242,0.100702,0.0995728,0.0995872,0.101446,0.099339,0.0974791,0.101499,0.0984941
0.102052,0.10038,0.101165,0.0993785,0.0995255,0.101325,0.0989058,0.0971157,0.101641,0.0985104
0.103197,0.101452,0.10201,0.0994281,0.0987094,0.102365,0.0982858,0.0944962,0.102974,0.0970822
0.103084,0.101736,0.101665,0.0985476,0.0987659,0.101963,0.0980245,0.094432,0.103977,0.0978043
0.102241,0.0994745,0.101369,0.0986945,0.0982849,0.101387,0.0981893,0.0966945,0.104949,0.0987165
0.104038,0.101238,0.102565,0.0990669,0.0988442,0.102311,0.0977076,0.0942429,0.102971,0.0970147
0.103576,0.0996318,0.102082,0.0996134,0.0993748,0.102383,0.0985677,0.0961766,0.101498,0.0970962
0.102353,0.101236,0.100741,0.0998558,0.0992233,0.102201,0.0991627,0.0956909,0.102134,0.0974027
0.103379,0.101135,0.101139,0.0995778,0.098869,0.102841,0.0988247,0.0943767,0.103123,0.0967361
0.102275,0.100766,0.100782,0.09982,0.0989311,0.102369,0.0993982,0.0959047,0.102468,0.0972859
0.103525,0.10002,0.101131,0.099654,0.0986365,0.102882,0.0991299,0.0948674,0.103358,0.0967961
0.103644,0.100501,0.101427,0.0989276,0.0987187,0.102447,0.0985566,0.0946173,0.103825,0.097336
0.104398,0.100881,0.102357,0.0992672,0.0990428,0.10246,0.0978597,0.0943543,0.102591,0.0967887
0.103936,0.101447,0.10257,0.0999065,0.0989088,0.103024,0.0980212,0.0940199,0.102103,0.0960626
0.103559,0.101471,0.103484,0.100657,0.0985986,0.103614,0.0981163,0.0940365,0.101253,0.0952102
0.10234,0.101545,0.101319,0.10034,0.0989966,0.102863,0.0990901,0.0950156,0.101897,0.0965951
0.101093,0.102212,0.101472,0.100872,0.0980385,0.102959,0.0996086,0.0949858,0.102405,0.0963547
0.104658,0.101171,0.102875,0.0985401,0.0987631,0.102462,0.0972791,0.0935924,0.103698,0.0969618
0.105012,0.10144,0.103099,0.098502,0.0985395,0.102705,0.0970855,0.0929007,0.104104,0.096612
0.103391,0.101817,0.101703,0.0991235,0.098861,0.102583,0.098147,0.0938679,0.103468,0.0970382
0.103762,0.100694,0.101992,0.0987884,0.0991287,0.102191,0.0980105,0.0948746,0.103061,0.0974974
0.101571,0.100779,0.100555,0.0996503,0.0992187,0.101721,0.0994584,0.0969898,0.10201,0.0980469
0.103695,0.101559,0.10201,0.0992079,0.0989372,0.102743,0.0980259,0.0938834,0.103149,0.0967899
0.105258,0.101224,0.103295,0.0982833,0.0986198,0.102724,0.0968954,0.0928961,0.104159,0.0966458
0.104177,0.101534,0.102091,0.0981646,0.0986916,0.102366,0.0975361,0.0933915,0.104643,0.0974061
0.103986,0.101733,0.102195,0.0991504,0.0988437,0.102923,0.0978405,0.093399,0.103379,0.0965512
0.103561,0.1017,0.101819,0.0993584,0.0989272,0.102878,0.0981796,0.0937808,0.103134,0.0966628
0.10323,0.100958,0.101754,0.0983168,0.0989424,0.102117,0.0980525,0.094864,0.103907,0.0978578
0.104104,0.100244,0.10244,0.0982689,0.0989756,0.101942,0.0976872,0.0949866,0.103534,0.0978176
0.10315,0.101152,0.101865,0.0978137,0.0988159,0.101837,0.0977968,0.0948832,0.104476,0.0982109
0.102261,0.10025,0.100867,0.0988468,0.0993846,0.101728,0.0989543,0.0968065,0.102608,0.0982949
0.103213,0.101663,0.101029,0.0997267,0.0988874,0.103012,0.0988339,0.0941484,0.10302,0.0964659
0.103835,0.100918,0.10146,0.0990119,0.0987171,0.102693,0.0984448,0.0940628,0.103861,0.0969954
0.10334,0.102091,0.101683,0.099074,0.0988016,0.102845,0.098122,0.0936198,0.103659,0.0967644
0.103359,0.101744,0.101836,0.0984067,0.0987659,0.102439,0.0978751,0.0940017,0.104207,0.0973663
0.104868,0.102505,0.102268,0.0984657,0.0983084,0.103329,0.097317,0.0915055,0.105275,0.0961585
0.104136,0.102297,0.101757,0.0989315,0.0986916,0.103029,0.0978333,0.0926608,0.104192,0.0964737
0.10401,0.102055,0.101976,0.0990058,0.0986637,0.103316,0.0978868,0.0927404,0.104078,0.0962678
0.103346,0.103033,0.101645,0.0999712,0.0985516,0.103576,0.0983274,0.0925197,0.103354,0.0956754
0.103733,0.103026,0.101996,0.098778,0.0984861,0.103076,0.0976134,0.0923775,0.10452,0.0963941
0.104209,0.102205,0.102194,0.0986184,0.0985496,0.103184,0.0975693,0.092437,0.104598,0.0964362
0.103369,0.10378,0.101689,0.0994891,0.0985024,0.103472,0.0979253,0.0920945,0.103927,0.095751
0.10362,0.103305,0.101981,0.0986312,0.0984172,0.103118,0.0975451,0.0922906,0.104751,0.0963403
0.10412,0.103681,0.102152,0.0988448,0.0982087,0.103487,0.0973985,0.0912945,0.10501,0.0958025
0.104157,0.10397,0.102116,0.0991113,0.098164,0.103776,0.0974591,0.0909387,0.104899,0.0954082
0.104535,0.103512,0.102186,0.099779,0.0982056,0.104553,0.0977541,0.090545,0.104346,0.0945848
0.104727,0.103634,0.102801,0.100347,0.0979224,0.10535,0.0977271,0.0899548,0.103993,0.093544
0.103182,0.0983361,0.101759,0.0979429,0.0989256,0.101658,0.0986967,0.0972322,0.103634,0.0986338
0.10358,0.100936,0.101208,0.0991168,0.0989493,0.102939,0.0986283,0.0943975,0.103472,0.0967735
0.102895,0.0988215,0.101295,0.0983217,0.0990555,0.101991,0.0989681,0.0969112,0.103434,0.0983074
0.104163,0.100607,0.102059,0.0975725,0.0984313,0.102549,0.0977193,0.0939283,0.105484,0.0974867
0.103702,0.10172,0.102096,0.0979405,0.0982049,0.102699,0.0977054,0.0933779,0.105446,0.0971072
0.104503,0.103826,0.102338,0.0986582,0.0981002,0.10369,0.0971558,0.0907176,0.10543,0.0955813
0.105418,0.102816,0.103087,0.0994969,0.0982922,0.104675,0.0971966,0.0904953,0.104144,0.0943783
0.104512,0.102539,0.102296,0.0987198,0.0984212,0.103616,0.0974655,0.0917103,0.104818,0.095902
0.104308,0.102048,0.102155,0.0995087,0.098517,0.104559,0.0980727,0.0918995,0.103975,0.0949572
0.104484,0.102038,0.101702,0.0989879,0.0985949,0.103489,0.0979516,0.0923616,0.104395,0.095996
0.103449,0.1004,0.10157,0.0988186,0.0987723,0.102853,0.0985702,0.0947413,0.103783,0.0970431
0.103451,0.100286,0.101091,0.0990502,0.0989078,0.103062,0.0989168,0.0949664,0.103505,0.0967643
0.102782,0.100391,0.101054,0.098255,0.0989548,0.102036,0.0986593,0.0959963,0.10388,0.0979904
0.103867,0.103513,0.101943,0.0983877,0.0983836,0.103194,0.0973792,0.0919582,0.105132,0.0962422
0.104661,0.101379,0.101836,0.0981643,0.0986323,0.103091,0.0976938,0.0928716,0.105014,0.0966585
0.103513,0.101088,0.10109,0.0992745,0.0991498,0.10307,0.0986685,0.0944202,0.103107,0.0966191
0.103959,0.102797,0.101641,0.0991947,0.0980769,0.104117,0.0981925,0.091927,0.104891,0.0952041
0.104302,0.100835,0.101437,0.0984304,0.0986329,0.103018,0.0982325,0.0936919,0.104674,0.096745
0.105103,0.102762,0.101709,0.0992068,0.0985288,0.104104,0.0977428,0.0910881,0.104593,0.0951616
0.104639,0.100503,0.101364,0.098356,0.0987993,0.102978,0.098203,0.0937352,0.104594,0.0968283
0.104641,0.102239,0.101915,0.0989752,0.0983591,0.103762,0.097841,0.0918301,0.104763,0.0956751
0.103466,0.100828,0.101326,0.0991947,0.098896,0.103536,0.09876,0.0943202,0.10344,0.0962337
0.103423,0.101143,0.101489,0.0991132,0.0984132,0.10332,0.098669,0.0939552,0.10413,0.0963433
0.103628,0.103919,0.101712,0.0998289,0.0983479,0.10423,0.0980509,0.0914196,0.103974,0.094888
0.104838,0.102773,0.102185,0.0992734,0.0982903,0.104464,0.0976913,0.0909151,0.1047,0.0948693
0.103836,0.0998551,0.101721,0.098738,0.0987238,0.103332,0.0986115,0.0945536,0.103972,0.096657
0.104843,0.100827,0.102504,0.0982123,0.0981627,0.103568,0.0976932,0.0927493,0.105314,0.0961262
0.104146,0.100329,0.101818,0.0984272,0.0985667,0.103403,0.0982836,0.0938858,0.104615,0.0965254
0.105375,0.103256,0.102679,0.0984988,0.0980101,0.104603,0.0969964,0.0899201,0.105893,0.0947673
0.104367,0.101048,0.101483,0.0989614,0.0985853,0.10362,0.0983947,0.09318,0.104343,0.0960175
0.104493,0.0996033,0.10198,0.0979473,0.0985146,0.103262,0.0981601,0.0941056,0.105089,0.0968458
0.104704,0.100146,0.102711,0.0977232,0.0979417,0.103264,0.0976963,0.0935362,0.105747,0.0965311
0.104933,0.100591,0.10263,0.0980801,0.0980715,0.103488,0.0976579,0.0929468,0.105426,0.096176
0.103963,0.0979612,0.101531,0.09807,0.0985791,0.10224,0.0989477,0.0969827,0.104052,0.0976729
0.105355,0.100173,0.103369,0.0977037,0.0979967,0.10324,0.0971909,0.0931839,0.105458,0.0963303
0.10386,0.100702,0.101766,0.098669,0.0984371,0.103278,0.0983805,0.0938485,0.10452,0.0965383
0.104646,0.0989804,0.10241,0.0977465,0.0983211,0.102735,0.0980576,0.0951787,0.104857,0.0970673
0.103749,0.100746,0.101734,0.0985568,0.0983371,0.103332,0.0984116,0.0938989,0.104741,0.0964949
0.104865,0.101091,0.102314,0.0980851,0.0982565,0.103743,0.0976393,0.0923616,0.105569,0.0960749
0.104595,0.100901,0.102276,0.0979264,0.09811,0.103511,0.0977462,0.0927798,0.105795,0.0963602
0.104938,0.101795,0.102752,0.0971062,0.0978398,0.103351,0.0969323,0.0917662,0.10701,0.0965094
0.105693,0.101073,0.102867,0.0973607,0.0980556,0.103775,0.0969655,0.0914514,0.106629,0.0961284
0.105556,0.101039,0.102663,0.0980238,0.0982504,0.103974,0.0973125,0.0916647,0.105723,0.0957943
0.104514,0.100346,0.102305,0.0973609,0.098362,0.103042,0.0975871,0.0935596,0.105846,0.0970783
0.106517,0.103718,0.103471,0.0973371,0.0973716,0.104578,0.0959539,0.088262,0.108017,0.0947755
0.105477,0.10088,0.103219,0.095982,0.0977112,0.102948,0.0964406,0.0919591,0.108137,0.0972469
0.106475,0.102238,0.103297,0.0973383,0.0977,0.104412,0.0963739,0.0895052,0.107436,0.0952247
0.105568,0.100024,0.103076,0.0970717,0.098056,0.103282,0.0970678,0.0927113,0.106439,0.0967032
0.106207,0.101084,0.103133,0.0976124,0.09811,0.104281,0.0968328,0.0908715,0.106367,0.0955015
0.104246,0.100187,0.101319,0.0979977,0.0984995,0.103043,0.0983936,0.09425,0.105183,0.0968809
0.104684,0.102912,0.102465,0.0978141,0.0979822,0.103833,0.0970748,0.091171,0.106318,0.0957458
0.107153,0.103388,0.103712,0.0986554,0.0976483,0.105749,0.0962771,0.0877892,0.106346,0.0932827
0.106559,0.102192,0.103257,0.0976642,0.0978127,0.104887,0.0965149,0.0893363,0.107048,0.0947295
0.106089,0.102355,0.102848,0.0986083,0.0980456,0.105167,0.0970773,0.0896493,0.105857,0.0943032
0.106389,0.103009,0.102616,0.0981969,0.0977902,0.104838,0.0968321,0.0891152,0.106753,0.094461
0.105702,0.101458,0.102615,0.0985727,0.0981708,0.104985,0.097492,0.090779,0.105557,0.0946691
0.104641,0.100025,0.101896,0.0985801,0.0984728,0.104092,0.0984756,0.0933343,0.104649,0.0958333
0.104837,0.102056,0.101373,0.0994235,0.0984507,0.105073,0.0983948,0.0915803,0.104506,0.0943053
0.104306,0.100714,0.10181,0.0988352,0.0982424,0.104612,0.0985104,0.0929304,0.104878,0.0951625
0.105249,0.0999838,0.101231,0.0985709,0.0987563,0.104434,0.0985263,0.0931222,0.104739,0.0953876
0.103267,0.0982662,0.101273,0.098933,0.0984606,0.103482,0.0998198,0.0962746,0.103599,0.0966242
0.104273,0.0997164,0.101671,0.0985203,0.0985442,0.103823,0.0986664,0.0940914,0.104523,0.0961708
0.104227,0.100236,0.10163,0.0989386,0.0984183,0.10429,0.0988172,0.0935274,0.104372,0.0955431
0.103903,0.0976636,0.10129,0.0987598,0.0987906,0.1025,0.0996015,0.0969241,0.10308,0.0974864
0.102613,0.0999548,0.100646,0.0999914,0.0988472,0.103439,0.0999896,0.0958095,0.102416,0.0962935
0.102541,0.099479,0.100914,0.0992711,0.0986962,0.103377,0.099755,0.0962014,0.103165,0.0966007
0.102466,0.0985271,0.101119,0.0992034,0.0984802,0.102882,0.100071,0.0968873,0.10312,0.097245
0.102694,0.099567,0.100949,0.0995764,0.0986007,0.103678,0.0999223,0.0957843,0.103014,0.0962139
0.102359,0.0978504,0.102275,0.098613,0.0980296,0.101739,0.0995872,0.0980833,0.103207,0.0982577
0.105,0.102667,0.101916,0.0995603,0.0984275,0.105516,0.0980138,0.0906543,0.104418,0.0938269
0.103129,0.0977443,0.102307,0.0987306,0.0982387,0.102178,0.0994857,0.0975294,0.102966,0.0976922
0.103211,0.0994811,0.101224,0.0990152,0.0984156,0.103772,0.0994567,0.0954403,0.103874,0.0961105
0.10308,0.0988055,0.10103,0.0993942,0.0985347,0.103622,0.100026,0.0959315,0.103195,0.0963812
0.104188,0.0980594,0.101692,0.098535,0.0984964,0.103441,0.0993295,0.0955689,0.103986,0.0967038
0.102917,0.098873,0.101078,0.0992518,0.0984614,0.103529,0.0999475,0.0960464,0.103396,0.0965004
0.104148,0.0994396,0.101733,0.0983246,0.098406,0.103699,0.0986952,0.0943847,0.104799,0.096371
0.104514,0.100678,0.101883,0.0995073,0.0982878,0.104682,0.0988366,0.092706,0.103996,0.0949087
0.104165,0.0981679,0.101181,0.0990089,0.0988286,0.103441,0.0996239,0.0958987,0.103178,0.0965074
0.105515,0.0990415,0.102136,0.0979677,0.0984193,0.103817,0.0981793,0.0938427,0.105072,0.0960099
0.103989,0.097598,0.102405,0.0985113,0.0983991,0.10229,0.0991304,0.0971661,0.103067,0.0974447
0.104539,0.10029,0.101469,0.0997662,0.0984881,0.104672,0.0992586,0.0930708,0.10351,0.0949373
0.103258,0.0982458,0.10179,0.0992258,0.0983405,0.102929,0.0997784,0.0966228,0.102906,0.0969031
0.103639,0.0971184,0.102491,0.0992808,0.0994618,0.0997068,0.0991735,0.0977899,0.102497,0.098841
0.10269,0.096838,0.102814,0.0991103,0.0986169,0.100619,0.0996778,0.0985678,0.102306,0.0987596
0.103497,0.0978293,0.102499,0.0995758,0.0982068,0.102722,0.0997051,0.0969715,0.102175,0.0968189
0.103488,0.0977214,0.101254,0.100617,0.0994202,0.102442,0.100326,0.0962963,0.10184,0.096595
0.103653,0.0976732,0.101469,0.0983794,0.0988328,0.10201,0.0993768,0.0974331,0.103128,0.0980453
0.103506,0.097341,0.102565,0.0986585,0.0984824,0.101501,0.0992152,0.0981481,0.102367,0.0982158
0.103646,0.101131,0.101177,0.100124,0.098594,0.104586,0.0994142,0.0933792,0.103025,0.0949231
0.102687,0.0992594,0.101436,0.0995491,0.098408,0.10261,0.0997786,0.0965414,0.102668,0.0970634
0.103001,0.0981935,0.101848,0.0991317,0.0983093,0.102647,0.0997833,0.0969628,0.102889,0.0972346
0.103476,0.0987015,0.101699,0.0997645,0.0983743,0.103595,0.0998273,0.0959099,0.102628,0.0960243
0.105493,0.101555,0.102067,0.099328,0.0982634,0.105309,0.0982205,0.0909031,0.104678,0.0941814
0.102992,0.0968516,0.102704,0.0998805,0.0988898,0.100833,0.0999647,0.0978768,0.101881,0.0981271
0.104021,0.0978997,0.102905,0.0998801,0.0979336,0.10364,0.099758,0.096006,0.10222,0.0957359
0.103394,0.0995015,0.101382,0.101247,0.0982959,0.105222,0.100607,0.094384,0.101756,0.0942113
0.103917,0.0968406,0.103739,0.0989348,0.0978612,0.101958,0.099238,0.0978281,0.102205,0.0974782
0.103477,0.0984772,0.102149,0.0995867,0.0982461,0.103022,0.0997681,0.0962909,0.102428,0.0965545
0.105339,0.0994373,0.103086,0.101194,0.097852,0.105863,0.0996101,0.0925886,0.101934,0.0930949
0.103855,0.0998399,0.101783,0.100488,0.0983704,0.104412,0.0997991,0.0945244,0.102107,0.0948205
0.102598,0.0976565,0.101822,0.102848,0.100371,0.101028,0.101183,0.0961482,0.099879,0.0964665
0.103497,0.0989808,0.101854,0.0998731,0.0984569,0.103426,0.0997026,0.0959117,0.102251,0.0960466
0.104202,0.099856,0.101855,0.100083,0.0984866,0.104149,0.099455,0.0941333,0.102522,0.0952574
0.103379,0.0997136,0.101344,0.100444,0.0988944,0.103574,0.100087,0.0954358,0.101486,0.0956409
0.104033,0.0987239,0.101809,0.099952,0.0986943,0.102987,0.0996523,0.0960223,0.101772,0.0963539
0.10414,0.0998933,0.102083,0.101328,0.0982351,0.105459,0.0999862,0.0935272,0.101671,0.0936766
0.10532,0.102456,0.102924,0.10044,0.0979299,0.105903,0.0981075,0.0903548,0.103594,0.09297
0.106724,0.101201,0.103863,0.099578,0.098182,0.105428,0.0973136,0.0905876,0.103652,0.0934697
0.107365,0.101813,0.102731,0.0987106,0.0986624,0.104625,0.0968449,0.0904809,0.104545,0.0942218
0.106876,0.10216,0.103235,0.0990874,0.0984295,0.105147,0.0968497,0.0900801,0.104394,0.0937429
0.104548,0.0988155,0.102363,0.100332,0.0989812,0.103397,0.0996049,0.0956261,0.100873,0.0954599
0.10504,0.0981751,0.102147,0.0997097,0.099253,0.103347,0.099171,0.0960416,0.101255,0.095861
0.105932,0.101473,0.103237,0.0995784,0.0984779,0.10494,0.0975052,0.0914214,0.103395,0.0940405
0.105449,0.101108,0.1025,0.0996661,0.0987478,0.104704,0.0980761,0.0923641,0.103033,0.0943513
0.106428,0.100764,0.104763,0.100373,0.0980732,0.105495,0.0974314,0.0914561,0.102212,0.0930048
0.105916,0.0993075,0.101455,0.0985728,0.100573,0.102476,0.098593,0.0956783,0.101511,0.0959177
0.104001,0.100841,0.10113,0.100113,0.0997436,0.103831,0.0992568,0.0948417,0.101366,0.0948762
0.104814,0.0999618,0.100914,0.0993089,0.0990144,0.103715,0.0989126,0.0940814,0.103446,0.0958327
0.103699,0.0997514,0.0999918,0.0993595,0.0995005,0.103035,0.0996498,0.0955746,0.103016,0.0964227
0.10581,0.0999672,0.101827,0.0991006,0.0996193,0.103449,0.0982336,0.0942355,0.10233,0.0954274
0.106551,0.100072,0.102761,0.0988786,0.0985266,0.103761,0.0975531,0.0926048,0.103993,0.0952991
0.104467,0.0992785,0.100992,0.0981849,0.100045,0.101315,0.09842,0.0968205,0.102681,0.097797
0.106921,0.0991315,0.103641,0.0979754,0.0988564,0.102857,0.0968402,0.0938519,0.103657,0.0962692
0.105486,0.0998894,0.1016,0.0992754,0.0998209,0.103417,0.0985104,0.0946749,0.101922,0.0954045
0.104951,0.0991478,0.102484,0.0995057,0.0997224,0.102071,0.0988646,0.0964254,0.100557,0.0962701
0.10423,0.0985551,0.101313,0.0982451,0.099417,0.101456,0.0981483,0.0972248,0.103438,0.0979727
0.105487,0.10056,0.103127,0.0991585,0.0990704,0.102621,0.0980366,0.0938314,0.102218,0.0958899
0.106444,0.100025,0.10285,0.0998801,0.0988033,0.104947,0.0979351,0.0924969,0.102654,0.0939645
0.106729,0.100615,0.104736,0.0997678,0.0984247,0.104655,0.0969658,0.0920257,0.10225,0.09383
0.106857,0.100394,0.105262,0.100023,0.0982699,0.104614,0.0969283,0.092109,0.101849,0.0936933
0.106005,0.101149,0.103257,0.0985443,0.0987544,0.103472,0.0969025,0.0923385,0.103886,0.0956909
0.107619,0.100863,0.104911,0.0978367,0.0982894,0.103475,0.0957121,0.091237,0.104682,0.0953743
0.108325,0.101281,0.10567,0.0985224,0.0979817,0.104398,0.0955199,0.0900547,0.104258,0.0939881
0.109624,0.0999587,0.107102,0.0974785,0.0978075,0.103786,0.0946634,0.0902734,0.104717,0.0945902
0.105184,0.0983911,0.102455,0.0998541,0.0991679,0.102989,0.0988937,0.096113,0.100978,0.0959739
0.106436,0.100594,0.105122,0.100237,0.0982234,0.104823,0.0971434,0.0921556,0.101749,0.0935172
0.108446,0.0996974,0.105597,0.0987635,0.0985028,0.104209,0.0959618,0.0917883,0.102862,0.0941717
0.105546,0.0991505,0.102797,0.0998078,0.099013,0.104422,0.0983218,0.0943598,0.101933,0.0946497
0.109175,0.100197,0.105379,0.0989577,0.0979353,0.104927,0.095951,0.0901554,0.104028,0.0932946
0.106311,0.0995097,0.105197,0.100479,0.0981984,0.104286,0.0976492,0.093275,0.10105,0.094045
0.10641,0.0982686,0.102212,0.0989668,0.0996917,0.102515,0.0980266,0.096078,0.101481,0.0963497
0.105427,0.0979474,0.102444,0.0999649,0.0994726,0.102912,0.0987826,0.0965671,0.100496,0.0959864
0.105151,0.100042,0.102425,0.100113,0.0991018,0.103845,0.0983337,0.0941987,0.101697,0.0950925
0.105475,0.0999228,0.102787,0.0993137,0.0988657,0.103204,0.097835,0.0940312,0.102687,0.0958785
0.104875,0.0998742,0.102746,0.100223,0.0979153,0.104136,0.0987031,0.093435,0.103207,0.0948853
0.103854,0.0989094,0.102421,0.101456,0.0984238,0.105007,0.0997603,0.0950675,0.101064,0.0940378
0.106096,0.0989636,0.103682,0.0987509,0.0978787,0.102723,0.0965658,0.0937165,0.105224,0.0963999
0.107587,0.0996761,0.104912,0.0990971,0.0983836,0.103882,0.0965022,0.0923722,0.102963,0.0946245
0.105721,0.0994911,0.102442,0.100848,0.0988851,0.104905,0.0987793,0.0936879,0.101398,0.0938421
0.106582,0.0993591,0.103784,0.0995942,0.0985709,0.103974,0.0975221,0.0933177,0.102516,0.0947799
0.10566,0.09911,0.102872,0.100661,0.0984152,0.1046,0.0987074,0.0936393,0.102072,0.0942636
0.10538,0.0999023,0.10292,0.101992,0.0984193,0.105809,0.0991063,0.0929432,0.100843,0.0926852
0.105656,0.0994884,0.103083,0.0988984,0.0979642,0.102857,0.0971119,0.0935502,0.105032,0.096358
0.10755,0.100934,0.10543,0.0997889,0.0984038,0.104748,0.0962328,0.0913141,0.102206,0.0933929
0.108193,0.0993852,0.104974,0.100019,0.098174,0.105187,0.096941,0.0915707,0.10249,0.093066
0.108467,0.100164,0.105398,0.098133,0.0980743,0.103437,0.0954904,0.0913104,0.1045,0.0950257
0.109548,0.100256,0.106601,0.0991879,0.098264,0.105197,0.095284,0.090182,0.10275,0.0927305
0.108548,0.101314,0.106167,0.0997876,0.0980722,0.105647,0.0957114,0.0898054,0.102676,0.0922712
0.10727,0.101367,0.104422,0.0998295,0.0983594,0.104888,0.0966897,0.0909396,0.102816,0.093419
0.107945,0.100394,0.104726,0.098363,0.0983832,0.104025,0.0960623,0.0912544,0.104138,0.0947089
0.106161,0.099473,0.102575,0.0998966,0.0982483,0.104599,0.098305,0.092614,0.103627,0.0945009
0.106184,0.100008,0.102456,0.0998251,0.098349,0.10482,0.0982849,0.0921657,0.103624,0.0942825
0.104416,0.098908,0.10139,0.0999983,0.0976564,0.103972,0.0988367,0.0938154,0.105352,0.0956552
0.10653,0.0993951,0.102807,0.0999581,0.0977998,0.10478,0.0981496,0.0920695,0.104315,0.0941952
0.106521,0.100786,0.10258,0.100745,0.0983005,0.105348,0.0982994,0.0913244,0.102836,0.0932586
0.104506,0.0992735,0.101663,0.0995884,0.0975196,0.103875,0.0984399,0.0934203,0.105935,0.0957793
0.108222,0.100116,0.104739,0.0979501,0.0976092,0.103461,0.0955905,0.090922,0.106126,0.0952644
0.108808,0.0994614,0.105179,0.0992517,0.0977902,0.105022,0.0963774,0.0907488,0.104028,0.093334
0.11012,0.0998528,0.106947,0.0990313,0.0980511,0.105274,0.0951237,0.0899716,0.10306,0.0925685
0.109101,0.100053,0.106059,0.0995921,0.098226,0.105395,0.0958695,0.0904777,0.102599,0.0926283
0.109438,0.100785,0.1066,0.0993167,0.09822,0.105127,0.0952085,0.089947,0.102691,0.0926679
0.10917,0.100012,0.10589,0.0990341,0.0981375,0.105065,0.0957489,0.0904614,0.103369,0.0931116
0.107737,0.0990493,0.105143,0.0982474,0.0982594,0.103612,0.0957931,0.0925251,0.104376,0.0952573
0.107229,0.0987051,0.105065,0.0999519,0.0987641,0.104575,0.0972933,0.0937296,0.100915,0.0937712
0.105477,0.0977747,0.102261,0.102263,0.0977082,0.106988,0.100458,0.0931149,0.101923,0.0920319
0.106429,0.0978679,0.101586,0.102717,0.097703,0.107028,0.100501,0.0924722,0.102077,0.0916182
0.102129,0.099373,0.101122,0.104109,0.0972634,0.106971,0.102112,0.0939099,0.100926,0.0920843
0.102644,0.0995831,0.10116,0.104118,0.0966319,0.107174,0.102124,0.0929486,0.101917,0.0916997
0.102994,0.100349,0.100746,0.105339,0.0970232,0.108157,0.102371,0.0918997,0.100691,0.0904308
0.103284,0.0996986,0.10076,0.102997,0.0972095,0.106054,0.101484,0.0932606,0.102361,0.092891
0.107167,0.0996491,0.102342,0.101789,0.0983803,0.105851,0.0990044,0.0920254,0.101502,0.0922893
0.104411,0.0992954,0.102494,0.1037,0.0978399,0.107447,0.100621,0.0929403,0.100155,0.0910955
0.105152,0.0986335,0.100852,0.102246,0.098313,0.105463,0.100443,0.0937367,0.101763,0.0933961
0.103207,0.0992366,0.101521,0.104596,0.0973924,0.108076,0.101904,0.0929824,0.100349,0.0907355
0.103345,0.0997357,0.100751,0.103391,0.0970368,0.106391,0.101499,0.0929124,0.102469,0.0924691
0.10385,0.0983717,0.100398,0.102176,0.0978363,0.105005,0.100428,0.0944435,0.103218,0.0942728
0.103682,0.0981721,0.100673,0.102329,0.0971394,0.105316,0.1002,0.0941487,0.104392,0.0939472
0.103637,0.0983883,0.100631,0.103374,0.0969846,0.105961,0.100833,0.0936103,0.103516,0.0930641
0.10265,0.0984699,0.101012,0.103187,0.0962158,0.105546,0.100181,0.0940414,0.105149,0.0935482
0.102759,0.0974247,0.101034,0.102581,0.0963154,0.104858,0.0999284,0.0949921,0.105623,0.0944844
0.103554,0.0991931,0.10029,0.104467,0.0974101,0.106383,0.101438,0.0931451,0.101775,0.0923439
0.102008,0.0988246,0.101026,0.104807,0.0965704,0.106401,0.101986,0.0940786,0.101849,0.0924485
0.102532,0.0989283,0.100742,0.102933,0.0971592,0.104955,0.100847,0.0946975,0.103045,0.094161
0.103505,0.0991099,0.1005,0.103395,0.0975475,0.105977,0.10137,0.0936069,0.102002,0.0929849
0.101277,0.0990609,0.100998,0.103322,0.0964095,0.104486,0.100175,0.0952797,0.104385,0.0946076
0.101269,0.0983554,0.10122,0.103564,0.0958597,0.104695,0.100238,0.0952898,0.105093,0.0944155
0.10041,0.100265,0.100962,0.105555,0.0958813,0.105507,0.100914,0.0942736,0.103209,0.0930233
0.0988562,0.0993591,0.10147,0.104889,0.0951046,0.103979,0.100157,0.0962831,0.10503,0.0948728
0.097904,0.0990427,0.102095,0.104841,0.0937539,0.103903,0.0994756,0.0964337,0.107562,0.0949898
0.0999547,0.0987629,0.101384,0.104539,0.0952654,0.104469,0.100163,0.0957029,0.105297,0.0944611
0.100128,0.0990609,0.10143,0.103793,0.0953737,0.104365,0.0998453,0.0955616,0.105773,0.0946697
0.099925,0.098913,0.101364,0.10409,0.0954543,0.104184,0.1,0.0959087,0.105331,0.0948294
0.10028,0.0994485,0.101112,0.104616,0.0958934,0.104666,0.100573,0.0953232,0.103925,0.0941623
0.097553,0.0989842,0.101929,0.105035,0.0941176,0.103373,0.0996745,0.0971884,0.106607,0.0955393
0.0997826,0.100215,0.101168,0.105962,0.0953738,0.10545,0.100897,0.0944789,0.103646,0.0930261
0.0989023,0.0992424,0.101628,0.104632,0.0948459,0.104066,0.100021,0.0961527,0.105674,0.0948349
0.0993438,0.0996749,0.101526,0.104055,0.0952566,0.104139,0.10002,0.0958166,0.105358,0.0948093
0.100992,0.100023,0.101057,0.104907,0.0959844,0.105687,0.101167,0.0940444,0.103176,0.0929609
0.10235,0.100003,0.100797,0.103632,0.0968509,0.105772,0.101082,0.0936106,0.102833,0.0930699
0.102366,0.0993944,0.100775,0.104389,0.0966503,0.10599,0.101403,0.0936854,0.102575,0.0927732
0.102669,0.0994278,0.100716,0.104515,0.0966115,0.106317,0.101272,0.0932546,0.102813,0.092405
0.101903,0.0992035,0.100961,0.104296,0.0962386,0.105709,0.100988,0.094032,0.103551,0.0931167
0.102587,0.0988797,0.100626,0.105581,0.0964625,0.106554,0.101715,0.0933549,0.10221,0.0920291
0.100427,0.0993743,0.101073,0.10508,0.0959248,0.10499,0.101086,0.0951064,0.1032,0.0937392
0.101505,0.0986514,0.10102,0.105644,0.0962493,0.10638,0.101927,0.0942929,0.101976,0.0923532
0.102837,0.0993956,0.100512,0.104821,0.0970664,0.106335,0.101807,0.0933767,0.101521,0.0923283
0.0988745,0.0998825,0.101507,0.106331,0.0949409,0.105101,0.101676,0.0952932,0.103032,0.0933606
0.10053,0.098577,0.101094,0.105742,0.0955583,0.10524,0.10111,0.095116,0.10359,0.0934434
0.099437,0.10115,0.1016,0.107121,0.0948707,0.106785,0.103288,0.0933303,0.101108,0.0913103
0.101491,0.100267,0.100533,0.106382,0.096588,0.106404,0.102036,0.0934084,0.10098,0.0919109
0.101055,0.100643,0.101171,0.105821,0.096033,0.106802,0.102892,0.0931686,0.100829,0.091586
0.101933,0.100552,0.100596,0.106591,0.096557,0.107173,0.102831,0.0925778,0.100159,0.0910324
0.100045,0.10176,0.101143,0.107175,0.0956862,0.106983,0.103376,0.092865,0.0999483,0.0910186
0.098836,0.103824,0.101062,0.109993,0.0950459,0.108413,0.10428,0.0913238,0.0983485,0.0888731
0.100581,0.100175,0.101098,0.105609,0.0959113,0.105815,0.101916,0.0941307,0.102079,0.0926843
0.0994877,0.102708,0.101028,0.108128,0.0959052,0.107574,0.103562,0.0925067,0.0988583,0.0902422
0.101698,0.10059,0.100672,0.10554,0.0969259,0.10643,0.102598,0.0933669,0.100181,0.0919984
0.100349,0.10164,0.101062,0.107313,0.0957454,0.107208,0.103421,0.0926244,0.0998649,0.0907719
0.100417,0.101229,0.101257,0.107061,0.0958802,0.107722,0.103352,0.0927208,0.099878,0.0904833
0.0988234,0.102959,0.101393,0.109041,0.0948385,0.107951,0.104121,0.0920326,0.0992254,0.089615
0.100297,0.101487,0.101297,0.10595,0.0957371,0.10656,0.102879,0.0931697,0.100923,0.0917001
0.100525,0.10209,0.100807,0.110261,0.0957445,0.109842,0.104472,0.0908162,0.0976903,0.0877527
0.101696,0.100703,0.100473,0.106471,0.0968908,0.106716,0.102792,0.0930498,0.099704,0.0915041
0.100537,0.101898,0.100776,0.107891,0.0960935,0.107496,0.103533,0.0923288,0.0990897,0.0903557
0.097503,0.103139,0.101852,0.109776,0.0942363,0.108136,0.104597,0.092476,0.0989089,0.0893756
0.099846,0.103651,0.10065,0.111067,0.0952385,0.109445,0.104618,0.0902005,0.0976324,0.08765
0.0987295,0.104161,0.100894,0.110908,0.0950181,0.108744,0.104594,0.0909476,0.097677,0.088327
0.10008,0.102346,0.100721,0.109324,0.0957566,0.108031,0.104127,0.0918475,0.0982678,0.0894995
0.100287,0.103157,0.100599,0.110705,0.0954109,0.109367,0.104516,0.0903192,0.0977997,0.0878387
0.100872,0.101792,0.100595,0.107636,0.0964273,0.107295,0.103371,0.0924229,0.0989926,0.090597
0.0992338,0.10294,0.1009,0.11215,0.0950817,0.110208,0.10528,0.0905695,0.0966749,0.0869614
0.102864,0.10031,0.100438,0.106535,0.0966162,0.107766,0.10248,0.091797,0.100737,0.0904568
0.103985,0.0996824,0.100175,0.10744,0.096767,0.108812,0.103236,0.0908995,0.099728,0.0892758
0.103705,0.0993449,0.100189,0.108582,0.096506,0.109148,0.104029,0.0909123,0.0988128,0.0887705
0.100884,0.100174,0.10092,0.107431,0.0955919,0.107046,0.102545,0.0930084,0.101312,0.0910882
0.101829,0.099479,0.100679,0.106431,0.0960037,0.106729,0.101464,0.0931291,0.102596,0.0916604
0.103206,0.100777,0.100339,0.107477,0.0965593,0.108783,0.10326,0.0907353,0.0996636,0.0891999
0.10307,0.0989949,0.100451,0.108095,0.0959303,0.108493,0.102835,0.0915665,0.100972,0.0895917
0.102307,0.0997372,0.100733,0.107009,0.0959183,0.107743,0.102556,0.0921294,0.101394,0.090474
0.102398,0.0986801,0.100614,0.106825,0.0961698,0.107139,0.10221,0.0930852,0.101628,0.0912521
0.101096,0.0991717,0.101103,0.105909,0.0953111,0.106218,0.100924,0.0937356,0.104204,0.0923279
0.102414,0.0989212,0.100585,0.107119,0.0958277,0.107404,0.101646,0.0925629,0.102622,0.0908992
0.10359,0.0976635,0.101798,0.106042,0.0980017,0.107152,0.102819,0.0935661,0.0983485,0.0910191
0.0994252,0.0997381,0.101522,0.107848,0.0940491,0.10669,0.101454,0.0935641,0.104248,0.0914622
0.0996009,0.100825,0.101056,0.107766,0.0950054,0.106525,0.101469,0.093405,0.102815,0.0915327
0.100707,0.100527,0.100916,0.107412,0.0953527,0.107061,0.101722,0.0927568,0.102489,0.0910573
0.0992975,0.0992897,0.10155,0.107545,0.0941283,0.106207,0.101394,0.0942152,0.104314,0.0920602
0.0997404,0.0990761,0.101459,0.106865,0.0943053,0.106026,0.10073,0.0942197,0.105192,0.0923876
0.100313,0.100039,0.101268,0.108858,0.0943986,0.107932,0.102773,0.0923235,0.102128,0.0899681
0.0977581,0.099145,0.101899,0.107288,0.0934417,0.105024,0.100452,0.0955922,0.106035,0.0933654
0.0997733,0.0998681,0.10139,0.10792,0.0944529,0.106889,0.102103,0.0933905,0.102991,0.0912211
0.100126,0.100557,0.101222,0.108654,0.0946996,0.107724,0.103007,0.0924524,0.101403,0.0901547
0.100374,0.0997664,0.101402,0.107279,0.0946035,0.107056,0.102048,0.0930814,0.103226,0.0911647
0.0999195,0.100562,0.101053,0.109191,0.0948556,0.107596,0.103097,0.0926819,0.100852,0.0901908
0.100515,0.100137,0.100957,0.106996,0.0954653,0.106479,0.101637,0.0934894,0.102554,0.0917702
0.100066,0.10009,0.101142,0.107508,0.0949135,0.106647,0.101588,0.0934169,0.103108,0.0915214
0.102113,0.100309,0.100724,0.107891,0.0958827,0.108327,0.10354,0.0916097,0.0999487,0.0896558
0.100833,0.10079,0.100964,0.108642,0.0952868,0.108104,0.103578,0.0919679,0.100111,0.0897233
0.102256,0.101412,0.100535,0.107821,0.0962168,0.108621,0.103406,0.0909197,0.0995593,0.0892529
0.101302,0.102681,0.100709,0.108647,0.0956972,0.109032,0.103621,0.0903586,0.0993705,0.0885816
0.10337,0.101186,0.100351,0.106822,0.0966738,0.108722,0.102846,0.0905289,0.100167,0.0893337
0.102365,0.10022,0.100888,0.105851,0.0960649,0.107473,0.102343,0.0921284,0.10177,0.0908961
0.104366,0.10037,0.100186,0.105544,0.0972635,0.108254,0.102306,0.090907,0.100712,0.0900917
0.104569,0.0992053,0.100293,0.105536,0.0971097,0.108095,0.102586,0.0914383,0.100799,0.0903684
0.103143,0.100788,0.100589,0.106622,0.0963145,0.108562,0.102806,0.0908258,0.100768,0.0895799
0.10313,0.100195,0.100475,0.105949,0.0966783,0.10766,0.102212,0.0918043,0.101221,0.0906765
0.101636,0.100206,0.100894,0.107644,0.095427,0.107958,0.102594,0.0919233,0.101604,0.0901133
0.101884,0.101077,0.100846,0.108192,0.0953638,0.108881,0.103066,0.0907667,0.100934,0.0889894
0.0999218,0.100328,0.101262,0.107528,0.0947103,0.106803,0.101657,0.0932091,0.103246,0.0913332
0.102918,0.100383,0.1007,0.107435,0.09581,0.108893,0.103003,0.0907286,0.100969,0.0891588
0.100975,0.0996645,0.100975,0.107283,0.0951438,0.106999,0.10144,0.0929728,0.103313,0.0912339
0.0992716,0.0989038,0.101755,0.10668,0.0939377,0.105801,0.100916,0.094607,0.105457,0.0926705
0.102806,0.101175,0.100686,0.107524,0.0957078,0.109194,0.102716,0.0901513,0.101272,0.0887691
0.102353,0.0994944,0.101091,0.107058,0.0951987,0.108303,0.102687,0.0916141,0.102274,0.0899265
0.102291,0.0994486,0.100945,0.107702,0.0951282,0.108447,0.102475,0.0914973,0.102384,0.0896823
0.101768,0.0991342,0.10106,0.107953,0.0952844,0.108337,0.10297,0.0922097,0.101424,0.0898604
0.101979,0.0997714,0.100984,0.108809,0.0948004,0.109062,0.103121,0.0909987,0.101632,0.0888434
0.0997618,0.0995703,0.101438,0.107588,0.094449,0.106612,0.101927,0.0937236,0.103335,0.0915955
0.10117,0.0992861,0.101207,0.107777,0.0948723,0.107652,0.102768,0.0926335,0.102133,0.0905008
0.101217,0.100411,0.101104,0.108305,0.0949341,0.108376,0.103108,0.0916167,0.101371,0.0895563
0.10109,0.0981203,0.101264,0.10654,0.0949145,0.106397,0.101562,0.0940325,0.103946,0.0921344
0.101382,0.0987547,0.101265,0.10857,0.0949752,0.108261,0.104412,0.0925666,0.10002,0.089792
0.100255,0.100016,0.101349,0.109015,0.0941231,0.108118,0.102638,0.0921228,0.102603,0.0897601
0.101431,0.0992222,0.101011,0.107973,0.0948237,0.107786,0.10189,0.0923197,0.103195,0.0903493
0.0992587,0.0990728,0.101706,0.10725,0.0937269,0.106186,0.100776,0.0941504,0.105717,0.0921567
0.0972558,0.0995877,0.102295,0.109106,0.0923761,0.106434,0.101696,0.0943449,0.10538,0.0915245
0.0983155,0.100478,0.101669,0.108749,0.0936829,0.106658,0.101885,0.0937043,0.10359,0.0912676
0.0998114,0.100236,0.101171,0.107341,0.0949087,0.106392,0.101399,0.0936425,0.103297,0.0918029
0.099688,0.0991987,0.101537,0.108585,0.0937249,0.107246,0.101724,0.0931854,0.104294,0.090817
0.0977041,0.100701,0.102027,0.107836,0.0931399,0.106153,0.100915,0.0940071,0.105588,0.0919291
0.0981355,0.0994819,0.101618,0.107904,0.0938952,0.105462,0.101063,0.0951295,0.104548,0.0927633
0.0989254,0.0993175,0.10196,0.107859,0.0933592,0.106678,0.101768,0.0938287,0.104792,0.0915122
0.0985698,0.100606,0.101254,0.108909,0.094572,0.106374,0.102382,0.0940598,0.101766,0.0915077
0.0992095,0.10042,0.101523,0.108025,0.0944452,0.106772,0.102705,0.0935624,0.102077,0.0912603
0.0984051,0.0994407,0.101662,0.107369,0.094222,0.10538,0.101657,0.0952686,0.103657,0.0929384
0.0989079,0.0995845,0.101338,0.107993,0.0946443,0.105834,0.10205,0.0947762,0.102538,0.0923336
0.098825,0.0996738,0.101562,0.107039,0.0948094,0.105458,0.102517,0.0951875,0.102057,0.0928714
0.098112,0.0996474,0.101723,0.107245,0.0943839,0.105134,0.102173,0.095619,0.102774,0.0931892
0.0975885,0.0993883,0.101816,0.107128,0.0941034,0.104609,0.101543,0.0962359,0.103788,0.0938005
0.0980265,0.0992418,0.101851,0.106306,0.0940436,0.104577,0.100733,0.0960057,0.105219,0.0939978
0.0997767,0.100207,0.10133,0.106789,0.095072,0.106169,0.102032,0.093977,0.102526,0.0921214
0.0999426,0.0990892,0.101234,0.106483,0.0952232,0.105538,0.101627,0.0948859,0.103027,0.0929504
0.0998842,0.0995085,0.101279,0.107041,0.0950294,0.106073,0.102011,0.0942941,0.102631,0.0922488
0.0990308,0.099275,0.101332,0.106253,0.0952537,0.10469,0.101573,0.0958942,0.102828,0.0938706
0.0992724,0.099318,0.101274,0.107441,0.0948865,0.10564,0.101831,0.0949284,0.10275,0.0926579
0.0986321,0.0998551,0.101584,0.106963,0.0947139,0.105346,0.102176,0.0952155,0.102524,0.0929908
0.0981313,0.0991031,0.101781,0.107372,0.0940086,0.10515,0.101628,0.0956627,0.10395,0.0932139
0.0978502,0.100286,0.101631,0.107078,0.094587,0.104897,0.10188,0.0956644,0.10272,0.0934073
0.0983839,0.0998901,0.101664,0.106678,0.094439,0.105108,0.101373,0.0953256,0.103838,0.0933006
0.0983154,0.100085,0.101788,0.107185,0.0941464,0.105617,0.101855,0.0948416,0.103513,0.0926528
0.0982486,0.0996915,0.101751,0.107617,0.0939235,0.105642,0.101556,0.0949198,0.104052,0.0925972
0.0976777,0.101062,0.101757,0.107525,0.0940653,0.105567,0.101582,0.0946785,0.103532,0.0925522
0.0963686,0.099273,0.102133,0.105818,0.0936913,0.103084,0.100098,0.0977799,0.106071,0.0956826
0.0980252,0.09936,0.1019,0.106608,0.0938289,0.104901,0.100772,0.0956358,0.10538,0.0935898
0.0981885,0.0993187,0.101854,0.106199,0.0939563,0.104736,0.100445,0.0957045,0.105758,0.0938398
0.0981914,0.0996187,0.101719,0.105233,0.0945135,0.104042,0.100043,0.0962353,0.105684,0.0947206
0.0986232,0.0995625,0.101806,0.106419,0.0939192,0.10535,0.100516,0.0949074,0.10577,0.0931276
0.0998622,0.0993742,0.10132,0.106614,0.0947692,0.10586,0.100962,0.0943274,0.10434,0.0925711
0.0992529,0.0995097,0.101475,0.107148,0.0947062,0.105804,0.102063,0.0947068,0.102819,0.0925151
0.0981278,0.10166,0.101205,0.107726,0.0946471,0.105693,0.101765,0.0939416,0.10345,0.0917835
0.0967366,0.100586,0.102195,0.107085,0.0930643,0.104918,0.100449,0.0953477,0.10633,0.0932886
0.098041,0.10085,0.101754,0.107279,0.0938397,0.105759,0.100792,0.0942892,0.104974,0.0924225
0.0972803,0.0994021,0.101836,0.10609,0.0938401,0.103853,0.100047,0.0965509,0.10654,0.0945599
0.0983171,0.101166,0.101722,0.106781,0.0941256,0.10578,0.100892,0.0941084,0.104656,0.0924511
0.0994833,0.100052,0.101512,0.106418,0.0944416,0.105957,0.100689,0.0939972,0.105011,0.0924391
0.101267,0.0995456,0.101103,0.106592,0.0953878,0.106925,0.102095,0.0931096,0.10255,0.0914252
0.101609,0.100792,0.100993,0.106687,0.0956316,0.107684,0.102457,0.0919399,0.101714,0.0904921
0.101744,0.0979047,0.101197,0.106429,0.0951135,0.106762,0.101915,0.0936541,0.103496,0.091785
0.0990666,0.100241,0.10171,0.107867,0.0938434,0.106819,0.101783,0.0933887,0.104008,0.0912726
0.09831,0.0993848,0.101836,0.106346,0.093993,0.104936,0.100667,0.0955007,0.105431,0.0935949
0.100701,0.100212,0.101279,0.106764,0.0951912,0.106997,0.10249,0.0930074,0.102104,0.0912543
0.101721,0.100674,0.100995,0.106162,0.0959205,0.10737,0.102646,0.0922874,0.101318,0.0909059
0.101888,0.0995359,0.1011,0.10614,0.0958892,0.107158,0.103236,0.0929346,0.100887,0.0912301
0.0989959,0.101649,0.101731,0.108257,0.0938025,0.107619,0.102274,0.092236,0.103196,0.0902383
0.101375,0.100296,0.101141,0.106626,0.0955269,0.107392,0.102812,0.0924979,0.101486,0.090849
0.100962,0.0985623,0.101489,0.106077,0.0952874,0.106361,0.103235,0.0942367,0.101612,0.0921775
0.102022,0.101023,0.100889,0.107844,0.0956034,0.108787,0.103619,0.0909308,0.100151,0.0891307
0.0983567,0.100856,0.101809,0.108009,0.0940176,0.106513,0.102683,0.0938372,0.102429,0.0914906
0.0998922,0.101456,0.101306,0.108239,0.0950906,0.107647,0.104,0.0924477,0.0997376,0.0901836
0.0979994,0.100628,0.102051,0.107355,0.0940107,0.105954,0.103029,0.0945873,0.102188,0.0921986
0.0990006,0.103431,0.101455,0.109864,0.0940444,0.108977,0.103664,0.090638,0.100537,0.0883891
0.0990714,0.101704,0.101405,0.107627,0.0948033,0.106733,0.102456,0.0931666,0.101795,0.0912376
0.100134,0.101592,0.101109,0.106812,0.0955672,0.106767,0.10237,0.0929202,0.101386,0.0913424
0.0990813,0.102279,0.101536,0.108237,0.0944132,0.107593,0.102935,0.092193,0.101545,0.0901881
0.101348,0.0996791,0.101272,0.106867,0.0956431,0.107661,0.103591,0.0928493,0.100435,0.0906553
0.0994053,0.100674,0.101604,0.106151,0.0946142,0.106048,0.10128,0.093818,0.104086,0.0923209
0.10078,0.100499,0.101414,0.107026,0.094927,0.107576,0.102917,0.0923787,0.101901,0.0905814
0.0997158,0.100666,0.10169,0.107742,0.0944979,0.107626,0.103227,0.0927662,0.101617,0.0904529
0.101412,0.099972,0.101202,0.106247,0.0957239,0.107091,0.103252,0.0929627,0.100895,0.0912426
0.101989,0.0993645,0.101006,0.106049,0.0960934,0.106974,0.1032,0.0931581,0.100717,0.0914499
0.101319,0.100293,0.101269,0.106511,0.0954766,0.107429,0.10324,0.0925339,0.101105,0.090823
0.100357,0.100212,0.101399,0.107695,0.0950895,0.107364,0.104021,0.0930139,0.100159,0.0906901
0.100055,0.101091,0.101321,0.107407,0.0953219,0.107126,0.103686,0.0929751,0.100119,0.0908988
0.0991023,0.10319,0.101446,0.108409,0.0947798,0.107926,0.10378,0.0917285,0.0999358,0.0897028
0.0994678,0.10094,0.101681,0.107724,0.0946638,0.10722,0.104014,0.0930887,0.100435,0.0907674
0.0998375,0.0998089,0.10155,0.107451,0.0950109,0.106714,0.104086,0.0939172,0.100183,0.0914411
0.0989361,0.0996459,0.10198,0.106482,0.0946697,0.105745,0.103854,0.0950522,0.100994,0.0926419
0.0968619,0.102442,0.10185,0.1085,0.0939467,0.106084,0.104037,0.093905,0.1013,0.0910736
0.0979642,0.0998673,0.101961,0.108678,0.0947384,0.105499,0.104844,0.0944837,0.100133,0.0918317
0.0963989,0.102827,0.101931,0.107047,0.0939888,0.105018,0.102368,0.0946492,0.103306,0.0924657
0.0968452,0.102818,0.101677,0.108063,0.0940635,0.105773,0.103204,0.0938102,0.102486,0.0912597
0.0986387,0.100314,0.102157,0.107043,0.0941766,0.106371,0.104034,0.0942775,0.101161,0.0918275
0.0942032,0.104137,0.10174,0.108112,0.0932309,0.103989,0.1013,0.0950405,0.105779,0.0924683
0.098335,0.10058,0.102101,0.107222,0.0939811,0.10626,0.103217,0.0942297,0.102173,0.0919009
0.0971963,0.103537,0.101612,0.109009,0.0935851,0.106973,0.101929,0.0923783,0.103551,0.0902293
0.0987025,0.10203,0.101688,0.108302,0.0940565,0.107403,0.102794,0.0924668,0.102206,0.0903515
0.101303,0.0992302,0.101534,0.108065,0.0944574,0.108418,0.103968,0.0920369,0.101329,0.0896602
0.0983629,0.100798,0.101946,0.108123,0.093464,0.106853,0.102037,0.0933571,0.103921,0.0911365
0.0994499,0.101317,0.101607,0.109324,0.093765,0.108435,0.103124,0.0916281,0.102097,0.0892539
0.0979288,0.100509,0.101995,0.106696,0.0942926,0.105418,0.102304,0.0950689,0.102881,0.0929084
0.0960604,0.101213,0.102177,0.107758,0.0930204,0.104879,0.101089,0.0953821,0.105429,0.0929921
0.0968819,0.100427,0.102433,0.107422,0.0934866,0.105592,0.102375,0.0951777,0.103572,0.0926334
0.0959788,0.103346,0.101877,0.108579,0.0933125,0.105749,0.101364,0.0938674,0.104271,0.0916553
0.0980388,0.100643,0.102058,0.109214,0.0931169,0.107314,0.103272,0.0931647,0.102831,0.0903482
0.0980923,0.100838,0.101965,0.109169,0.0932152,0.10728,0.102679,0.0931253,0.103125,0.0905116
0.0965902,0.102539,0.102114,0.109556,0.0929085,0.106927,0.102439,0.0932153,0.103076,0.0906345
0.0973534,0.102191,0.101637,0.107994,0.0941652,0.105865,0.10244,0.0939919,0.102688,0.0916741
0.0985536,0.101279,0.101797,0.108388,0.0937697,0.107163,0.102504,0.0929624,0.102865,0.0907179
0.0992555,0.0996849,0.101898,0.107822,0.0938692,0.106952,0.102969,0.0936018,0.102765,0.0911825
0.0990802,0.100438,0.101774,0.107517,0.0959713,0.106984,0.104163,0.0933851,0.099701,0.0909868
0.0984642,0.101374,0.101863,0.107701,0.0944867,0.106624,0.104037,0.0937667,0.100341,0.0913418
0.100635,0.101056,0.101269,0.107515,0.095038,0.107766,0.102989,0.0920858,0.1014,0.0902465
0.100235,0.0999963,0.100622,0.109798,0.0970985,0.105798,0.104617,0.0925601,0.0985761,0.0906986
0.0997075,0.101171,0.101279,0.107421,0.0954602,0.106738,0.103694,0.0934325,0.0998108,0.0912857
0.100213,0.101187,0.101137,0.108305,0.0953518,0.107638,0.104022,0.092498,0.0994444,0.0902027
0.100599,0.102243,0.100974,0.108508,0.0954256,0.108409,0.103791,0.0912743,0.099494,0.0892818
0.101059,0.101248,0.100893,0.109082,0.0953868,0.108699,0.104228,0.091306,0.0991154,0.0889833
0.0990068,0.102508,0.101433,0.10944,0.0945552,0.108181,0.104422,0.0918583,0.0992659,0.0893289
0.0999538,0.103718,0.10096,0.109693,0.0950631,0.109171,0.104047,0.0902627,0.0989661,0.0881664
0.100186,0.102943,0.100629,0.109774,0.0957457,0.108524,0.104152,0.0910852,0.0981363,0.0888247
0.0991106,0.100252,0.101029,0.110837,0.0960847,0.106175,0.105262,0.0926486,0.0983848,0.0902161
0.0979408,0.0995677,0.101542,0.109524,0.0959279,0.104427,0.105025,0.0945129,0.0993442,0.0921889
0.0975628,0.101941,0.102127,0.108853,0.0938165,0.107122,0.104596,0.0933883,0.10002,0.0905741
0.0972876,0.104275,0.101852,0.110111,0.0937079,0.108243,0.104498,0.0915889,0.0994601,0.0889754
0.0975693,0.10194,0.102118,0.108055,0.094447,0.106812,0.104259,0.0937011,0.100023,0.091074
0.0981009,0.103674,0.101441,0.111823,0.0938409,0.109346,0.10532,0.090725,0.0981025,0.0876273
0.0972932,0.103201,0.101967,0.110829,0.093303,0.108444,0.105023,0.0918005,0.0994157,0.0887234
0.0980081,0.104674,0.101324,0.110809,0.0943241,0.108825,0.104607,0.0908145,0.0983929,0.0882215
0.0986015,0.102998,0.101539,0.11069,0.0939842,0.10898,0.104943,0.0910971,0.0989055,0.0882613
0.0979428,0.102497,0.101724,0.111486,0.0935379,0.108873,0.105578,0.0915858,0.0985414,0.088234
0.0977336,0.103988,0.10165,0.111648,0.0935467,0.10931,0.105254,0.0907024,0.0985014,0.0876656
0.0986155,0.104127,0.10117,0.111096,0.094447,0.109186,0.104768,0.0905466,0.0981779,0.0878654
0.0963852,0.104403,0.101837,0.113092,0.092307,0.109416,0.103898,0.0905297,0.100811,0.0873205
0.0993459,0.101867,0.100079,0.113875,0.0967945,0.107413,0.106363,0.0903591,0.0963192,0.087585
0.0994446,0.101447,0.0997656,0.112768,0.0982202,0.105532,0.105911,0.0912461,0.0965698,0.0890956
0.0983259,0.103343,0.101329,0.112401,0.09387,0.109616,0.105603,0.0905287,0.0977219,0.0872617
0.0983269,0.104927,0.100708,0.110924,0.0949988,0.108569,0.10535,0.0904563,0.0981766,0.0875638
0.0991288,0.102131,0.100254,0.113413,0.0969393,0.107002,0.105737,0.0905764,0.0965582,0.0882595
0.0994002,0.101496,0.100137,0.114183,0.0982202,0.106466,0.105989,0.0896676,0.0965447,0.0878956
0.0992124,0.103913,0.0998701,0.11278,0.0971194,0.10747,0.105561,0.0898852,0.0965925,0.087596
0.0986567,0.105969,0.100528,0.111251,0.0953024,0.109206,0.104579,0.0897341,0.0974631,0.0873104
0.0991955,0.103039,0.0999262,0.112966,0.0975044,0.106733,0.105556,0.0902993,0.0965712,0.0882094
0.0981652,0.103906,0.100561,0.111469,0.094769,0.108137,0.104303,0.0911082,0.0995339,0.0880478
0.0999115,0.100427,0.0995339,0.113574,0.0996182,0.104663,0.105997,0.0907577,0.0962992,0.0892186
0.100412,0.10264,0.100004,0.112241,0.0965321,0.108575,0.105473,0.0898832,0.0969214,0.0873181
0.0993034,0.103235,0.0998856,0.114621,0.0967238,0.108245,0.106393,0.0891648,0.0959616,0.0864665
0.099276,0.101082,0.100098,0.115172,0.0972506,0.106892,0.106558,0.0901198,0.0959116,0.0876404
0.0991408,0.102775,0.100019,0.114539,0.097001,0.107544,0.106185,0.0895365,0.0961254,0.0871349
0.099001,0.102712,0.100188,0.113141,0.0965914,0.107368,0.10611,0.0903483,0.0968518,0.0876874
0.0990837,0.103627,0.0996492,0.114255,0.0978303,0.106867,0.106111,0.0892155,0.0962006,0.0871604
0.0993976,0.101697,0.10005,0.111857,0.0982379,0.105266,0.104935,0.0915192,0.0970546,0.0899853
0.0994302,0.101817,0.0994446,0.112989,0.0993255,0.104604,0.105679,0.0909388,0.0963725,0.0894002
0.0982542,0.105689,0.100597,0.108984,0.0958082,0.107344,0.10424,0.0912455,0.098766,0.0890719
0.100235,0.103603,0.0994807,0.111195,0.0978974,0.107061,0.105155,0.0901892,0.0970565,0.0881274
0.0990513,0.106799,0.099619,0.109553,0.0969821,0.107647,0.104574,0.0901244,0.0977258,0.0879251
0.0999043,0.104737,0.0998075,0.108328,0.0970617,0.107112,0.104408,0.0910808,0.0986231,0.0889373
0.0990863,0.10686,0.0990891,0.110026,0.0987685,0.105977,0.104518,0.0898375,0.097406,0.0884319
0.0992781,0.105022,0.100169,0.111163,0.0966479,0.107905,0.104566,0.0897251,0.0976431,0.0878812
0.0984271,0.10528,0.0998775,0.107704,0.0966964,0.105636,0.102337,0.0922639,0.101322,0.0904557
0.0974589,0.105541,0.100635,0.109704,0.0945591,0.107202,0.101364,0.0910978,0.103253,0.0891849
0.100582,0.103571,0.0994134,0.108138,0.0985725,0.105742,0.104003,0.0916602,0.0981907,0.0901268
0.0999982,0.105006,0.0997471,0.105957,0.0978094,0.105713,0.103432,0.0919851,0.0998082,0.0905443
0.100898,0.103819,0.0993709,0.108654,0.0982851,0.106583,0.104213,0.0908722,0.098101,0.0892038
0.100347,0.103486,0.0989968,0.109902,0.100788,0.104378,0.104608,0.0902309,0.0977242,0.0895391
0.101467,0.10255,0.0988069,0.110116,0.100339,0.10574,0.105192,0.0899408,0.0973564,0.0884915
0.099762,0.104989,0.0985046,0.109848,0.100544,0.104066,0.104958,0.0906186,0.0972652,0.0894444
0.0997754,0.105114,0.0996579,0.109987,0.0975648,0.107168,0.104439,0.0901868,0.0976984,0.0884086
0.0993554,0.10596,0.0988493,0.110638,0.0991687,0.105675,0.105161,0.0898784,0.0970892,0.0882252
0.0983774,0.104904,0.100132,0.10843,0.0962983,0.106252,0.103915,0.0919706,0.100108,0.089613
0.0974571,0.106726,0.0998665,0.110039,0.0958424,0.106826,0.10332,0.0908238,0.100714,0.0883857
0.100284,0.10604,0.0990236,0.110099,0.0974374,0.108184,0.105021,0.0892919,0.0977957,0.0868229
0.0996069,0.106404,0.0982791,0.110885,0.0999853,0.105362,0.105644,0.0893829,0.0967841,0.0876663
0.0982197,0.107709,0.0992254,0.109382,0.0971878,0.106672,0.104297,0.0902942,0.0990578,0.0879547
0.0997532,0.103013,0.0994647,0.107577,0.101175,0.10481,0.104906,0.0913637,0.0981191,0.0898186
0.0982401,0.104007,0.0996691,0.110546,0.098075,0.105678,0.10584,0.0909617,0.0986845,0.0882979
0.0987495,0.103842,0.0992935,0.111488,0.100325,0.105239,0.106323,0.0899309,0.0968463,0.0879627
0.099444,0.10499,0.098283,0.113107,0.0998569,0.105346,0.107133,0.0888246,0.0964079,0.0866075
0.0997751,0.102255,0.0980767,0.114413,0.101864,0.102996,0.107096,0.0896363,0.0956233,0.0882649
0.0992963,0.104701,0.0987882,0.11233,0.0996169,0.105725,0.106359,0.0894231,0.0964232,0.0873373
0.0993875,0.104458,0.0983007,0.111101,0.100191,0.104132,0.106755,0.0902789,0.0972906,0.0881048
0.097117,0.106327,0.099555,0.109366,0.0964238,0.105523,0.103811,0.09187,0.100908,0.0890995
0.0986287,0.103874,0.100302,0.109761,0.0973627,0.106838,0.105402,0.0911125,0.0981108,0.0886083
0.0989932,0.10337,0.0995193,0.112522,0.0981239,0.10581,0.10631,0.0902712,0.0970752,0.0880045
0.0965321,0.107495,0.100702,0.111794,0.0941789,0.108531,0.104331,0.089585,0.100057,0.0867947
0.0995591,0.104683,0.0993506,0.112436,0.0984053,0.10735,0.105835,0.0889682,0.0965691,0.086844
0.096156,0.104611,0.101303,0.112669,0.0929589,0.108306,0.103587,0.0910898,0.101523,0.0877965
0.0990195,0.105638,0.0993935,0.110805,0.0977085,0.106714,0.105518,0.0899884,0.0974811,0.0877336
0.0986385,0.105554,0.100165,0.112605,0.0952707,0.109395,0.106242,0.0890142,0.0972943,0.085821
0.095292,0.107691,0.100616,0.114048,0.0931635,0.108764,0.103685,0.089367,0.101347,0.086027
0.0977324,0.105997,0.100369,0.111586,0.0952807,0.108646,0.105111,0.0898767,0.0985638,0.0868381
0.0986598,0.104175,0.0997411,0.112141,0.0983531,0.106885,0.106194,0.0898007,0.0967089,0.087342
0.0948338,0.105677,0.101046,0.11059,0.0936453,0.105803,0.102462,0.092757,0.103383,0.0898026
0.0941228,0.10676,0.101125,0.111585,0.093038,0.1063,0.101979,0.0920539,0.10392,0.0891163
0.0982727,0.10615,0.0999031,0.110163,0.0961084,0.107518,0.105267,0.0903718,0.0986845,0.0875613
0.0963466,0.105972,0.100038,0.110374,0.0955797,0.106096,0.103693,0.0918186,0.101347,0.0887356
0.0949269,0.107304,0.100269,0.111478,0.0942657,0.106124,0.102493,0.0915277,0.103072,0.0885405
0.0988498,0.104757,0.0991984,0.111868,0.0991698,0.10585,0.106172,0.089686,0.0968604,0.0875886
0.094331,0.107155,0.100244,0.110573,0.0943557,0.104926,0.101966,0.0925274,0.104353,0.0895691
0.0956163,0.107519,0.0996127,0.110429,0.095788,0.10552,0.102943,0.0915539,0.102407,0.0886101
0.097114,0.106056,0.0997874,0.108536,0.0965075,0.105099,0.103699,0.0923404,0.101041,0.0898196
0.0946648,0.107321,0.100184,0.111132,0.0943816,0.105557,0.102143,0.0919604,0.10365,0.0890051
0.0959272,0.107875,0.0998813,0.11014,0.0954872,0.105918,0.102649,0.0913181,0.101979,0.088825
0.0956332,0.105377,0.100856,0.109679,0.0944063,0.105599,0.102811,0.0929214,0.102567,0.0901511
0.0983973,0.104939,0.0998818,0.110462,0.0984444,0.106709,0.105799,0.0900734,0.0975662,0.0877276
0.0971193,0.105296,0.100738,0.109561,0.0954485,0.106973,0.103896,0.091734,0.10015,0.0890846
0.0985724,0.104371,0.099933,0.110446,0.0972622,0.106029,0.105516,0.0909889,0.0981574,0.0887247
0.0977469,0.10386,0.100805,0.108705,0.0970703,0.10653,0.104778,0.0918988,0.0992403,0.089367
0.0980834,0.103816,0.100377,0.108907,0.0985317,0.105642,0.105254,0.0915143,0.0984628,0.0894124
0.0987437,0.10554,0.100149,0.110071,0.0965745,0.107817,0.105127,0.0901333,0.0981419,0.0877027
0.0991917,0.103077,0.0984431,0.112461,0.102297,0.103238,0.10656,0.0900207,0.0960553,0.0886564
0.0991016,0.101676,0.0994149,0.111199,0.101329,0.103373,0.105666,0.0911829,0.0970211,0.0900361
0.0990989,0.102413,0.0981347,0.111605,0.103313,0.101473,0.106779,0.0908967,0.0965553,0.0897316
0.0988282,0.103351,0.0996587,0.110955,0.0993215,0.105092,0.105676,0.0907333,0.0974383,0.0889459
0.097475,0.105851,0.0999103,0.108476,0.0964491,0.105521,0.103759,0.0922582,0.100502,0.0897991
0.0985665,0.105197,0.0997954,0.110386,0.0981059,0.10667,0.105514,0.0901873,0.0976302,0.0879482
0.0983686,0.103135,0.0994991,0.109039,0.100518,0.103205,0.105475,0.0921394,0.0980468,0.090574
0.0980943,0.104429,0.100441,0.109223,0.0983541,0.106662,0.105256,0.0908414,0.0981062,0.0885942
0.0984535,0.100251,0.099222,0.110232,0.103106,0.100883,0.106273,0.0926412,0.0973712,0.0915672
0.0985465,0.102054,0.0991523,0.111104,0.102608,0.102905,0.106458,0.0908976,0.0967779,0.0894963
0.0942477,0.107394,0.100494,0.110731,0.0940227,0.105348,0.10188,0.0922483,0.104222,0.0894124
0.0986024,0.104035,0.0993042,0.108334,0.10123,0.103496,0.105047,0.0916691,0.0979281,0.090353
0.0983156,0.103756,0.100033,0.107391,0.0990677,0.104131,0.104608,0.0927097,0.0989651,0.0910228
0.0979847,0.101303,0.0998161,0.107499,0.102418,0.101484,0.105316,0.0933815,0.0985458,0.0922513
0.0984759,0.102244,0.0994735,0.110156,0.102783,0.103338,0.106152,0.0906973,0.097268,0.0894111
0.0970073,0.102676,0.100171,0.109089,0.0990583,0.103617,0.10538,0.0929464,0.0995551,0.0905003
0.0985934,0.101473,0.0987746,0.111434,0.102703,0.101684,0.106903,0.0914989,0.0968798,0.0900568
0.0987572,0.101273,0.0984806,0.111302,0.103471,0.100775,0.106779,0.0917037,0.0968492,0.0906092
0.0985137,0.101454,0.0996185,0.110462,0.101386,0.102889,0.105956,0.0918195,0.0974742,0.0904266
0.0995919,0.0993655,0.0990714,0.110161,0.107749,0.0981184,0.105677,0.0921199,0.0961013,0.0920444
0.0982111,0.103486,0.0998966,0.10819,0.0981308,0.103649,0.10534,0.0928134,0.099458,0.0908256
0.0983568,0.101587,0.0994153,0.107301,0.101937,0.100777,0.105118,0.0937537,0.0989497,0.0928041
0.0977861,0.104336,0.099792,0.108408,0.0978512,0.10382,0.104701,0.0926563,0.100012,0.0906383
0.0996804,0.100994,0.0990422,0.111236,0.101427,0.102279,0.105632,0.0915789,0.0973835,0.0907469
0.0992676,0.104125,0.10022,0.10882,0.0972548,0.106331,0.104309,0.0912841,0.0988278,0.0895603
0.100454,0.0992078,0.0985407,0.113026,0.103445,0.101142,0.105989,0.0910237,0.0963514,0.0908212
0.0993213,0.101036,0.0995243,0.111769,0.0998281,0.103172,0.105678,0.0916772,0.0975328,0.090462
0.0989775,0.103981,0.0994964,0.108179,0.099104,0.103696,0.104563,0.0922367,0.0988529,0.0909143
0.0988747,0.103186,0.0990617,0.109541,0.100362,0.102455,0.10532,0.0921025,0.0981723,0.0909238
0.0994804,0.100591,0.099104,0.109675,0.10213,0.101305,0.105351,0.0925468,0.0979359,0.0918816
0.0959457,0.107573,0.0997798,0.108373,0.0961655,0.104572,0.102283,0.0924592,0.102598,0.0902503
0.100446,0.102221,0.0984287,0.110508,0.102278,0.102341,0.104972,0.0910378,0.0971217,0.090645
0.100268,0.102817,0.100169,0.110078,0.0975282,0.106677,0.104094,0.0907683,0.0981806,0.0894216
0.100347,0.103501,0.0990976,0.109972,0.100411,0.104274,0.104349,0.0902978,0.097947,0.0898033
0.100078,0.104376,0.100563,0.107748,0.0966698,0.107268,0.102829,0.0911002,0.0993284,0.0900395
0.0999608,0.103776,0.100103,0.108808,0.0975082,0.106464,0.103644,0.0913693,0.0983657,0.0900006
0.100635,0.104789,0.100322,0.108534,0.0961894,0.108702,0.103629,0.0897838,0.0992465,0.088169
0.100459,0.105063,0.0996743,0.107518,0.0979959,0.106547,0.103258,0.0908999,0.0988233,0.0897625
0.100148,0.100975,0.10036,0.109442,0.100286,0.104662,0.104012,0.090901,0.098638,0.0905767
0.100071,0.103922,0.100382,0.108989,0.097314,0.106744,0.103321,0.0905703,0.0989854,0.0897006
0.10018,0.103675,0.0997967,0.10996,0.0987013,0.105616,0.103921,0.09017,0.0984486,0.0895318
0.10051,0.1026,0.099293,0.108402,0.0999784,0.103894,0.103736,0.0920339,0.0981828,0.0913692
0.100184,0.102122,0.0988966,0.10756,0.103191,0.101572,0.103768,0.0920932,0.0982618,0.0923518
0.100335,0.100776,0.0995105,0.10957,0.1012,0.103117,0.104325,0.0918507,0.0978767,0.0914402
0.0989155,0.104746,0.0999721,0.107901,0.0974551,0.105561,0.104276,0.0920147,0.0989819,0.0901776
0.0999687,0.101608,0.0987903,0.1098,0.102945,0.10222,0.105011,0.0915202,0.0971164,0.0910207
0.099704,0.100986,0.0997615,0.109512,0.101824,0.103584,0.104749,0.0914755,0.0976301,0.0907734
0.10024,0.101402,0.0986006,0.111231,0.102202,0.102323,0.10534,0.0912339,0.0967965,0.0906301
0.0993041,0.103479,0.0991116,0.110049,0.0999257,0.103607,0.105122,0.091431,0.0977766,0.0901942
0.0997674,0.100693,0.0985469,0.113729,0.102083,0.101882,0.106402,0.090698,0.0962532,0.0899463
0.0997215,0.101947,0.0987872,0.113841,0.101381,0.103819,0.106484,0.0894973,0.096166,0.0883551
0.100173,0.0990752,0.0975771,0.113125,0.106243,0.098618,0.106505,0.0913561,0.0956989,0.0916285
0.098544,0.104818,0.100049,0.108605,0.0976005,0.105273,0.104331,0.0918051,0.098799,0.090176
0.100094,0.101989,0.0981641,0.11261,0.102879,0.102028,0.105943,0.0902662,0.0962714,0.0897548
0.0993066,0.100613,0.0996292,0.110984,0.101654,0.103091,0.105634,0.0913447,0.0973594,0.0903836
0.0996112,0.10019,0.0984395,0.114478,0.103884,0.101691,0.106961,0.0899128,0.0955519,0.0892807
0.0996899,0.0994288,0.0984571,0.112585,0.106515,0.0994634,0.106343,0.0909269,0.0956677,0.0909233
0.0973392,0.101878,0.101098,0.109816,0.0979728,0.105127,0.105876,0.0922403,0.0987543,0.0898975
0.0988484,0.102271,0.0991482,0.112362,0.100285,0.10322,0.106328,0.0909467,0.0971089,0.0894814
0.100689,0.0968404,0.10105,0.114133,0.110276,0.0964337,0.105375,0.0904856,0.093974,0.0907426
0.098386,0.102124,0.0994853,0.112741,0.100082,0.103849,0.106848,0.090633,0.0970678,0.0887845
0.0991406,0.0979287,0.0992683,0.113755,0.104884,0.101007,0.106845,0.0908341,0.095891,0.0904458
0.0988129,0.1009,0.0990453,0.112483,0.103776,0.102282,0.106663,0.0903494,0.0962424,0.0894463
0.0987915,0.102507,0.0991184,0.114494,0.100407,0.104461,0.107079,0.089381,0.0961017,0.0876594
0.0985231,0.10242,0.0996645,0.113233,0.0988018,0.104718,0.106682,0.0904023,0.0971448,0.08841
0.0990822,0.101934,0.0981814,0.117298,0.102366,0.103582,0.10849,0.0879988,0.0947136,0.0863535
0.0987139,0.101473,0.09967,0.114162,0.100034,0.104568,0.106895,0.0897923,0.0965783,0.0881136
0.0982041,0.105526,0.100206,0.112488,0.0959376,0.108095,0.106083,0.0892016,0.0977109,0.086548
0.0991686,0.103498,0.0994817,0.1165,0.0977329,0.107606,0.107092,0.087797,0.0956089,0.085514
0.0985788,0.102655,0.099671,0.115595,0.0978666,0.106168,0.107456,0.0889699,0.0964575,0.0865821
0.0984766,0.106203,0.0994733,0.113953,0.096955,0.108015,0.106834,0.0878963,0.0969009,0.0852932
0.0993034,0.101871,0.0981186,0.11547,0.103568,0.102605,0.107634,0.0886636,0.0951477,0.0876177
0.0987549,0.103561,0.0992813,0.114584,0.0987458,0.105555,0.106954,0.0890161,0.0965224,0.0870244
0.0992847,0.102523,0.0988552,0.115266,0.100794,0.104598,0.107171,0.0885464,0.0958907,0.0870713
0.0983358,0.102886,0.099186,0.11395,0.100058,0.104199,0.107459,0.089548,0.0967894,0.0875884
0.0992032,0.1026,0.0981842,0.116556,0.1016,0.103332,0.107849,0.0883131,0.0954029,0.0869608
0.0991356,0.102625,0.0987508,0.116849,0.100569,0.10498,0.107766,0.0878117,0.0953657,0.0861475
0.0997255,0.102849,0.0985233,0.115533,0.100976,0.104498,0.106947,0.0882484,0.0956801,0.0870193
0.0993409,0.102491,0.098937,0.114677,0.100145,0.104286,0.106852,0.0891146,0.0964435,0.0877118
0.0997485,0.101092,0.0982548,0.117265,0.102013,0.103026,0.107743,0.0883608,0.0951707,0.0873258
0.0982376,0.105055,0.0992605,0.114463,0.0983852,0.105884,0.107213,0.0882744,0.0970277,0.0861994
0.0982941,0.102234,0.0991183,0.114597,0.100682,0.103555,0.107881,0.089288,0.0968381,0.087512
0.0980959,0.100799,0.100806,0.114485,0.0985131,0.10617,0.107239,0.0893175,0.097371,0.0872032
0.0988135,0.101779,0.0983438,0.116684,0.101862,0.102306,0.108152,0.0886799,0.0958849,0.087495
0.0996566,0.0990424,0.0993576,0.120061,0.0998003,0.104893,0.108356,0.0876049,0.0951002,0.0861279
0.0996858,0.101874,0.0983584,0.118405,0.101386,0.104162,0.107912,0.0871545,0.0950012,0.0860608
0.10008,0.0975127,0.0986451,0.120859,0.10251,0.102223,0.108511,0.0877889,0.0946059,0.0872636
0.0997179,0.0999374,0.099263,0.120316,0.0996856,0.10552,0.108233,0.0868949,0.0949531,0.0854795
0.100078,0.0976349,0.0989732,0.119898,0.102347,0.102926,0.108293,0.0877712,0.0949518,0.0871267
0.0996677,0.0987227,0.0992698,0.121077,0.100887,0.104911,0.108773,0.0866624,0.0946523,0.0853774
0.0999715,0.0948466,0.098438,0.121064,0.10565,0.0992894,0.10889,0.0888146,0.0940947,0.0889413
0.099468,0.100144,0.099248,0.120107,0.0999723,0.105017,0.108082,0.0870841,0.0950205,0.0858576
0.099848,0.101197,0.099687,0.116706,0.0986489,0.106277,0.106764,0.088098,0.0961293,0.0866454
0.100385,0.0984992,0.0989002,0.119883,0.101442,0.103636,0.108049,0.0873374,0.0952013,0.0866669
0.10008,0.0998806,0.0991407,0.118769,0.100802,0.104226,0.107432,0.0872405,0.0957647,0.086664
0.100376,0.0972087,0.0984936,0.119913,0.103488,0.101123,0.108023,0.0881014,0.0950751,0.088198
0.09943,0.100583,0.0991975,0.119639,0.100521,0.104414,0.107695,0.0868804,0.0954551,0.0861849
0.100581,0.0990789,0.0990059,0.117893,0.101549,0.103385,0.107124,0.0877867,0.0960554,0.0875407
0.100135,0.0974585,0.0989693,0.118925,0.104286,0.100755,0.107582,0.0881992,0.0952349,0.0884545
0.101377,0.0947071,0.100985,0.11729,0.107713,0.0971148,0.105987,0.090443,0.0938017,0.090581
0.0999674,0.0974253,0.0987352,0.119815,0.103526,0.101439,0.10809,0.0879596,0.0950815,0.0879607
0.0997072,0.0978719,0.0983942,0.122746,0.103451,0.101473,0.108939,0.0864665,0.0944175,0.0865347
0.100269,0.0977434,0.0985039,0.121702,0.103911,0.101091,0.108352,0.0865509,0.0948948,0.0869819
0.100177,0.0964302,0.0981811,0.122183,0.104403,0.100322,0.108896,0.0874211,0.0943347,0.0876512
0.100677,0.0948899,0.100464,0.121204,0.107554,0.0975816,0.107376,0.0881751,0.0934326,0.0886445
0.0998692,0.0983261,0.0988245,0.11943,0.102941,0.101917,0.107788,0.0877636,0.095362,0.0877773
0.10001,0.0987395,0.0989189,0.119354,0.101681,0.103031,0.107798,0.0878646,0.0952646,0.0873386
0.100665,0.0954787,0.100196,0.12132,0.10661,0.09888,0.107682,0.0875195,0.0938048,0.0878443
0.0995615,0.0978739,0.098493,0.122738,0.102931,0.101887,0.109057,0.0867834,0.0941982,0.0864777
0.0999731,0.0966984,0.098895,0.12091,0.104558,0.101027,0.1085,0.0872785,0.094737,0.0874226
0.0993318,0.0965537,0.0988831,0.121165,0.104268,0.101284,0.108947,0.0877335,0.0943666,0.0874677
0.100237,0.0975916,0.0986407,0.120611,0.102983,0.102034,0.108325,0.0873923,0.0949517,0.087234
0.0990402,0.099588,0.0983938,0.12165,0.102449,0.102392,0.108889,0.0871192,0.0940873,0.0863906
0.0996589,0.0960623,0.0980329,0.124161,0.104635,0.100004,0.109714,0.0871052,0.0935051,0.0871212
0.0990127,0.0966797,0.0980553,0.124286,0.104203,0.100187,0.109917,0.0875014,0.0930702,0.0870875
0.099049,0.099106,0.0989125,0.121506,0.101361,0.103201,0.108657,0.0874031,0.0943355,0.0864687
0.0994431,0.098594,0.0989945,0.120373,0.101678,0.103102,0.108339,0.0878078,0.0946961,0.0869723
0.100454,0.0948247,0.0998959,0.119797,0.107137,0.0976965,0.107354,0.0892024,0.093947,0.0896909
0.0990203,0.100421,0.0994049,0.119612,0.0994364,0.105198,0.107994,0.087836,0.0948405,0.0862361
0.0992679,0.101113,0.0995423,0.118528,0.0990561,0.105768,0.107453,0.0876355,0.0954538,0.0861826
0.0992104,0.097661,0.0986114,0.123705,0.102881,0.102286,0.109596,0.0864491,0.0937633,0.0858373
0.100149,0.0936455,0.100407,0.121242,0.108828,0.0963007,0.107744,0.0892575,0.0927974,0.0896303
0.0993706,0.0964124,0.098735,0.121679,0.104376,0.101009,0.109095,0.0876756,0.0941932,0.0874539
0.099089,0.0948848,0.0981797,0.123716,0.106118,0.0988474,0.109912,0.087956,0.0932311,0.0880655
0.0997693,0.0946089,0.0982618,0.122527,0.106343,0.0990704,0.109475,0.0878677,0.0938543,0.0882228
0.0984351,0.102723,0.0997672,0.120117,0.097725,0.10742,0.107947,0.0863858,0.0950291,0.0844498
0.0994899,0.0962468,0.0984284,0.122861,0.104711,0.100493,0.109387,0.0872236,0.0939412,0.0872181
0.0997761,0.0988564,0.0988892,0.121432,0.101352,0.103769,0.108611,0.0867223,0.0946796,0.0859115
0.0990997,0.100243,0.0990057,0.121428,0.101107,0.103865,0.10836,0.0863097,0.0948794,0.0857032
0.0995213,0.0973554,0.0982371,0.123766,0.104121,0.10081,0.109349,0.0863109,0.094034,0.0864957
0.0988537,0.102686,0.0996516,0.119933,0.0983087,0.10706,0.107721,0.085876,0.0954669,0.0844433
0.0989485,0.0985016,0.0994456,0.120125,0.103921,0.102172,0.108167,0.0867039,0.0952184,0.0867962
0.0990164,0.0992001,0.0993415,0.120277,0.103357,0.102785,0.108129,0.0861532,0.0954551,0.0862855
0.0981408,0.101908,0.0992798,0.120887,0.100266,0.104314,0.108002,0.0864919,0.0949784,0.0857328
0.100136,0.0967973,0.101793,0.120163,0.106807,0.0992846,0.106647,0.0871005,0.0939343,0.0873369
0.0987514,0.0986869,0.0982358,0.123055,0.103836,0.100706,0.109113,0.0868208,0.093944,0.0868511
0.0993254,0.09826,0.100696,0.120106,0.105186,0.100754,0.107239,0.0867722,0.0946545,0.0870064
0.0985144,0.0994211,0.0987622,0.120252,0.103669,0.101245,0.108205,0.0875517,0.0947929,0.0875863
0.0991942,0.0986931,0.0981696,0.120766,0.104347,0.10035,0.108453,0.0876849,0.0944815,0.0878611
0.0990804,0.0984008,0.0985099,0.121697,0.103451,0.100899,0.108509,0.0874149,0.094509,0.0875292
0.0989861,0.0995639,0.0983868,0.121549,0.103125,0.101577,0.108578,0.0869473,0.0944579,0.086829
0.0991036,0.0988956,0.1025,0.11775,0.105911,0.0992914,0.105375,0.0882832,0.0944248,0.0884657
0.0996319,0.0994228,0.0988037,0.11937,0.102938,0.101816,0.107457,0.0872018,0.095733,0.0876252
0.100584,0.0973775,0.101902,0.117333,0.106378,0.0991981,0.105428,0.0882023,0.0949024,0.0886954
0.0994753,0.0991432,0.0998677,0.117933,0.103244,0.102047,0.106908,0.0878181,0.09569,0.0878733
0.099524,0.09862,0.0995643,0.119556,0.103743,0.101897,0.107604,0.0869876,0.0953446,0.0871585
0.0995624,0.0991151,0.0988238,0.120576,0.10221,0.10261,0.108107,0.087064,0.0950812,0.0868508
0.0992611,0.0991821,0.098749,0.121069,0.102403,0.102208,0.10825,0.0870865,0.0948625,0.0869278
0.0983978,0.103461,0.0996553,0.119543,0.0987099,0.106365,0.107361,0.0858855,0.095745,0.0848771
0.0992831,0.100465,0.0991951,0.119782,0.101186,0.103942,0.107732,0.0866538,0.0955188,0.0862433
0.100072,0.0978845,0.101055,0.11935,0.105665,0.100214,0.106595,0.0869694,0.0947992,0.0873967
0.100175,0.0963273,0.101247,0.120234,0.107043,0.0983469,0.106735,0.0878512,0.093795,0.0882461
0.099372,0.0983953,0.0991018,0.122141,0.10438,0.101122,0.108392,0.0859847,0.0946878,0.0864244
0.0998631,0.0964847,0.102149,0.119138,0.107283,0.0983793,0.106194,0.0882815,0.093761,0.0884661
0.0992091,0.0999792,0.0995474,0.118992,0.101567,0.10432,0.107719,0.0867323,0.0957132,0.0862222
0.0981172,0.0993515,0.0991858,0.119986,0.102877,0.10254,0.108551,0.0878822,0.0944384,0.0870711
0.0975692,0.0988018,0.101704,0.119359,0.10616,0.100002,0.107184,0.0879526,0.0936976,0.0875704
0.0979846,0.0980175,0.100917,0.119961,0.106058,0.0998911,0.107654,0.0879474,0.093824,0.0877456
0.0982048,0.0976422,0.0988591,0.12222,0.104061,0.100868,0.109156,0.0876845,0.0939051,0.0873991
0.0990082,0.0963427,0.0991078,0.122724,0.105335,0.0999135,0.109092,0.0874586,0.0936098,0.0874083
0.099942,0.095938,0.0997159,0.122835,0.105937,0.0996458,0.108594,0.0868845,0.0935325,0.0869744
0.0984071,0.100956,0.0992961,0.121016,0.100088,0.104588,0.108326,0.0869431,0.0946299,0.0857501
0.0984907,0.101207,0.099856,0.119113,0.0990339,0.106244,0.107903,0.0874444,0.0950585,0.0856502
0.0980722,0.0983239,0.0995962,0.121749,0.10578,0.0998902,0.108662,0.0873189,0.0934674,0.0871401
0.098757,0.0991351,0.0990323,0.122622,0.101712,0.103567,0.109134,0.0863808,0.0941684,0.0854913
0.0990774,0.0991458,0.0988145,0.12289,0.10143,0.103477,0.109111,0.0864116,0.0941141,0.0855289
0.0992699,0.0968187,0.102215,0.122178,0.107265,0.0980863,0.106977,0.0873199,0.0926058,0.0872641
0.0989404,0.0967575,0.101951,0.122342,0.10695,0.0986824,0.107451,0.0872529,0.0926528,0.0870206
0.0976905,0.0979928,0.10016,0.123527,0.104943,0.100259,0.108915,0.0869777,0.0929889,0.0865453
0.0976928,0.0990526,0.099154,0.122592,0.104031,0.101068,0.109035,0.0869849,0.093721,0.0866685
0.099306,0.0969521,0.100095,0.121923,0.105265,0.0997554,0.108106,0.0876043,0.0935355,0.0874578
0.0993191,0.0975041,0.0985554,0.123383,0.103906,0.101548,0.109374,0.086153,0.094139,0.0861183
0.0985846,0.0985122,0.0991079,0.122146,0.102762,0.102763,0.10909,0.0867002,0.0942545,0.0860801
0.0985791,0.10034,0.0992938,0.122442,0.100534,0.104997,0.108985,0.0858188,0.0943766,0.0846337
0.0999732,0.0933704,0.10172,0.124149,0.109531,0.0969305,0.108344,0.0871312,0.0917398,0.0871108
0.097186,0.0969944,0.0995378,0.123695,0.103791,0.102516,0.110419,0.0871068,0.092979,0.0857748
0.096303,0.0991148,0.100241,0.121253,0.103096,0.10351,0.10938,0.087196,0.0939476,0.0859582
0.0980303,0.104437,0.100296,0.12008,0.0953617,0.110525,0.107993,0.0855843,0.094991,0.0827013
0.0969349,0.102678,0.100537,0.119478,0.0991255,0.107201,0.108131,0.0863354,0.0950765,0.0845022
0.0973953,0.0988047,0.10185,0.121239,0.104791,0.101202,0.107795,0.0872456,0.0932815,0.0863963
0.0983061,0.097544,0.100153,0.122525,0.104083,0.102467,0.109216,0.0864324,0.0936701,0.085603
0.0980443,0.102606,0.0996647,0.121882,0.0980248,0.107266,0.108617,0.0856824,0.094478,0.0837346
0.098519,0.0998058,0.0998632,0.120875,0.100446,0.105981,0.108853,0.0863198,0.0946331,0.0847041
0.0972398,0.103426,0.100821,0.118015,0.0971479,0.109106,0.107654,0.0869493,0.0953138,0.0843272
0.0979198,0.0999874,0.100102,0.122443,0.100601,0.106765,0.109574,0.0850466,0.094263,0.0832987
0.0978349,0.106927,0.100798,0.117857,0.093175,0.112967,0.106926,0.0854867,0.0958456,0.0821828
0.0979022,0.100991,0.100465,0.120251,0.0997976,0.107593,0.108705,0.0855665,0.095001,0.0837275
0.0975703,0.107681,0.100856,0.119578,0.0922585,0.114535,0.107526,0.0841167,0.0954092,0.0804694
0.0981596,0.103134,0.100529,0.120137,0.0968738,0.110231,0.108335,0.0849956,0.095162,0.082444
0.0978935,0.102667,0.100608,0.118779,0.0980434,0.108763,0.107898,0.0860147,0.0954723,0.0838617
0.0978209,0.10581,0.100443,0.120053,0.0943281,0.111764,0.107794,0.0849127,0.0951852,0.0818877
0.0984638,0.103508,0.100076,0.120851,0.0962899,0.109835,0.108299,0.0851356,0.0949393,0.0826023
0.0984869,0.102093,0.0997253,0.121389,0.0973716,0.107979,0.108626,0.0861673,0.0944055,0.0837566
0.0980099,0.102035,0.100183,0.120069,0.0988043,0.107512,0.108276,0.0859458,0.0950702,0.0840944
0.0989259,0.0995045,0.099398,0.121516,0.101838,0.104406,0.10876,0.0857288,0.0948854,0.0850378
0.0987673,0.0996,0.0994681,0.121369,0.101654,0.104517,0.108749,0.0859362,0.0948258,0.0851139
0.0992659,0.0980039,0.100109,0.121521,0.10336,0.103072,0.108566,0.0862479,0.0943047,0.0855492
0.0977834,0.102497,0.100274,0.11868,0.0983839,0.107289,0.107719,0.0870356,0.0952711,0.0850675
0.0977259,0.10569,0.100329,0.119389,0.0953207,0.110294,0.107429,0.0854114,0.0954831,0.0829276
0.0983864,0.102608,0.100196,0.118827,0.0979272,0.108031,0.107683,0.0864148,0.0954834,0.0844438
0.0975632,0.100537,0.0996192,0.120796,0.101231,0.103944,0.108508,0.0871813,0.0945125,0.086107
0.0994902,0.102365,0.0997186,0.119072,0.0979462,0.107699,0.10748,0.0860066,0.0957866,0.0844363
0.0989048,0.100902,0.0998609,0.118845,0.0994577,0.106265,0.1078,0.0870544,0.0953894,0.0855205
0.0985971,0.103014,0.100222,0.118781,0.0975253,0.108648,0.107578,0.0859587,0.0956876,0.0839879
0.0984015,0.102369,0.0999113,0.118867,0.0992726,0.106331,0.107485,0.0864247,0.0957069,0.0852306
0.099992,0.104016,0.100682,0.11575,0.0939885,0.112741,0.106529,0.0864944,0.0965509,0.0832557
0.0989584,0.103016,0.100302,0.117929,0.0970028,0.109219,0.107297,0.086255,0.0959262,0.0840948
0.0986341,0.102079,0.10003,0.119765,0.0990231,0.107429,0.107975,0.0854833,0.0955469,0.0840336
0.0990312,0.105115,0.100537,0.117162,0.0943332,0.111884,0.106779,0.0859106,0.0962204,0.0830279
0.0990412,0.103677,0.100196,0.117425,0.0966947,0.109066,0.106881,0.0864058,0.0962025,0.0844122
0.0991084,0.103794,0.0999808,0.119478,0.096573,0.109476,0.10754,0.0851278,0.0957773,0.0831454
0.0981088,0.107925,0.10098,0.117439,0.0921735,0.11465,0.106641,0.0846111,0.0962841,0.0811872
0.0991883,0.103068,0.0998031,0.118908,0.0979606,0.107728,0.10729,0.0857186,0.0960006,0.0843355
0.0986276,0.106315,0.100582,0.116837,0.0944744,0.111633,0.106371,0.085476,0.0966443,0.0830386
0.0994383,0.104058,0.100299,0.115063,0.0962232,0.109132,0.105896,0.0874389,0.0969544,0.0854959
0.100573,0.101034,0.0996626,0.118101,0.0980147,0.107884,0.107331,0.0865394,0.0960259,0.0848354
0.100332,0.102045,0.0997101,0.118795,0.0977178,0.108497,0.107388,0.0854632,0.0961462,0.0839062
0.1007,0.100038,0.0992044,0.12063,0.0995622,0.106564,0.108195,0.0853617,0.0955055,0.0842384
0.0989346,0.102967,0.0996084,0.121109,0.0981127,0.10771,0.108078,0.0847713,0.0953583,0.0833507
0.100357,0.101483,0.0995539,0.121088,0.0976548,0.108973,0.108356,0.0844854,0.0953963,0.0826532
0.098444,0.104502,0.0999899,0.120689,0.0963918,0.109622,0.107901,0.0845488,0.0954015,0.0825101
0.0986375,0.101456,0.0990277,0.123079,0.100664,0.104663,0.108738,0.08478,0.0947318,0.0842232
0.0987354,0.105287,0.100181,0.11851,0.0960749,0.109941,0.106937,0.0849111,0.0963202,0.0831021
0.0998928,0.103286,0.0996267,0.119568,0.0982453,0.108088,0.107282,0.0842099,0.0964607,0.08334
0.100686,0.101911,0.0995656,0.117352,0.0989386,0.107018,0.106629,0.0858283,0.0969394,0.0851313
0.099447,0.103091,0.0997334,0.118032,0.0983567,0.107162,0.106839,0.0859529,0.0964425,0.0849442
0.102365,0.0997294,0.101604,0.118756,0.103507,0.101631,0.105017,0.0857697,0.0954367,0.0861837
0.0993927,0.104005,0.0999157,0.118118,0.0973883,0.108504,0.106807,0.085286,0.0965661,0.0840161
0.101349,0.100799,0.0993403,0.119149,0.0991758,0.107401,0.107437,0.0848414,0.096482,0.0840254
0.101188,0.100552,0.100519,0.122063,0.10338,0.102117,0.106583,0.0839239,0.095097,0.0845766
0.101166,0.100394,0.099245,0.120625,0.0991868,0.107468,0.108094,0.0845051,0.0958657,0.083451
0.0993249,0.102474,0.099366,0.121119,0.0993175,0.106546,0.107933,0.0844851,0.0956858,0.0837494
0.100663,0.103459,0.0998539,0.118261,0.0970894,0.109788,0.106871,0.0841418,0.0969798,0.0828922
0.100313,0.102532,0.0996457,0.120212,0.0976082,0.109097,0.107771,0.0841056,0.0960473,0.0826672
0.100063,0.10454,0.100329,0.116652,0.0952615,0.111353,0.106427,0.0852854,0.0969614,0.0831291
0.100721,0.100728,0.09943,0.119695,0.0986863,0.107543,0.107835,0.0854581,0.0958154,0.0840877
0.0996204,0.100204,0.0998446,0.121608,0.102268,0.104062,0.107998,0.084693,0.0951807,0.0845209
0.100389,0.103535,0.100206,0.116773,0.095698,0.11084,0.106617,0.085675,0.0967756,0.0834913
0.0996213,0.102263,0.0996307,0.120637,0.0979565,0.108232,0.10805,0.0848375,0.0955135,0.0832585
0.0993346,0.101385,0.099852,0.1184,0.0989355,0.106883,0.107487,0.0867099,0.0957801,0.0852328
0.0987612,0.10178,0.0994802,0.120504,0.0990012,0.106079,0.108055,0.0863513,0.0950418,0.0849459
0.0991853,0.103195,0.099839,0.120765,0.0968001,0.10941,0.108102,0.0847155,0.0953356,0.0826534
0.0988598,0.103591,0.0999341,0.118299,0.0973766,0.107991,0.107067,0.0862623,0.0959924,0.0846277
0.0998906,0.101485,0.0996382,0.119799,0.0978608,0.108041,0.107938,0.0858876,0.0954316,0.0840271
0.100536,0.102499,0.0999193,0.118051,0.0967322,0.109758,0.10715,0.085446,0.0963786,0.0835301
0.0993323,0.102328,0.0997094,0.119478,0.0979049,0.1077,0.107665,0.0859884,0.0955752,0.0843184
0.0999399,0.101253,0.0994618,0.119301,0.0990322,0.106578,0.107599,0.0861295,0.0957689,0.0849375
0.0999409,0.100643,0.0993767,0.118897,0.100722,0.105073,0.107404,0.0861249,0.0961208,0.0856975
0.100265,0.105015,0.100741,0.114742,0.0934697,0.113352,0.105898,0.0861615,0.0972208,0.083135
0.10111,0.100668,0.0993956,0.11897,0.0992469,0.10718,0.107454,0.08527,0.0963518,0.0843541
0.102582,0.100979,0.0999704,0.115831,0.0961803,0.111084,0.106566,0.0858907,0.0972072,0.0837098
0.100559,0.104295,0.100423,0.115819,0.0947676,0.112082,0.106208,0.0855236,0.0971925,0.0831302
0.100849,0.10316,0.100139,0.116028,0.0961367,0.110406,0.106302,0.0858546,0.0971626,0.0839618
0.102223,0.100285,0.101275,0.116329,0.0996978,0.107285,0.105779,0.0858482,0.0966009,0.0846761
0.101026,0.100975,0.0997817,0.11778,0.0982404,0.108457,0.107208,0.0857523,0.0965035,0.0842771
0.0999896,0.0992939,0.101939,0.117719,0.103934,0.102462,0.105967,0.086804,0.0953127,0.0865785
0.100179,0.104375,0.100568,0.116475,0.0938197,0.113108,0.106652,0.0856723,0.0965831,0.0825683
0.0984088,0.102684,0.0994917,0.122641,0.0983685,0.107254,0.108715,0.0846706,0.0946579,0.0831085
0.0979498,0.105963,0.100256,0.121169,0.0949392,0.111457,0.108003,0.0837516,0.0952805,0.081231
0.0985529,0.0999572,0.0995198,0.12265,0.10089,0.105499,0.10926,0.0852488,0.0944014,0.0840211
0.0984344,0.100686,0.0992921,0.12239,0.101083,0.105508,0.10934,0.0851766,0.0942518,0.0838373
0.0989815,0.104356,0.0999253,0.119303,0.0957542,0.110563,0.107835,0.0853697,0.0952906,0.0826213
0.100078,0.102332,0.100025,0.119483,0.0955223,0.111115,0.108043,0.0855339,0.0953129,0.0825562
0.0984195,0.101558,0.0991916,0.121708,0.0999366,0.106688,0.109454,0.0856919,0.0938614,0.083491
0.0977758,0.106437,0.0999529,0.12017,0.0955428,0.110627,0.107893,0.0845279,0.0951295,0.0819438
0.0980244,0.106737,0.100726,0.118635,0.0931894,0.113259,0.107219,0.0848949,0.0957176,0.081599
0.0990505,0.10625,0.100785,0.117367,0.0928287,0.114148,0.106808,0.0849104,0.0962976,0.081555
0.0991238,0.104351,0.100094,0.12018,0.0949945,0.111749,0.108085,0.084569,0.0952329,0.0816211
0.0995474,0.104594,0.0999299,0.117104,0.0956796,0.110715,0.107092,0.0860595,0.095942,0.0833367
0.0981344,0.107834,0.0997222,0.120092,0.0947463,0.112456,0.108108,0.0834668,0.0950285,0.0804113
0.0992797,0.105519,0.100036,0.117996,0.0954696,0.111186,0.107089,0.0848131,0.0961762,0.082435
0.100214,0.10444,0.100373,0.11638,0.0950221,0.11167,0.106377,0.0854107,0.0969986,0.083115
0.0997218,0.107199,0.100875,0.116198,0.0924813,0.115154,0.106085,0.0839526,0.0973173,0.0810165
0.102059,0.103125,0.100243,0.113203,0.0947632,0.112421,0.105658,0.0868118,0.0976613,0.0840558
0.101718,0.10405,0.100568,0.114337,0.0936528,0.113996,0.105818,0.085508,0.0977104,0.082643
0.101304,0.104889,0.100421,0.114101,0.0940655,0.113394,0.105701,0.0855354,0.0977224,0.0828653
0.101707,0.104444,0.100223,0.114291,0.0942869,0.11344,0.10596,0.0854554,0.0975296,0.0826638
0.101031,0.100492,0.0992421,0.117658,0.0996954,0.106168,0.107118,0.0865954,0.0963332,0.0856668
0.103188,0.101379,0.0998951,0.112656,0.095957,0.111239,0.10573,0.0872094,0.0979749,0.0847716
0.101532,0.103719,0.0995653,0.115129,0.096743,0.110449,0.106353,0.0856868,0.097134,0.0836882
0.102353,0.103547,0.100001,0.112814,0.095174,0.112273,0.105595,0.086446,0.0979141,0.0838831
0.103269,0.0995264,0.0995994,0.114161,0.0979314,0.108771,0.106069,0.0873622,0.0975498,0.0857603
0.103504,0.0988752,0.099568,0.11562,0.0995353,0.107024,0.106364,0.0870026,0.0967851,0.0857217
0.101642,0.104156,0.0998225,0.11402,0.0962147,0.110952,0.105751,0.0858017,0.0977377,0.083902
0.103537,0.0981456,0.0999321,0.116794,0.100315,0.105877,0.106295,0.0867045,0.0965446,0.085855
0.102381,0.101464,0.100065,0.113285,0.0966792,0.109814,0.10543,0.0872694,0.0980312,0.085582
0.104401,0.0984614,0.0996493,0.112988,0.097758,0.1092,0.105724,0.087784,0.0979602,0.0860749
0.102442,0.100742,0.0998275,0.113728,0.0977918,0.108475,0.105579,0.0873777,0.0979191,0.0861186
0.101697,0.0995738,0.0993589,0.116907,0.0995473,0.10635,0.106854,0.0869964,0.0966596,0.0860568
0.102631,0.0991753,0.0990627,0.116326,0.100476,0.10584,0.106695,0.0867926,0.0968625,0.0861391
0.102824,0.0991296,0.0987936,0.113654,0.101034,0.104878,0.105954,0.0884745,0.0973277,0.0879315
0.102238,0.100951,0.0998289,0.114639,0.0975902,0.10884,0.105928,0.0868678,0.0976389,0.0854776
0.103122,0.100538,0.0999375,0.113558,0.0969377,0.109902,0.10563,0.0869805,0.0980639,0.0853298
0.101903,0.102346,0.100201,0.112218,0.0965486,0.109555,0.104881,0.0877512,0.0983819,0.0862133
0.104062,0.0973742,0.100223,0.115159,0.10144,0.104102,0.105358,0.0880028,0.096732,0.087548
0.101048,0.102838,0.100421,0.113799,0.0956991,0.110315,0.105603,0.0871827,0.0979231,0.0851709
0.104057,0.0975937,0.100397,0.116699,0.102061,0.103626,0.105534,0.0869229,0.0963637,0.086745
0.102342,0.099391,0.0994723,0.115806,0.0989868,0.107162,0.106514,0.0872093,0.0970472,0.0860691
0.104001,0.0980527,0.10161,0.115754,0.102911,0.101691,0.104156,0.0879733,0.0958962,0.0879557
0.103802,0.0990025,0.099567,0.112311,0.0989441,0.10736,0.105114,0.0880722,0.0985097,0.0873174
0.102295,0.100473,0.0996028,0.114571,0.0988381,0.107309,0.105794,0.0870428,0.0977954,0.0862788
0.103439,0.097695,0.100565,0.116855,0.102752,0.102315,0.105363,0.0875257,0.0959759,0.0875144
0.105666,0.0969194,0.101983,0.114125,0.102776,0.102058,0.103438,0.0884725,0.0962802,0.0882822
0.103715,0.0978996,0.100832,0.116183,0.102282,0.102804,0.105024,0.0876581,0.0961335,0.0874685
0.104658,0.096849,0.100147,0.114226,0.101264,0.104426,0.105167,0.0883623,0.0970628,0.0878368
0.101971,0.09952,0.0992691,0.116252,0.100179,0.1057,0.106471,0.0869864,0.0971137,0.086537
0.102625,0.0990562,0.0992104,0.115413,0.100474,0.10555,0.106143,0.087103,0.0975417,0.0868841
0.103755,0.0976189,0.100767,0.116205,0.102444,0.102602,0.105085,0.0878153,0.0960723,0.0876339
0.103214,0.0980875,0.100003,0.11619,0.101332,0.104198,0.105906,0.087687,0.0963044,0.0870777
0.102671,0.0992286,0.099424,0.114785,0.0997885,0.106188,0.10595,0.0874946,0.0975595,0.0869114
0.101799,0.0989715,0.0990445,0.117759,0.100938,0.104943,0.107053,0.0865847,0.0966111,0.0862969
0.101703,0.101053,0.0993955,0.115698,0.0995137,0.10658,0.106134,0.0864614,0.0974762,0.0859859
0.102516,0.100447,0.100087,0.114654,0.100127,0.10554,0.105136,0.0870403,0.0976238,0.086829
0.105692,0.0970615,0.10349,0.114288,0.104174,0.0995129,0.102178,0.089203,0.0952187,0.0891829
0.104768,0.0970373,0.101997,0.114674,0.102779,0.101559,0.10373,0.0890923,0.0957054,0.0886582
0.102419,0.0996615,0.100457,0.114018,0.101192,0.103528,0.104606,0.0885474,0.097131,0.0884396
0.10408,0.09878,0.100965,0.112161,0.100312,0.104749,0.103863,0.0890937,0.0975388,0.0884575
0.103562,0.0996275,0.100718,0.112033,0.0999466,0.105241,0.103944,0.0887574,0.0979136,0.0882573
0.104584,0.0983786,0.101826,0.113193,0.102304,0.102229,0.103164,0.0887472,0.0968162,0.0887585
0.102017,0.0991272,0.100223,0.116752,0.102562,0.102186,0.105466,0.0875753,0.0962552,0.0878368
0.104688,0.0974715,0.10242,0.115663,0.104264,0.099865,0.103289,0.0882873,0.0954443,0.088609
0.105992,0.0961388,0.102431,0.114027,0.103618,0.100723,0.103036,0.0892182,0.0957671,0.0890495
0.106197,0.0973665,0.102943,0.109548,0.101152,0.102784,0.101554,0.0911649,0.0970418,0.0902503
0.105665,0.0976701,0.102461,0.110676,0.101585,0.102599,0.102121,0.0903409,0.097073,0.0898088
0.106331,0.0972367,0.104114,0.111385,0.103034,0.100247,0.101012,0.0906803,0.0957783,0.0901807
0.106665,0.0968875,0.10386,0.114213,0.103443,0.100687,0.102046,0.0886575,0.0952778,0.0882619
0.105116,0.0977296,0.1029,0.114586,0.102566,0.101632,0.103018,0.0887466,0.0955122,0.0881955
0.105886,0.0967865,0.105509,0.114521,0.104743,0.099004,0.101411,0.089356,0.0940737,0.0887087
0.106223,0.0949693,0.103283,0.115735,0.104714,0.0989932,0.103124,0.0898884,0.0939287,0.089141
0.102402,0.0996091,0.10077,0.116761,0.100579,0.104578,0.105541,0.0872584,0.0960275,0.0864735
0.104031,0.0982283,0.102835,0.11805,0.103651,0.101048,0.104088,0.086794,0.0946715,0.0866036
0.103876,0.0973223,0.101591,0.118329,0.10298,0.101807,0.105193,0.087291,0.0947926,0.0868179
0.100995,0.0999446,0.102555,0.117795,0.103684,0.100693,0.104592,0.0876027,0.0946697,0.0874671
0.105296,0.0978903,0.104685,0.116809,0.10488,0.098852,0.10215,0.0877858,0.0939842,0.0876678
0.101053,0.100664,0.0998494,0.116266,0.0999758,0.105186,0.10611,0.0875668,0.0965108,0.0868187
0.106124,0.0966249,0.104221,0.115013,0.103815,0.10007,0.102253,0.0890078,0.0945219,0.0883483
0.104787,0.0986164,0.10202,0.116795,0.103178,0.101963,0.104233,0.0869813,0.0949664,0.0864598
0.103365,0.0977367,0.102564,0.118622,0.105016,0.0994192,0.104569,0.0876997,0.0936612,0.0873472
0.105781,0.0967516,0.104375,0.115905,0.107207,0.09722,0.102302,0.0887069,0.0932739,0.0884788
0.104577,0.0984513,0.103693,0.117554,0.10467,0.0994523,0.10305,0.0872193,0.0941599,0.0871726
0.105786,0.095911,0.107051,0.116678,0.109487,0.0948784,0.100749,0.0880263,0.0927817,0.088651
0.107085,0.0959496,0.105044,0.115261,0.105539,0.0977172,0.101324,0.0892857,0.0937769,0.0890173
0.107609,0.0947984,0.108136,0.11481,0.11084,0.0931076,0.0993598,0.089592,0.0919058,0.0898407
0.10708,0.0956757,0.104069,0.116295,0.1054,0.0986364,0.102345,0.0882852,0.0940808,0.0881319
0.104878,0.0956364,0.106362,0.116634,0.108062,0.0961416,0.101689,0.0889347,0.0927908,0.0888708
0.107937,0.0951868,0.105512,0.116639,0.10711,0.0970013,0.101472,0.0881275,0.0930565,0.0879577
0.104396,0.097302,0.103182,0.11866,0.105391,0.0984167,0.103578,0.0874449,0.0939145,0.0877149
0.10355,0.1001,0.100874,0.117704,0.104872,0.100515,0.104894,0.0862489,0.094802,0.0864403
0.103319,0.0983358,0.102283,0.119009,0.104604,0.0995407,0.104379,0.0868977,0.0944108,0.0872214
0.107818,0.0968746,0.105518,0.114425,0.107893,0.0966829,0.100695,0.0882768,0.0934944,0.0883232
0.107196,0.0953479,0.10556,0.120061,0.108462,0.0956874,0.101976,0.0861767,0.0926033,0.0869302
0.105126,0.096869,0.102324,0.119157,0.105789,0.0989674,0.104316,0.0865916,0.0939935,0.0868668
0.105467,0.0939563,0.106867,0.121424,0.11225,0.0925217,0.102061,0.0866333,0.0910831,0.0877365
0.104477,0.0983748,0.101676,0.115677,0.100574,0.104834,0.104612,0.0874139,0.0960243,0.0863381
0.104566,0.0948942,0.10876,0.116821,0.111204,0.0935096,0.10055,0.0889767,0.0915512,0.0891671
0.104531,0.0976746,0.104538,0.116854,0.110095,0.0950782,0.102444,0.0880055,0.0924421,0.0883379
0.10488,0.0976764,0.104549,0.119459,0.108314,0.0966949,0.102967,0.0860751,0.0928109,0.0865734
0.10533,0.0963141,0.106084,0.116795,0.112407,0.0932716,0.101583,0.0881322,0.0915416,0.0885403
0.102395,0.0994313,0.102506,0.117817,0.105672,0.098712,0.104094,0.0875074,0.094108,0.0877575
0.106084,0.0964829,0.105336,0.117359,0.111544,0.0935838,0.101604,0.0875216,0.0921202,0.0883653
0.104331,0.0973241,0.1034,0.120411,0.106509,0.0974817,0.103805,0.0865429,0.093189,0.0870059
0.102846,0.0986913,0.100493,0.118456,0.102492,0.102879,0.105852,0.0862207,0.0957991,0.0862712
0.107098,0.0962545,0.103797,0.117345,0.109301,0.0950946,0.10235,0.08807,0.0923761,0.0883129
0.1057,0.0961309,0.106172,0.117285,0.107982,0.0961978,0.101473,0.0878099,0.0930731,0.0881759
0.104198,0.0963078,0.101613,0.120185,0.105514,0.0991528,0.105314,0.0868124,0.0938872,0.0870146
0.105733,0.0939871,0.106029,0.121534,0.111037,0.093232,0.102526,0.0870313,0.0911155,0.0877764
0.104934,0.0956107,0.102878,0.120735,0.106383,0.097745,0.104441,0.0869581,0.0931193,0.0871961
0.107122,0.0937046,0.105292,0.120595,0.108968,0.0942226,0.102342,0.0879225,0.0915547,0.0882773
0.105709,0.0963425,0.104302,0.117698,0.106977,0.0963405,0.102226,0.0882287,0.0934229,0.0887533
0.108507,0.0947586,0.1055,0.113473,0.105187,0.097999,0.100579,0.0902162,0.0941016,0.0896789
0.106442,0.0961106,0.104435,0.11574,0.10525,0.0981738,0.101918,0.0890048,0.0940603,0.0888646
0.108435,0.0967677,0.105896,0.113624,0.10635,0.0970665,0.0997972,0.0887387,0.0942925,0.0890323
0.109281,0.0951442,0.105929,0.114163,0.109764,0.0935289,0.0994428,0.0893091,0.0931758,0.0902621
0.107943,0.0952916,0.105229,0.1147,0.106843,0.0964414,0.100622,0.0891202,0.0941691,0.0896407
0.107657,0.0951967,0.105109,0.115722,0.10686,0.0964872,0.101089,0.0888396,0.093808,0.0892321
0.110885,0.0936179,0.10849,0.113155,0.10854,0.0935609,0.0977521,0.0905455,0.0926879,0.0907662
0.110704,0.0936636,0.10761,0.112563,0.107199,0.0953047,0.0984416,0.0906584,0.0933451,0.0905102
0.108761,0.094725,0.106428,0.11422,0.10706,0.0956704,0.0997334,0.0899113,0.0934567,0.0900343
0.112293,0.0928054,0.10895,0.114169,0.109059,0.0935443,0.097676,0.0894468,0.0923623,0.0896942
0.109775,0.0942815,0.106721,0.11339,0.106219,0.0967181,0.0994926,0.0900617,0.0936257,0.0897158
0.109329,0.0943625,0.106829,0.113348,0.105453,0.0972028,0.0996853,0.0907034,0.0932965,0.0897909
0.109029,0.095016,0.105648,0.113254,0.106416,0.0969396,0.0999612,0.0895026,0.0944556,0.0897777
0.108846,0.095461,0.10453,0.110996,0.103786,0.100152,0.100462,0.0900621,0.095963,0.0897417
0.109418,0.0963912,0.106184,0.112611,0.104753,0.098989,0.0995181,0.0885358,0.0950924,0.0885084
0.109428,0.0955319,0.106155,0.112981,0.105756,0.0977036,0.0995681,0.0890409,0.0946538,0.0891813
0.109486,0.0958695,0.103261,0.110537,0.101827,0.103783,0.101377,0.0884173,0.0974937,0.0879494
0.10905,0.0963412,0.105178,0.111714,0.104078,0.0999708,0.10003,0.0889047,0.0958625,0.0888709
0.110369,0.0945585,0.105824,0.112662,0.106121,0.09775,0.099625,0.0888922,0.0949801,0.0892182
0.110437,0.0961905,0.10573,0.111113,0.103812,0.100638,0.0994157,0.0882811,0.0961706,0.0882125
0.107623,0.0985058,0.103847,0.113916,0.102448,0.102974,0.101688,0.0861574,0.0966301,0.0862103
0.109786,0.0957812,0.105498,0.113094,0.104356,0.100041,0.100262,0.0880015,0.0953354,0.0878454
0.11416,0.0938689,0.108938,0.11026,0.106,0.0974759,0.0967415,0.0890759,0.0945964,0.0888842
0.112189,0.0949745,0.106894,0.109231,0.103673,0.100317,0.0981793,0.0896075,0.0959194,0.089015
0.11297,0.093971,0.109479,0.111698,0.107282,0.0953559,0.0967237,0.0895983,0.0933972,0.0895251
0.113842,0.0936529,0.108754,0.110417,0.106507,0.096812,0.0968455,0.0893612,0.0944737,0.0893351
0.109754,0.0971986,0.105395,0.110687,0.102839,0.101768,0.0995961,0.088142,0.0966586,0.0879614
0.113468,0.0949893,0.109559,0.108789,0.106165,0.0965085,0.0957027,0.0899721,0.094795,0.0900507
0.115821,0.0955181,0.109511,0.105057,0.102662,0.101213,0.0949121,0.0895546,0.0969307,0.08882
