0,1,2,3,4,5,6,7,8,9
1,1,1,1,1,1,1,1,1,1
1.00482,0.995783,1.01787,0.979411,0.982696,0.992318,1.00637,1.0356,1.00735,0.99927
1.02323,1.01223,1.01205,0.971272,0.997666,1.00618,0.997087,1.02861,0.999593,0.987761
1.02353,1.00888,1.00578,0.976005,0.983721,1.01292,0.992202,1.03844,1.01945,0.988543
1.03667,1.00586,0.995336,0.984962,0.986725,1.03655,0.983945,1.03355,1.03144,0.980865
1.02815,1.02519,0.997577,0.981487,0.992093,1.05114,0.98165,1.02672,1.02205,0.977013
1.02437,1.01974,1.00133,0.987684,0.998416,1.0345,0.987151,1.02413,1.03376,0.983308
1.01202,1.02572,0.999751,0.980744,0.998294,1.03277,0.970046,1.01879,1.03558,0.985894
1.01359,1.00828,0.994174,0.979433,1.01681,1.05221,0.988199,1.02282,1.04682,0.998766
0.995836,1.00927,0.994883,0.978346,1.0213,1.05248,0.993711,1.01903,1.04896,1.01487
0.982506,1.00972,0.9997,0.98166,1.03103,1.02894,0.989691,1.01235,1.04272,1.01928
0.965725,1.00702,0.983868,0.991687,1.0171,1.04259,0.998517,1.01088,1.05865,1.01667
0.95983,1.02306,0.977771,0.988582,1.02089,1.05136,0.992084,1.01122,1.04554,1.02353
0.952259,1.02214,0.972898,0.995857,1.02,1.05904,1.00168,1.01047,1.05575,1.0322
0.953868,1.02967,0.960798,0.995631,1.01494,1.05448,1.001,1.01765,1.05805,1.02174
0.96778,1.02912,0.957685,0.984534,1.01725,1.05514,1.00346,1.01102,1.05574,1.03583
0.971515,1.04763,0.953338,0.987452,1.00449,1.06444,1.01209,1.00952,1.06882,1.03083
0.97083,1.0486,0.941214,0.979096,0.987549,1.05578,0.99909,1.00863,1.07639,1.03285
0.97569,1.05303,0.938339,0.966248,0.978662,1.08265,1.01341,0.994221,1.06899,1.0306
0.973273,1.04714,0.922236,0.970097,0.993607,1.07344,1.00625,1.00906,1.05446,1.03061
0.985606,1.04764,0.923914,0.963757,0.982627,1.08013,1.00348,1.00247,1.05711,1.02484
0.975842,1.04063,0.908774,0.966415,0.976892,1.08143,1.00031,0.994576,1.06479,1.023
0.966256,1.03551,0.91317,0.966802,0.96803,1.07437,1.01574,0.985454,1.08457,1.02545
0.962559,1.03947,0.912993,0.985139,0.966799,1.0833,1.03027,0.981971,1.07681,1.0194
0.954156,1.0327,0.904131,0.984628,0.973161,1.08815,1.04395,0.97938,1.06701,1.01933
0.945379,1.04677,0.902431,0.973863,0.979242,1.10087,1.04324,0.978032,1.06979,1.02067
0.940122,1.04995,0.878757,0.985875,0.979931,1.10253,1.06349,0.974981,1.06313,1.03161
0.939478,1.04412,0.874703,0.98904,0.976401,1.10118,1.05485,0.97448,1.06587,1.02946
0.948489,1.04151,0.873918,0.983845,0.96997,1.10971,1.0707,0.980469,1.05504,1.02245
0.945485,1.04664,0.863415,0.984136,0.96761,1.12149,1.07848,0.970881,1.05104,1.02098
0.955045,1.05004,0.864261,0.991045,0.953861,1.13341,1.07303,0.986428,1.04484,1.01298
0.958055,1.03987,0.866374,0.971908,0.957902,1.13328,1.07917,0.983215,1.03728,1.00515
0.961547,1.05178,0.881872,0.970865,0.946083,1.13897,1.07801,0.99594,1.04227,0.994945
0.964567,1.0403,0.881229,0.979919,0.943835,1.14687,1.08326,0.995028,1.04865,0.994916
0.962659,1.02944,0.87763,0.985749,0.951826,1.15004,1.08789,1.0189,1.05309,1.01898
0.984359,1.04089,0.88292,0.996511,0.953783,1.15212,1.09975,1.03145,1.0375,1.01163
0.984481,1.04852,0.886473,1.01291,0.956871,1.15669,1.09248,1.0346,1.02456,1.01303
1.0012,1.04812,0.889655,1.00754,0.966166,1.16769,1.08633,1.03604,1.01755,1.01554
1.00439,1.02956,0.877978,1.00286,0.976591,1.17038,1.10834,1.04293,1.01967,1.02831
1.00764,1.05002,0.883815,0.98306,0.987943,1.18441,1.11708,1.04879,1.0121,1.02113
1.00575,1.0316,0.875028,0.996567,0.988577,1.19249,1.12152,1.05159,1.00943,1.02001
1.00085,1.0108,0.860834,0.995279,0.999961,1.20269,1.1232,1.05189,1.00953,1.01026
1.01226,1.00895,0.849409,0.994259,1.0067,1.19455,1.12845,1.05509,0.979179,0.98791
1.02777,0.997802,0.853519,0.994052,0.997194,1.18922,1.14258,1.08507,0.981498,0.970028
1.00326,0.996334,0.854137,0.99561,1.01976,1.16933,1.13411,1.09027,0.992449,0.954955
0.992897,0.984441,0.862187,0.998182,1.02014,1.17341,1.14096,1.08034,0.98477,0.95365
1.0017,0.971124,0.859415,0.995147,1.02504,1.17819,1.13752,1.07876,1.00115,0.964466
0.992367,0.971781,0.86085,0.99131,1.02031,1.16803,1.12623,1.07369,0.997768,0.960642
0.999976,0.960209,0.860837,0.998419,1.01718,1.17364,1.09845,1.06963,0.994382,0.954697
0.996062,0.960926,0.870248,0.989836,1.02412,1.17414,1.10183,1.06875,0.99054,0.965563
1.00269,0.955923,0.868667,0.996533,1.01801,1.17986,1.11866,1.07403,1.00359,0.957991
1.001,0.972786,0.86567,1.00489,1.008,1.15527,1.1128,1.09137,1.00326,0.941835
1.00985,0.966964,0.867121,0.996965,1.01133,1.14376,1.11545,1.09445,1.00213,0.949668
1.00387,0.946966,0.871759,0.976661,1.00894,1.12092,1.10403,1.09772,0.991754,0.948043
1.01836,0.957777,0.868433,0.978315,1.00747,1.119,1.11298,1.10042,0.9744,0.956223
1.01671,0.970388,0.874012,0.992206,1.01201,1.10017,1.11227,1.10251,0.961196,0.964612
1.03001,0.970002,0.874564,0.98177,1.01912,1.10913,1.11816,1.10333,0.955547,0.972639
1.03245,0.965572,0.884968,0.978825,1.024,1.10346,1.11459,1.10026,0.982156,0.962008
1.03545,0.970563,0.881093,0.959942,1.0134,1.10518,1.11897,1.11156,0.993305,0.963716
1.03711,0.967253,0.887217,0.96035,0.992129,1.12433,1.13952,1.11169,0.987296,0.97453
1.03269,0.974279,0.88247,0.958382,0.995599,1.12469,1.17375,1.12219,0.980845,0.966172
1.01329,0.972603,0.878379,0.958888,0.993535,1.14285,1.16577,1.1186,0.974165,0.945907
1.02728,0.997829,0.87416,0.971862,0.981388,1.161,1.15081,1.13893,0.983781,0.953043
1.02788,0.990095,0.884133,0.976978,0.990366,1.15897,1.12886,1.12512,0.988742,0.968096
1.04175,0.994408,0.881226,0.970839,0.988271,1.16645,1.13684,1.1131,0.996877,0.977117
1.06339,0.992147,0.892804,0.967294,0.959851,1.15957,1.13813,1.10355,0.97315,0.964855
1.06411,0.983276,0.892547,0.971111,0.962573,1.15509,1.15056,1.11142,0.956789,0.980205
1.05559,0.975795,0.881398,0.970574,0.966227,1.15936,1.16307,1.10034,0.956877,0.984031
1.0717,0.968351,0.874941,0.981885,0.970367,1.14288,1.13362,1.10475,0.957669,0.990118
1.07039,0.962994,0.861388,0.986293,0.976715,1.14473,1.11691,1.09652,0.954849,0.973089
1.05574,0.976651,0.870038,0.978955,0.975402,1.13319,1.12895,1.10311,0.948338,0.986926
1.05903,0.971025,0.882786,0.972757,0.990314,1.11609,1.12706,1.11665,0.938648,0.998274
1.06021,0.974042,0.867905,0.976207,0.98345,1.11263,1.12238,1.12547,0.934329,1.0129
1.0751,0.974127,0.869005,0.975696,1.00064,1.09609,1.11572,1.11059,0.930353,1.03247
1.07493,0.959381,0.872211,0.983419,1.0143,1.08075,1.12033,1.11613,0.938009,1.02477
1.06748,0.957765,0.854087,0.972437,1.00421,1.10037,1.1254,1.11713,0.942441,1.01429
1.06573,0.958645,0.858293,0.962697,1.02582,1.10971,1.12698,1.10504,0.944732,1.00546
1.05689,0.95518,0.854737,0.960068,1.03474,1.10422,1.09946,1.1132,0.939695,0.99011
1.05916,0.944688,0.856061,0.968251,1.03138,1.1021,1.08997,1.1204,0.935025,0.992838
1.05536,0.958912,0.860356,0.972091,1.03011,1.11117,1.0896,1.12835,0.93006,0.964608
1.0554,0.959899,0.848462,0.964728,1.02766,1.11053,1.07963,1.12475,0.922708,0.945351
1.05957,0.956518,0.853178,0.947389,1.01107,1.12401,1.08429,1.1312,0.914133,0.935951
1.06954,0.959354,0.848906,0.932407,1.01208,1.13747,1.07771,1.15343,0.929675,0.937937
1.06216,0.961041,0.849443,0.93972,1.00358,1.13391,1.06427,1.16849,0.92736,0.937815
1.07078,0.957233,0.847023,0.949923,1.01548,1.1428,1.05692,1.17601,0.910535,0.934967
1.07593,0.951129,0.856635,0.962525,1.02469,1.12442,1.051,1.19797,0.928135,0.939821
1.07588,0.95078,0.845292,0.95633,1.0224,1.12935,1.06658,1.20393,0.928337,0.939211
1.05683,0.950749,0.848495,0.961703,1.03461,1.12646,1.05278,1.21356,0.926003,0.927612
1.05927,0.963345,0.845307,0.974286,1.0259,1.13802,1.08392,1.22307,0.928793,0.932993
1.06351,0.966738,0.849571,0.975284,1.0169,1.12133,1.07723,1.22472,0.928235,0.939086
1.07504,0.979358,0.846599,0.983407,1.00802,1.10659,1.06868,1.23763,0.937514,0.932999
1.0641,0.986684,0.866217,0.973734,1.00584,1.09908,1.06339,1.22358,0.943602,0.929234
1.05878,0.966748,0.859746,0.974395,1.00039,1.08863,1.05599,1.22913,0.933429,0.942615
1.06047,0.96566,0.86061,0.964246,1.0006,1.0844,1.04972,1.23752,0.926466,0.949903
1.05862,0.977952,0.858314,0.969476,0.997259,1.07547,1.05446,1.23284,0.928944,0.960739
1.05466,0.986478,0.86249,0.965225,0.993586,1.0618,1.04227,1.24443,0.937753,0.961359
1.04897,1.01143,0.87415,0.971125,0.982784,1.06505,1.04895,1.24684,0.938528,0.9787
1.05961,1.02121,0.879402,0.975386,0.969257,1.03621,1.05788,1.24983,0.959349,0.98075
1.04977,1.0214,0.887567,0.973458,0.973208,1.02159,1.05363,1.27054,0.968586,0.981187
1.04916,1.00703,0.903199,0.974194,0.969442,1.01622,1.05968,1.27143,0.968014,0.96468
1.0457,1.0134,0.91398,0.977759,0.976216,1.01963,1.04722,1.28074,0.96095,0.976413
1.037,1.00014,0.914548,0.985945,0.983714,1.02267,1.04199,1.27404,0.980474,0.979509
1.05092,1.02141,0.90342,0.994354,1.00495,1.02636,1.04905,1.29981,0.99476,0.97155
1.04807,1.01167,0.901267,1.00174,1.01083,1.02507,1.06203,1.28051,1.00047,0.966071
1.0464,1.01537,0.905513,0.993251,1.00745,1.01877,1.05147,1.28377,0.997511,0.955136
1.03564,1.00345,0.908654,1.00965,1.0135,1.0258,1.05812,1.28621,1.0136,0.966451
1.03413,1.01008,0.912968,1.00828,1.01494,1.02615,1.05778,1.27469,1.01915,0.951595
1.02949,1.02053,0.909663,1.01671,1.0018,1.02893,1.06829,1.27684,1.01337,0.950889
1.04136,1.0302,0.910562,1.01945,1.01083,1.02951,1.05385,1.28465,1.01364,0.964812
1.03976,1.03229,0.901766,1.01544,1.02353,1.03279,1.06732,1.29824,1.01098,0.9633
1.01774,1.03853,0.886563,1.01708,1.02004,1.03168,1.07693,1.29007,1.02286,0.964058
1.01454,1.04203,0.886437,1.00497,1.01243,1.03261,1.08929,1.29239,1.01768,0.962384
1.00459,1.03619,0.889078,1.009,1.00757,1.03507,1.09079,1.30259,1.03772,0.973284
1.00133,1.02367,0.882809,1.01695,0.994811,1.03869,1.1157,1.30779,1.01893,0.962885
0.999859,1.04018,0.887746,1.01071,0.997766,1.04763,1.11599,1.33718,1.01672,0.962018
1.00363,1.02463,0.87155,1.00207,1.00207,1.05388,1.11835,1.32586,1.02378,0.985264
1.00058,1.02738,0.866938,1.00173,0.998797,1.06513,1.13638,1.31744,1.03074,0.985643
1.01441,1.03575,0.862391,1.01717,0.994071,1.05423,1.12003,1.31752,1.0363,0.995919
1.02724,1.02121,0.850151,1.00858,0.985796,1.04349,1.15062,1.30638,1.03849,0.996313
1.04273,1.02113,0.84774,1.00636,0.988196,1.05835,1.14351,1.31057,1.04949,0.99472
1.02783,1.03393,0.849167,1.00371,0.985237,1.04286,1.14659,1.3023,1.04406,0.978125
1.01349,1.01625,0.855881,1.01509,0.990257,1.04992,1.14069,1.27969,1.02793,0.969889
1.00799,1.01485,0.851974,1.01252,1.00554,1.05029,1.11366,1.26331,1.03094,0.966582
1.00362,1.02814,0.845968,1.00688,1.01479,1.04438,1.07991,1.25871,1.02166,0.962187
0.984556,1.02626,0.838175,0.998613,1.01849,1.03515,1.09291,1.2511,1.03118,0.973474
0.979346,1.0485,0.828593,1.0007,1.02763,1.03947,1.10685,1.24432,1.02653,0.973818
0.971326,1.05524,0.852242,0.997884,1.04104,1.03151,1.12056,1.23297,1.01528,0.983554
0.961189,1.06522,0.840422,1.00988,1.04868,1.0485,1.12581,1.24361,1.01857,0.985987
0.974708,1.06432,0.835022,1.00722,1.03053,1.04095,1.13028,1.23031,1.0243,0.992512
0.977269,1.10338,0.823002,1.02523,1.02462,1.04434,1.14312,1.23853,1.03511,0.989669
0.985647,1.09306,0.827929,1.01054,1.04783,1.04456,1.12961,1.21767,1.02993,0.99982
0.962411,1.10298,0.814902,1.02824,1.05371,1.0319,1.12638,1.20909,1.03501,1.00389
0.950389,1.11076,0.808164,1.04517,1.05056,1.046,1.11333,1.20004,1.05486,0.99194
0.960291,1.121,0.811188,1.05511,1.04009,1.04687,1.12409,1.20503,1.04526,0.974846
0.948151,1.13352,0.806577,1.07053,1.04074,1.06356,1.10984,1.21244,1.0389,0.972395
0.93351,1.1228,0.809519,1.05991,1.0428,1.06533,1.11226,1.19941,1.04172,0.97313
0.940222,1.12451,0.815672,1.06063,1.03904,1.0751,1.10229,1.19832,1.05558,0.974903
0.939738,1.11951,0.806561,1.05961,1.05492,1.07849,1.10132,1.21139,1.03884,0.972211
0.933202,1.10391,0.817225,1.05336,1.03525,1.08637,1.1106,1.20977,1.04658,0.965406
0.941589,1.10485,0.822119,1.05943,1.02937,1.09764,1.09777,1.218,1.05459,0.960673
0.946473,1.10097,0.809298,1.04678,1.02146,1.10772,1.10331,1.23721,1.03862,0.945881
0.940169,1.09981,0.823487,1.03554,1.02031,1.09926,1.08563,1.23219,1.05928,0.939905
0.928273,1.1202,0.828471,1.00968,1.03337,1.09995,1.07407,1.22884,1.05426,0.950549
0.920447,1.11648,0.824638,1.00558,1.03374,1.10999,1.07001,1.24874,1.0777,0.960175
0.909387,1.10901,0.832473,1.03108,1.03834,1.13134,1.05696,1.24733,1.0936,0.967688
0.915861,1.08915,0.822522,1.03543,1.04074,1.14159,1.06111,1.24409,1.09341,0.967414
0.932057,1.08289,0.835614,1.05592,1.04062,1.14444,1.0582,1.24837,1.10615,0.964657
0.936571,1.07164,0.826902,1.03617,1.03901,1.15853,1.07187,1.22387,1.12589,0.968054
0.932693,1.06494,0.820056,1.05605,1.02594,1.13722,1.07369,1.22019,1.12829,0.952339
0.948132,1.07009,0.818095,1.05866,1.0194,1.13223,1.08295,1.23127,1.12223,0.940874
0.958746,1.08673,0.82176,1.05468,0.99396,1.11664,1.07856,1.2255,1.1277,0.942261
0.941612,1.07274,0.826703,1.05296,0.990276,1.13065,1.08838,1.23103,1.11216,0.940702
0.921423,1.08191,0.829911,1.06426,0.978146,1.13117,1.09604,1.24701,1.11041,0.945905
0.929084,1.06986,0.817959,1.08678,0.972968,1.13539,1.1236,1.2442,1.1141,0.943957
0.903413,1.0752,0.820508,1.09042,0.978908,1.11658,1.13108,1.25982,1.11855,0.942924
0.905588,1.06046,0.819826,1.10305,0.972555,1.1043,1.136,1.26034,1.10756,0.931659
0.892607,1.0576,0.825534,1.10102,0.960536,1.11311,1.13471,1.25398,1.10851,0.943559
0.890171,1.03727,0.832969,1.09916,0.963294,1.10364,1.15298,1.27396,1.11388,0.947551
0.89331,1.05002,0.841661,1.0731,0.956421,1.0925,1.17024,1.26023,1.1162,0.970455
0.899702,1.04832,0.844699,1.07145,0.965746,1.087,1.16144,1.27125,1.111,0.996687
0.901513,1.04686,0.826401,1.06954,0.955766,1.1058,1.15119,1.26867,1.11379,1.01688
0.903619,1.05444,0.818694,1.07764,0.956494,1.10617,1.14795,1.28496,1.11944,1.01597
0.909249,1.05817,0.826642,1.06033,0.966694,1.09007,1.15284,1.29928,1.12746,0.99985
0.912439,1.07386,0.83386,1.06159,0.972007,1.09501,1.15419,1.31264,1.11661,1.00579
0.899799,1.06003,0.835573,1.06627,0.980494,1.09751,1.15118,1.31852,1.10105,0.998821
0.893773,1.06069,0.838801,1.06492,0.993076,1.10277,1.16286,1.32083,1.10575,1.00415
0.869797,1.06137,0.837399,1.05947,0.98349,1.10693,1.17798,1.31697,1.09738,1.00379
0.880017,1.05934,0.853105,1.07746,0.99488,1.11453,1.19446,1.31478,1.09249,1.01221
0.888642,1.06326,0.841477,1.0722,0.994351,1.10709,1.18596,1.32403,1.10469,1.02037
0.881099,1.06654,0.857554,1.06198,0.992392,1.11059,1.18742,1.32064,1.09029,1.03061
0.883519,1.07525,0.85246,1.05034,0.9909,1.11399,1.18814,1.30975,1.09293,1.04584
0.882473,1.06856,0.863564,1.06052,0.982621,1.10898,1.18984,1.30049,1.0886,1.03351
0.890671,1.05731,0.862124,1.05553,0.974862,1.11393,1.19547,1.30219,1.08078,1.03263
0.89971,1.07888,0.862018,1.06624,0.969281,1.12971,1.19896,1.29846,1.08536,1.02672
0.898348,1.07513,0.855568,1.06491,0.981977,1.12711,1.1945,1.30082,1.10658,1.04031
0.905904,1.06883,0.86494,1.05702,0.98761,1.12096,1.18185,1.31271,1.11441,1.034
0.906467,1.07467,0.854742,1.05263,0.990238,1.12633,1.17301,1.3174,1.12423,1.025
0.91596,1.08712,0.84215,1.04496,0.98875,1.13451,1.19879,1.35426,1.12933,1.01884
0.924995,1.06476,0.849335,1.04451,0.996225,1.1265,1.19621,1.35288,1.11923,1.02388
0.938697,1.06487,0.856865,1.04384,0.988981,1.12532,1.19715,1.36382,1.13022,1.0127
0.940647,1.05171,0.855001,1.04729,0.979948,1.15271,1.22713,1.34694,1.13202,1.00845
0.937693,1.04691,0.857632,1.04499,0.982907,1.14426,1.24176,1.33779,1.1269,1.01716
0.939995,1.04913,0.859027,1.02593,1.00117,1.13747,1.24176,1.33487,1.15218,1.01007
0.928166,1.06125,0.856775,1.0323,0.997376,1.12744,1.2353,1.33461,1.15535,1.00524
0.942132,1.05723,0.869281,1.03734,0.997486,1.10613,1.2212,1.32642,1.16658,0.997919
0.939112,1.07035,0.863089,1.05177,0.990723,1.10393,1.23281,1.33277,1.16332,0.986297
0.949141,1.06986,0.852807,1.04521,0.987022,1.10012,1.19192,1.31788,1.15535,0.981734
0.94158,1.04696,0.856982,1.05277,0.991314,1.10194,1.19079,1.3046,1.16491,0.976247
0.944545,1.02943,0.869537,1.05684,1.00513,1.10341,1.18229,1.3069,1.18402,0.974552
0.9548,1.0572,0.864661,1.05157,0.994659,1.11844,1.17191,1.28412,1.18214,0.975739
0.954482,1.04719,0.867005,1.05468,0.991868,1.13107,1.16403,1.29172,1.19693,0.984803
0.972524,1.04326,0.860583,1.05466,0.990731,1.14142,1.15095,1.30402,1.20418,0.992551
0.972272,1.04451,0.853019,1.05912,0.989998,1.13855,1.14337,1.28171,1.20715,0.976025
0.979662,1.05337,0.854311,1.06473,0.991562,1.12029,1.15499,1.28139,1.19163,0.992997
0.990958,1.06204,0.853405,1.08019,0.998056,1.10788,1.15516,1.26931,1.19129,0.991909
0.987545,1.0651,0.864043,1.08336,1.00428,1.10196,1.15554,1.26374,1.18996,1.0005
1.00394,1.06815,0.858891,1.07528,1.01718,1.11579,1.15147,1.27205,1.21334,0.990825
1.0099,1.05254,0.854901,1.07057,1.01445,1.12244,1.14553,1.28648,1.217,0.995785
1.01671,1.04653,0.838266,1.06625,1.02421,1.13498,1.13329,1.29628,1.21233,0.998024
1.00969,1.07564,0.837948,1.06297,1.02274,1.14365,1.14026,1.29017,1.19765,0.985236
1.00997,1.08641,0.826439,1.06118,1.02825,1.11756,1.16935,1.27415,1.19099,0.992993
0.985029,1.09605,0.825973,1.0732,1.03969,1.12211,1.16852,1.28437,1.19241,0.994231
0.985517,1.09074,0.815236,1.08724,1.03002,1.09445,1.17519,1.28187,1.18786,0.982281
0.988221,1.08333,0.820302,1.08206,1.02868,1.09257,1.18446,1.29442,1.20961,0.988634
0.987734,1.09142,0.80381,1.06637,1.03668,1.08709,1.17658,1.3001,1.19636,0.971742
1.01498,1.09033,0.793637,1.05613,1.04279,1.099,1.17995,1.30237,1.18256,0.981061
0.996312,1.10172,0.794401,1.05172,1.04837,1.08887,1.19144,1.30445,1.17678,0.978833
0.981401,1.08313,0.802436,1.04668,1.05962,1.08004,1.19055,1.32888,1.1878,0.985431
0.969214,1.09647,0.810483,1.03814,1.07101,1.09409,1.18913,1.31184,1.19058,1.00168
0.975799,1.09389,0.809336,1.03503,1.08529,1.08324,1.19429,1.29115,1.19549,0.997332
0.973827,1.11699,0.817926,1.03468,1.0826,1.09274,1.16866,1.28156,1.17834,0.994684
0.987615,1.12716,0.824532,1.03114,1.06551,1.08527,1.17777,1.27554,1.16704,1.01188
0.991039,1.12625,0.843676,1.02426,1.07601,1.07377,1.18618,1.25583,1.15855,0.994787
0.976791,1.12261,0.84517,1.03238,1.07467,1.10416,1.16637,1.25071,1.16457,0.988067
0.977862,1.12377,0.846047,1.02875,1.06498,1.1107,1.14502,1.26776,1.16603,0.961086
0.990816,1.11936,0.843583,1.00523,1.06204,1.1203,1.1299,1.24085,1.18558,0.974698
0.986785,1.11853,0.842122,1.00626,1.06336,1.11867,1.12216,1.21434,1.20715,0.968417
0.980462,1.11945,0.842761,1.0113,1.06262,1.13216,1.13413,1.20164,1.21133,0.967209
0.986234,1.12318,0.855635,1.01026,1.04171,1.12894,1.12073,1.20023,1.19941,0.991328
0.983083,1.12394,0.858984,1.01805,1.04609,1.10683,1.13075,1.21847,1.20666,0.983769
0.979004,1.12948,0.863155,1.02888,1.0281,1.11369,1.13134,1.23435,1.18776,0.963173
0.977342,1.12454,0.866168,1.01916,1.03183,1.09246,1.12921,1.22645,1.18407,0.979976
0.979569,1.10808,0.876634,1.01766,1.03473,1.08023,1.13518,1.23204,1.16396,0.971275
0.990128,1.09995,0.871248,1.01309,1.0369,1.10125,1.11901,1.2501,1.15275,0.985869
0.984138,1.09737,0.875156,0.995801,1.03826,1.10535,1.1141,1.26756,1.15238,0.979655
0.978694,1.07306,0.863514,0.966746,1.03291,1.11318,1.12254,1.28519,1.15495,0.966487
0.967545,1.0619,0.856506,0.972401,1.02709,1.10692,1.11376,1.26815,1.15566,0.958728
0.965455,1.06671,0.853177,0.983696,1.02621,1.09392,1.11938,1.25882,1.1625,0.960762
0.965349,1.05414,0.856529,0.983592,1.03957,1.07915,1.10714,1.23817,1.16042,0.973037
0.946615,1.03784,0.854501,0.977978,1.05325,1.06917,1.12501,1.24678,1.16647,0.96883
0.954002,1.03947,0.846918,0.964901,1.05296,1.04676,1.12995,1.2429,1.17537,0.969146
0.955388,1.02975,0.84282,0.962492,1.05784,1.0402,1.13095,1.26099,1.19901,0.97331
0.950949,1.02799,0.835121,0.953094,1.05546,1.04923,1.13727,1.2767,1.2165,0.977026
0.956173,1.02323,0.831779,0.955271,1.042,1.05446,1.15006,1.26083,1.21384,0.987496
0.962521,1.03008,0.823982,0.967114,1.03264,1.05605,1.16361,1.26322,1.21886,0.984965
0.959079,1.03058,0.833074,0.963835,1.03213,1.05005,1.16328,1.24027,1.22224,0.982056
0.954165,1.01748,0.839494,0.971063,1.05418,1.05832,1.16163,1.22918,1.22547,0.980329
0.957911,1.00409,0.828812,0.976741,1.04317,1.04415,1.16113,1.23453,1.24476,0.988787
0.946156,0.993604,0.837372,0.998955,1.03069,1.05704,1.19539,1.23366,1.25581,0.988194
0.948873,0.983308,0.829311,0.998129,1.0193,1.05511,1.19322,1.23427,1.26051,0.984746
0.936987,0.995835,0.827261,0.987023,1.03787,1.07383,1.18814,1.21098,1.26179,0.982463
0.937141,0.99407,0.825373,0.985557,1.04548,1.07169,1.20063,1.21135,1.26688,0.979152
0.947438,0.987902,0.822777,1.00366,1.04045,1.07571,1.19835,1.2113,1.24333,0.982599
0.952057,0.993627,0.819936,0.978195,1.04492,1.07496,1.199,1.21272,1.24386,0.966362
0.953089,1.00407,0.80967,0.985054,1.04572,1.08046,1.20057,1.20163,1.24194,0.963468
0.959844,0.997051,0.79124,0.985866,1.05102,1.05731,1.21708,1.19206,1.22731,0.958696
0.966681,1.00916,0.780057,0.99798,1.05098,1.06258,1.22044,1.19241,1.22404,0.962426
0.966307,0.994765,0.78658,1.02094,1.05267,1.04132,1.21245,1.1969,1.22571,0.959648
0.964755,1.00932,0.784632,1.02579,1.05231,1.04634,1.19429,1.1858,1.22183,0.953352
0.973934,1.00803,0.785604,1.01845,1.05619,1.0506,1.18946,1.19198,1.18573,0.941142
0.965435,1.01978,0.795989,1.00886,1.06556,1.06014,1.18221,1.19445,1.21436,0.94142
0.959305,1.01985,0.793998,1.01045,1.07006,1.06593,1.16447,1.1856,1.21159,0.94439
0.951427,1.0134,0.791648,0.997152,1.04709,1.06622,1.18832,1.17257,1.20028,0.942683
0.954144,1.00916,0.786781,1.0051,1.03944,1.06845,1.18065,1.17408,1.19851,0.945757
0.957381,1.01715,0.772807,1.01285,1.04513,1.05034,1.19002,1.18333,1.19744,0.948515
0.941534,1.02164,0.760339,1.02996,1.0427,1.04837,1.19831,1.1823,1.19687,0.936937
0.948151,1.0367,0.761792,1.0346,1.05913,1.06375,1.20963,1.17635,1.19041,0.93053
0.952941,1.05117,0.771688,1.03829,1.06879,1.07505,1.20609,1.15608,1.19213,0.935591
0.950232,1.05373,0.775115,1.04175,1.05951,1.08858,1.20078,1.15109,1.18999,0.928627
0.940482,1.04613,0.77735,1.04673,1.04559,1.09391,1.20714,1.14473,1.19793,0.93616
0.948971,1.0486,0.78186,1.04006,1.03176,1.0822,1.21687,1.14575,1.21575,0.930473
0.944972,1.03762,0.777407,1.05477,1.03603,1.0777,1.22606,1.1478,1.22957,0.934916
0.94912,1.04318,0.775435,1.03815,1.03737,1.08448,1.23769,1.15062,1.21881,0.927928
0.944371,1.04767,0.78748,1.04264,1.03088,1.10577,1.21623,1.1392,1.2179,0.917057
0.948613,1.04576,0.780025,1.03713,1.04682,1.11319,1.21643,1.13976,1.2159,0.920835
0.943664,1.04591,0.784446,1.03399,1.05952,1.1106,1.22843,1.14592,1.20345,0.918235
0.945758,1.0634,0.766944,1.00973,1.04493,1.09446,1.22237,1.14418,1.20267,0.912357
0.948482,1.08109,0.762388,0.982958,1.03736,1.10715,1.22139,1.14758,1.19238,0.931093
0.931912,1.08322,0.776274,0.970167,1.02804,1.10987,1.21185,1.154,1.16738,0.92472
0.927388,1.07805,0.776529,0.965667,1.03692,1.10867,1.21627,1.16535,1.18295,0.913994
0.926086,1.09298,0.787929,0.96477,1.01609,1.09473,1.21459,1.18006,1.17359,0.903201
0.926288,1.10136,0.786637,0.958014,1.02545,1.09102,1.2026,1.18418,1.18251,0.910139
0.912885,1.10357,0.782923,0.961949,1.0321,1.10215,1.21197,1.16524,1.16786,0.921214
0.900936,1.10686,0.793052,0.968077,1.04107,1.08259,1.19911,1.17217,1.16463,0.936476
0.897505,1.11809,0.787881,0.969437,1.0591,1.06657,1.17601,1.17613,1.15704,0.918366
0.882815,1.11487,0.776873,0.955742,1.05701,1.06561,1.17567,1.17327,1.1719,0.922614
0.868348,1.11212,0.778463,0.9714,1.06008,1.04773,1.18781,1.17083,1.15386,0.909352
0.868975,1.10744,0.783322,0.976431,1.06717,1.02584,1.20803,1.17564,1.15477,0.905877
0.873536,1.12279,0.778632,0.967387,1.06414,1.02364,1.19694,1.15902,1.14422,0.902578
0.885603,1.10929,0.772201,0.955322,1.072,1.04008,1.18653,1.1668,1.1322,0.889662
0.895117,1.11822,0.762217,0.946779,1.06658,1.0305,1.19654,1.16891,1.13111,0.899838
0.900298,1.09984,0.764813,0.943121,1.06787,1.03398,1.21148,1.167,1.12748,0.912542
0.895801,1.10535,0.763483,0.927842,1.06803,1.04194,1.20948,1.1676,1.11501,0.905324
0.903762,1.10718,0.783655,0.912184,1.05867,1.03591,1.20716,1.17606,1.11663,0.913542
0.912404,1.09427,0.786271,0.894451,1.07492,1.04481,1.21302,1.18182,1.10692,0.919895
0.923366,1.07798,0.803798,0.897655,1.07248,1.05693,1.217,1.19493,1.11125,0.926757
0.915702,1.08958,0.800611,0.884182,1.07591,1.06455,1.23231,1.18703,1.10643,0.934455
0.892306,1.0834,0.793606,0.869059,1.07195,1.07531,1.23561,1.18435,1.11147,0.937155
0.90133,1.09113,0.792061,0.864632,1.06562,1.05236,1.23773,1.18882,1.11326,0.943776
0.899379,1.0917,0.783746,0.877376,1.07422,1.04157,1.23367,1.18061,1.11847,0.938145
0.906617,1.07967,0.792456,0.881169,1.08502,1.051,1.23086,1.17821,1.12531,0.951642
0.898359,1.09763,0.777094,0.857982,1.08706,1.04899,1.23836,1.18748,1.14989,0.941482
0.900645,1.0829,0.765887,0.867306,1.09183,1.06253,1.23942,1.18296,1.15232,0.950538
0.903976,1.09148,0.767754,0.854193,1.10704,1.06229,1.24857,1.18105,1.15874,0.957204
0.917049,1.07453,0.768955,0.858897,1.11063,1.06316,1.25588,1.18877,1.15032,0.968807
0.922624,1.07841,0.768272,0.871311,1.10914,1.05443,1.25995,1.18541,1.14511,0.960891
0.923397,1.09033,0.769808,0.878449,1.12045,1.05653,1.25615,1.20607,1.13969,0.968661
0.918013,1.08711,0.772248,0.892308,1.13073,1.04715,1.26568,1.19599,1.14318,0.947694
0.927399,1.10733,0.775568,0.891054,1.12502,1.05452,1.28407,1.19286,1.15936,0.964574
0.927459,1.09676,0.775761,0.883892,1.13859,1.03921,1.26688,1.19058,1.17042,0.974623
0.929048,1.0934,0.778381,0.87582,1.14146,1.044,1.26658,1.18191,1.16527,0.97297
0.919523,1.09408,0.774105,0.864376,1.14932,1.02935,1.26975,1.17345,1.17152,0.973149
0.933679,1.09593,0.771316,0.856035,1.14094,1.01998,1.27453,1.15573,1.1693,0.965667
0.931626,1.0852,0.765888,0.862681,1.13564,1.02459,1.27903,1.15432,1.18262,0.957333
0.92348,1.06113,0.770528,0.847441,1.15597,1.01995,1.30155,1.15054,1.16829,0.961973
0.942959,1.06567,0.757188,0.845507,1.13279,1.01388,1.30084,1.15183,1.14453,0.963016
0.962793,1.0528,0.746722,0.846996,1.13861,1.02268,1.30143,1.1443,1.15556,0.960559
0.956438,1.05055,0.74246,0.842027,1.12948,1.01175,1.28914,1.14439,1.1254,0.970194
0.94861,1.04678,0.73295,0.852567,1.14233,1.01109,1.30791,1.15606,1.10987,0.982795
0.941144,1.0713,0.738684,0.845161,1.14773,1.00476,1.32617,1.16014,1.11752,0.981054
0.938674,1.05925,0.741553,0.842364,1.15136,1.01658,1.3249,1.14098,1.11877,0.980034
0.933511,1.03894,0.735294,0.837611,1.14532,1.01855,1.31937,1.1365,1.14131,1.00622
0.943646,1.03849,0.731175,0.82961,1.15498,1.03774,1.33848,1.12019,1.17557,0.996423
0.942865,1.04465,0.738525,0.824357,1.14656,1.0215,1.3442,1.12632,1.15165,1.00428
0.942741,1.04811,0.741161,0.827438,1.15288,1.0194,1.32805,1.13016,1.14785,1.00367
0.926386,1.03672,0.729996,0.825842,1.1483,1.02912,1.33437,1.13919,1.15306,1.00081
0.934302,1.02883,0.726489,0.842929,1.1436,1.02443,1.33805,1.12964,1.13267,0.991309
0.926199,1.03794,0.721362,0.841038,1.13734,1.03323,1.34736,1.13892,1.1204,0.992852
0.95079,1.05092,0.715424,0.835234,1.11207,1.04936,1.34669,1.12075,1.13774,0.990556
0.956625,1.04818,0.71509,0.837867,1.09849,1.04666,1.35149,1.1181,1.14023,1.001
0.961577,1.03381,0.710559,0.833997,1.0793,1.04405,1.35106,1.12453,1.13952,1.00333
0.954559,1.03505,0.719131,0.827959,1.06232,1.03815,1.34898,1.12779,1.12937,1.02717
0.94642,1.03594,0.717566,0.827411,1.07356,1.03662,1.34478,1.12746,1.15685,1.02339
0.962419,1.03057,0.709282,0.830909,1.08268,1.01751,1.35339,1.12635,1.16297,1.03718
0.966372,1.02592,0.698999,0.847989,1.06869,1.01348,1.36402,1.13075,1.16597,1.04722
0.961308,1.00543,0.701392,0.849179,1.08019,1.00048,1.36773,1.10058,1.17552,1.05514
0.955436,1.01236,0.695394,0.857162,1.09196,1.00179,1.36777,1.0896,1.19734,1.05307
0.957464,1.02048,0.705763,0.849316,1.09509,0.997193,1.37619,1.08705,1.20175,1.05595
0.944874,1.02754,0.708709,0.84879,1.08506,1.01119,1.35314,1.08859,1.17895,1.05567
0.95349,1.02402,0.697825,0.84528,1.08032,1.0205,1.34668,1.10613,1.18066,1.05734
0.965129,1.00831,0.691839,0.851733,1.07999,1.00739,1.33692,1.09533,1.18794,1.06916
0.97133,1.00032,0.697527,0.865001,1.08366,0.998932,1.34343,1.09248,1.17492,1.0708
0.965241,1.00333,0.696337,0.863953,1.09516,1.00008,1.33584,1.09186,1.16479,1.06506
0.964463,0.988427,0.702783,0.861905,1.09712,1.01062,1.34286,1.10801,1.16386,1.07947
0.957894,0.992698,0.703538,0.859938,1.10396,1.01452,1.34776,1.11573,1.15871,1.07713
0.965622,0.997585,0.700713,0.850211,1.09675,1.00684,1.36721,1.09029,1.16061,1.07547
0.986336,1.01684,0.699029,0.847131,1.10821,1.00387,1.36656,1.08386,1.1546,1.08673
0.963708,1.00692,0.692023,0.847919,1.13127,1.01778,1.36331,1.08873,1.16552,1.1006
0.952996,1.01507,0.696817,0.847653,1.12057,1.02127,1.36992,1.09586,1.17058,1.10468
0.96146,1.01138,0.713814,0.844225,1.11135,1.02657,1.39682,1.0957,1.16987,1.09553
0.956228,1.01876,0.697605,0.839179,1.11086,1.01499,1.38886,1.08723,1.18422,1.08277
0.969071,1.0294,0.698341,0.843378,1.10842,1.02794,1.39749,1.0893,1.19034,1.08271
0.979363,1.03978,0.70251,0.850534,1.1112,1.03274,1.39992,1.08674,1.19113,1.0624
0.993632,1.05147,0.705358,0.837053,1.12379,1.03081,1.39263,1.08359,1.16578,1.06638
1.0152,1.04768,0.705222,0.850899,1.1329,1.02332,1.39164,1.07703,1.1791,1.0724
1.01749,1.04362,0.702247,0.849598,1.13105,1.02759,1.37146,1.06628,1.17105,1.07211
1.03873,1.05391,0.707119,0.841614,1.16241,1.02704,1.35869,1.06308,1.20186,1.06439
1.03732,1.04227,0.698586,0.838476,1.1774,1.01349,1.35357,1.05259,1.2172,1.05326
1.03371,1.02122,0.712125,0.83403,1.17417,1.03,1.35656,1.06548,1.20296,1.04938
1.04233,1.02176,0.721261,0.844918,1.19424,1.0318,1.372,1.05248,1.21219,1.04251
1.03848,1.03092,0.734119,0.836877,1.20429,1.04444,1.39276,1.06297,1.23788,1.0371
1.05032,1.02974,0.723631,0.843975,1.18539,1.0592,1.39003,1.05984,1.24508,1.04806
1.05953,1.03895,0.723381,0.842826,1.18681,1.07933,1.39106,1.06911,1.25496,1.03933
1.05226,1.03171,0.721574,0.836083,1.1793,1.08917,1.3956,1.08045,1.24108,1.04999
1.05841,1.03601,0.714257,0.835771,1.16765,1.09561,1.39721,1.07335,1.22857,1.04153
1.05665,1.04982,0.712122,0.846711,1.16278,1.10144,1.3871,1.08086,1.2384,1.02413
1.0577,1.05459,0.708707,0.861089,1.175,1.09807,1.38725,1.07682,1.23625,1.01599
1.04412,1.05472,0.703399,0.856722,1.17093,1.10708,1.39509,1.08708,1.2259,1.02433
1.07715,1.0514,0.69808,0.851022,1.18033,1.12037,1.4079,1.08118,1.21588,1.00932
1.075,1.03857,0.699881,0.838532,1.17035,1.13299,1.39758,1.08228,1.22975,1.00696
1.07879,1.02225,0.686868,0.841072,1.17955,1.1287,1.39585,1.06758,1.20993,1.01526
1.0772,1.04372,0.698045,0.84788,1.17815,1.1397,1.39225,1.04865,1.21374,1.02918
1.08215,1.02712,0.697478,0.842351,1.15331,1.14825,1.38735,1.04535,1.21113,1.02629
1.08763,1.02826,0.696269,0.840829,1.15336,1.15077,1.37872,1.03904,1.19438,1.03058
1.09133,1.02777,0.701032,0.840321,1.15362,1.15064,1.38902,1.02829,1.17779,1.02842
1.07549,1.03078,0.700223,0.836634,1.16046,1.13763,1.38332,1.02818,1.16958,1.02053
1.06702,1.04277,0.702088,0.83781,1.17641,1.14369,1.34888,1.0341,1.16791,1.02875
1.07287,1.02583,0.71471,0.844808,1.18736,1.14874,1.35171,1.03071,1.15254,1.04134
1.08125,1.02329,0.719406,0.844898,1.1823,1.12426,1.33728,1.03573,1.14156,1.05474
1.07695,1.01903,0.716708,0.852075,1.18655,1.10927,1.37068,1.02113,1.15082,1.04478
1.06889,1.0314,0.726887,0.857125,1.1733,1.09664,1.36239,1.03599,1.14021,1.04463
1.08281,1.03423,0.72378,0.854135,1.17268,1.08097,1.36524,1.0284,1.13529,1.05482
1.07169,1.04058,0.71897,0.857234,1.15955,1.07729,1.3694,1.01425,1.13774,1.05403
1.07867,1.04727,0.723306,0.85002,1.1686,1.07797,1.36535,1.02103,1.13146,1.04303
1.08384,1.03329,0.726974,0.840651,1.16046,1.08028,1.38114,1.01716,1.12177,1.05191
1.0705,1.02799,0.722491,0.840167,1.16441,1.0822,1.37073,1.02528,1.12671,1.04383
1.07609,1.04466,0.726671,0.830835,1.17482,1.08453,1.39271,1.01913,1.13836,1.04785
1.05071,1.0599,0.737051,0.8312,1.17885,1.08564,1.41496,1.03137,1.14301,1.05091
1.07078,1.07625,0.737784,0.841538,1.16925,1.09216,1.41759,1.04228,1.12955,1.03473
1.06103,1.08229,0.739769,0.830732,1.19108,1.08416,1.39691,1.04295,1.11699,1.04893
1.08203,1.09179,0.7458,0.837246,1.18288,1.07922,1.4384,1.0479,1.09484,1.06101
1.10153,1.10399,0.751696,0.833758,1.1861,1.08406,1.45229,1.05924,1.09111,1.06356
1.09395,1.09553,0.755351,0.848067,1.19833,1.09668,1.44107,1.05894,1.08402,1.04607
1.09802,1.09784,0.745918,0.845151,1.2042,1.11538,1.42746,1.06052,1.0851,1.04842
1.09972,1.0856,0.732722,0.835558,1.22512,1.10968,1.42962,1.06477,1.08,1.05192
1.11124,1.08601,0.73614,0.841101,1.22442,1.12714,1.45342,1.07959,1.08079,1.04405
1.09822,1.08373,0.732773,0.828367,1.22792,1.12362,1.46121,1.08379,1.07477,1.05707
1.08453,1.08965,0.729238,0.83207,1.21451,1.13179,1.45195,1.08676,1.08676,1.04754
1.09397,1.07026,0.7215,0.832815,1.21315,1.12647,1.46608,1.08756,1.0764,1.03903
1.08962,1.08355,0.721818,0.816013,1.23128,1.12382,1.46123,1.07601,1.07432,1.04025
1.09785,1.09215,0.719815,0.813806,1.22826,1.14853,1.47377,1.08073,1.07086,1.05127
1.10402,1.08854,0.710358,0.835256,1.238,1.14975,1.46936,1.08871,1.06188,1.06112
1.1184,1.08987,0.717636,0.833443,1.24307,1.15818,1.45368,1.09782,1.05102,1.04445
1.11277,1.0849,0.714924,0.82514,1.24752,1.16436,1.44295,1.10371,1.04831,1.04551
1.11962,1.07288,0.730288,0.818593,1.25069,1.16205,1.44308,1.12103,1.0595,1.04955
1.14556,1.09706,0.731622,0.834599,1.24115,1.15666,1.41582,1.12682,1.02968,1.04322
1.13376,1.10436,0.720245,0.821328,1.2423,1.16832,1.43329,1.10937,1.03139,1.02417
1.13814,1.10163,0.726243,0.819412,1.24053,1.16242,1.43488,1.10581,1.02838,1.01339
1.1419,1.11224,0.728314,0.811304,1.23429,1.15806,1.44204,1.10542,1.0245,1.0275
1.14136,1.09045,0.730224,0.813335,1.22731,1.17249,1.44441,1.13113,1.0234,1.02566
1.14529,1.1055,0.730381,0.807591,1.22865,1.19061,1.4575,1.13149,1.02068,1.01647
1.1576,1.07224,0.727655,0.819107,1.23673,1.18559,1.4374,1.15358,1.02149,1.02261
1.15578,1.06214,0.727053,0.81282,1.21835,1.17485,1.45865,1.14036,1.02059,1.01204
1.15256,1.07628,0.734899,0.819866,1.19838,1.17322,1.46603,1.16174,1.02579,1.02083
1.13561,1.0754,0.743275,0.810236,1.2014,1.17273,1.47567,1.15888,1.00978,1.01915
1.12492,1.06467,0.749523,0.812585,1.19625,1.17689,1.47842,1.14942,1.01218,1.00109
1.12707,1.05571,0.746228,0.801934,1.18683,1.18074,1.46124,1.13892,1.01057,0.997532
1.12574,1.07059,0.748075,0.809435,1.18364,1.176,1.44176,1.1534,1.0073,1.00871
1.11659,1.07405,0.737571,0.81078,1.19967,1.1704,1.415,1.16725,0.998611,1.00391
1.13484,1.08528,0.744162,0.80642,1.18652,1.16381,1.42181,1.17356,0.993261,1.02367
1.10471,1.08847,0.746968,0.807131,1.17378,1.16566,1.40721,1.1825,1.01814,1.03023
1.12541,1.07924,0.749839,0.796668,1.17645,1.18311,1.40713,1.1839,1.01703,1.00882
1.1142,1.07186,0.735933,0.801344,1.18658,1.20093,1.43615,1.17569,0.99412,1.02821
1.10292,1.06358,0.731992,0.795244,1.19893,1.21247,1.44676,1.17197,0.992034,1.01441
1.08448,1.06154,0.747202,0.802924,1.19995,1.20849,1.44184,1.16676,0.969055,0.994635
1.07899,1.03749,0.755832,0.810276,1.1959,1.20147,1.43062,1.15699,0.967736,0.988595
1.08777,1.04552,0.759443,0.818978,1.20515,1.18825,1.45353,1.15476,0.97122,0.9832
1.09307,1.05803,0.748514,0.818815,1.21697,1.19461,1.44694,1.14781,0.96332,0.990002
1.09629,1.0395,0.758574,0.813743,1.21556,1.1826,1.4384,1.14554,0.962393,1.00386
1.09679,1.04983,0.767573,0.808412,1.22166,1.19838,1.4426,1.15145,0.972145,0.995855
1.11631,1.0514,0.764123,0.812601,1.2238,1.20685,1.43939,1.14574,0.985553,1.01146
1.11895,1.04384,0.769919,0.818435,1.22002,1.20116,1.4437,1.12452,1.002,1.01436
1.12851,1.04313,0.776436,0.824603,1.22535,1.18873,1.4373,1.12704,1.01987,1.02383
1.14455,1.02567,0.779577,0.82021,1.22179,1.1749,1.433,1.10861,1.01457,1.03398
1.13033,1.0193,0.776369,0.829004,1.23471,1.16916,1.42209,1.11488,1.01167,1.03585
1.13888,1.01537,0.75978,0.823939,1.21144,1.16586,1.42313,1.10769,1.01426,1.0421
1.13418,1.0295,0.741696,0.810353,1.20313,1.15072,1.43001,1.129,1.01153,1.03713
1.14342,1.04019,0.745559,0.813352,1.19037,1.15174,1.41625,1.12216,1.00776,1.0599
1.15317,1.05716,0.739086,0.816367,1.17728,1.16158,1.41659,1.12589,1.00709,1.06503
1.15546,1.05953,0.732852,0.815941,1.17648,1.16805,1.39503,1.1175,1.02766,1.06058
1.17595,1.0714,0.72914,0.82013,1.16726,1.17388,1.3874,1.12632,1.00486,1.05278
1.19933,1.07154,0.730274,0.822859,1.18436,1.15276,1.40445,1.12046,0.996058,1.04433
1.20654,1.08347,0.728605,0.815296,1.17981,1.16093,1.39977,1.11749,0.998784,1.05357
1.20618,1.10353,0.741417,0.818298,1.17717,1.16162,1.41763,1.11523,0.997517,1.04852
1.19928,1.09614,0.749611,0.810375,1.18215,1.16588,1.39963,1.12241,0.99867,1.04173
1.17869,1.10887,0.755476,0.816393,1.17599,1.16349,1.38507,1.1226,0.990036,1.03878
1.18486,1.11562,0.75671,0.809556,1.15789,1.14529,1.34259,1.10362,0.995299,1.02382
1.2004,1.1035,0.747861,0.807358,1.15571,1.15309,1.3161,1.0906,0.982844,1.0173
1.19508,1.10802,0.758434,0.807936,1.15369,1.16659,1.32216,1.08942,0.974373,1.02294
1.19237,1.1115,0.759803,0.807717,1.15472,1.16571,1.3265,1.07881,0.995285,1.0227
1.21219,1.11984,0.759911,0.807411,1.15768,1.17979,1.33484,1.07443,1.00005,1.02223
1.21418,1.12376,0.759916,0.81382,1.15019,1.17532,1.32643,1.09193,0.99681,1.02489
1.22461,1.12725,0.767798,0.819761,1.13567,1.16055,1.31417,1.09128,0.990187,1.01839
1.23617,1.12379,0.764354,0.816659,1.12352,1.16162,1.31051,1.08409,1.00326,1.0305
1.23577,1.10546,0.782859,0.82793,1.13372,1.16066,1.2962,1.10884,1.00993,1.04234
1.23398,1.10646,0.784033,0.829897,1.13265,1.1543,1.28841,1.09939,1.03573,1.03812
1.23843,1.11656,0.797113,0.820921,1.13552,1.15218,1.30627,1.08059,1.03317,1.0596
1.21642,1.10303,0.802345,0.818179,1.15842,1.13662,1.30864,1.08191,1.06296,1.05955
1.22943,1.09393,0.807291,0.821973,1.15089,1.14817,1.30693,1.08183,1.0708,1.06234
1.22657,1.113,0.808363,0.831266,1.14508,1.1618,1.31388,1.0867,1.08092,1.05327
1.24255,1.12571,0.806594,0.827794,1.13719,1.17666,1.31914,1.07023,1.07886,1.04152
1.24439,1.14258,0.791791,0.827453,1.12784,1.1913,1.29812,1.07418,1.07139,1.04558
1.24456,1.14433,0.782685,0.832598,1.14536,1.20008,1.30008,1.07663,1.06224,1.07339
1.24603,1.15146,0.782783,0.822171,1.1423,1.21684,1.31296,1.06821,1.06107,1.08019
1.2342,1.15123,0.785551,0.826915,1.14592,1.225,1.29987,1.06875,1.05242,1.08196
1.23858,1.14306,0.789629,0.830679,1.13402,1.21173,1.30018,1.07709,1.06317,1.07639
1.23089,1.13227,0.785273,0.831596,1.14053,1.20088,1.28542,1.08684,1.06736,1.06494
1.22594,1.1392,0.791396,0.830794,1.13289,1.22405,1.26723,1.08227,1.05757,1.03596
1.21504,1.14986,0.794271,0.839291,1.13262,1.2295,1.26775,1.09264,1.07087,1.02631
1.22329,1.13859,0.801585,0.845119,1.12615,1.23495,1.26064,1.07836,1.05651,1.01519
1.23896,1.14145,0.806017,0.842024,1.13369,1.25338,1.26308,1.07895,1.06046,1.00028
1.21723,1.12845,0.797319,0.832674,1.11852,1.24246,1.25164,1.07732,1.06282,0.985098
1.21507,1.13118,0.790051,0.832887,1.12932,1.25869,1.22426,1.06517,1.08323,0.998276
1.19077,1.16518,0.791793,0.838415,1.11863,1.25836,1.21902,1.06956,1.0834,1.00927
1.19301,1.1599,0.793132,0.82587,1.09935,1.26032,1.21262,1.07857,1.08944,1.02276
1.18515,1.15854,0.785079,0.822039,1.10638,1.26591,1.22805,1.09272,1.09217,1.01378
1.17443,1.15519,0.79214,0.815749,1.08214,1.26922,1.2365,1.09273,1.08737,1.0078
1.17535,1.16673,0.789895,0.820348,1.09675,1.29072,1.24164,1.11527,1.07894,1.00485
1.19178,1.1553,0.788528,0.819109,1.08672,1.2865,1.25119,1.11842,1.08348,0.995952
1.17938,1.13271,0.787675,0.825092,1.08283,1.27631,1.24526,1.121,1.07525,1.00657
1.18591,1.13584,0.795082,0.828105,1.09463,1.27147,1.25828,1.11582,1.07083,0.997592
1.18421,1.13183,0.79739,0.840305,1.12175,1.25805,1.25198,1.11937,1.08095,1.00008
1.17559,1.13807,0.812115,0.849977,1.10889,1.25318,1.28082,1.13261,1.0695,0.986677
1.16848,1.1347,0.818716,0.856593,1.1158,1.27299,1.28685,1.12999,1.08352,1.00074
1.16668,1.1282,0.809236,0.858689,1.10697,1.27869,1.25633,1.12428,1.09323,0.997899
1.1753,1.12628,0.795299,0.859413,1.11401,1.2706,1.25131,1.11993,1.10132,1.00491
1.15854,1.14944,0.800603,0.852283,1.13003,1.28311,1.23151,1.11163,1.10681,1.00769
1.16832,1.17161,0.801146,0.846198,1.12771,1.28335,1.23833,1.12031,1.09946,1.01941
1.14862,1.1925,0.804585,0.839571,1.12152,1.28978,1.21515,1.13403,1.08809,1.02242
1.16954,1.19709,0.81034,0.84172,1.12437,1.28639,1.20815,1.11322,1.07255,1.01015
1.16025,1.19759,0.820986,0.850509,1.11183,1.2785,1.2181,1.1191,1.06637,1.01992
1.15678,1.18608,0.807146,0.832135,1.1123,1.28622,1.19803,1.10591,1.06285,1.02365
1.15875,1.2072,0.80161,0.828531,1.11905,1.2741,1.17218,1.10865,1.08229,1.0323
1.16778,1.21412,0.79496,0.8168,1.11271,1.26917,1.16339,1.10512,1.09153,1.02661
1.17388,1.20823,0.792648,0.827217,1.087,1.2399,1.1711,1.11436,1.08666,1.01548
1.1678,1.20713,0.79826,0.826943,1.07839,1.25,1.15789,1.11873,1.07305,1.01494
1.15389,1.21196,0.798535,0.837921,1.08458,1.24075,1.14849,1.1348,1.08203,1.01981
1.15356,1.21521,0.80437,0.835774,1.09076,1.22998,1.1348,1.13647,1.07495,1.02083
1.14889,1.21209,0.799533,0.83517,1.07497,1.23255,1.13772,1.14501,1.07579,1.02072
1.15227,1.22509,0.798158,0.819819,1.07759,1.24645,1.14008,1.13067,1.10963,1.01438
1.16409,1.2405,0.789514,0.819361,1.06629,1.23778,1.13468,1.13039,1.1162,1.02361
1.15987,1.24242,0.778599,0.822772,1.05331,1.23714,1.12707,1.12458,1.10702,1.00275
1.16388,1.24159,0.7655,0.821375,1.05595,1.23104,1.12932,1.1302,1.09626,0.992897
1.16865,1.24115,0.7651,0.818967,1.06851,1.23441,1.13192,1.1131,1.09816,0.983113
1.17858,1.21601,0.767211,0.812402,1.0718,1.23377,1.1323,1.1077,1.10719,0.990047
1.17513,1.22013,0.765012,0.799083,1.08313,1.21875,1.13006,1.10665,1.10481,0.996337
1.17924,1.21993,0.764957,0.804393,1.08132,1.22946,1.13951,1.12356,1.11909,0.994692
1.18364,1.23584,0.76557,0.800272,1.06014,1.23173,1.15903,1.13614,1.10286,0.995674
1.15815,1.24478,0.756272,0.790464,1.06236,1.2555,1.14257,1.13375,1.09452,0.994285
1.17389,1.23842,0.74719,0.786412,1.05821,1.25092,1.15089,1.14732,1.07876,0.991394
1.17394,1.25339,0.737105,0.791389,1.0564,1.25906,1.13901,1.14243,1.073,0.992666
1.18729,1.25267,0.747026,0.788989,1.03695,1.26546,1.13975,1.16252,1.07848,0.9813
1.19039,1.23142,0.749233,0.795217,1.04676,1.27221,1.14439,1.14542,1.06689,0.98162
1.17315,1.24075,0.753583,0.792887,1.02265,1.25972,1.13791,1.14074,1.05984,0.97763
1.15898,1.23521,0.760869,0.780609,1.02063,1.24918,1.12075,1.13993,1.05173,0.970865
1.15751,1.24575,0.769865,0.791726,1.028,1.27657,1.14215,1.14785,1.05902,0.974284
1.16255,1.24748,0.757546,0.788646,1.03298,1.27322,1.14929,1.12888,1.04913,0.990448
1.17964,1.24979,0.759509,0.795606,1.03858,1.25924,1.16905,1.13231,1.02902,0.991901
1.17735,1.25165,0.757216,0.794942,1.04208,1.26077,1.1678,1.13166,1.03241,0.986788
1.17573,1.24199,0.766548,0.789968,1.055,1.26816,1.1754,1.1441,1.03658,0.996053
1.18951,1.24826,0.749308,0.78783,1.04551,1.31096,1.17087,1.15844,1.04757,0.983029
1.18351,1.24578,0.745182,0.792811,1.0469,1.3123,1.16773,1.12529,1.04976,0.974576
1.18776,1.23971,0.743714,0.788947,1.04243,1.29769,1.17649,1.12411,1.04878,0.993063
1.19238,1.2468,0.733967,0.783001,1.0207,1.30691,1.17201,1.11117,1.02679,0.989768
1.18709,1.26465,0.724335,0.798061,1.02704,1.3214,1.174,1.09938,1.06249,0.995027
1.22,1.24854,0.726792,0.802085,1.02466,1.32109,1.17607,1.09822,1.0567,0.992855
1.23388,1.23491,0.734063,0.783117,1.01949,1.31147,1.17219,1.10903,1.06693,0.989218
1.23763,1.26317,0.726539,0.781064,1.01928,1.30576,1.18009,1.11663,1.07115,0.987071
1.22242,1.26181,0.730114,0.773977,1.00996,1.31887,1.17626,1.12832,1.05696,0.987293
1.24133,1.24409,0.720863,0.770283,0.999096,1.33077,1.1779,1.1558,1.07742,1.00323
1.24186,1.25783,0.715398,0.774054,1.00837,1.32028,1.17938,1.14807,1.05855,0.996847
1.22736,1.26302,0.719466,0.784508,1.01805,1.33872,1.15718,1.14649,1.08615,1.00094
1.2341,1.24441,0.708951,0.796968,1.01171,1.36038,1.15182,1.13897,1.07504,1.00329
1.23056,1.25079,0.709745,0.816161,1.00325,1.3736,1.15289,1.13091,1.08385,1.00228
1.2467,1.26853,0.709582,0.807131,1.0015,1.38128,1.12552,1.1273,1.08468,1.00903
1.2313,1.25084,0.700799,0.820616,0.999165,1.38919,1.15469,1.13609,1.07825,1.01893
1.23473,1.26776,0.711331,0.819938,1.00345,1.35435,1.15755,1.13641,1.08224,1.01505
1.23835,1.29048,0.712387,0.819585,0.991129,1.33384,1.1482,1.13641,1.08473,1.01848
1.2479,1.26069,0.708311,0.815141,1.01116,1.34712,1.13991,1.12776,1.10395,1.02076
1.2282,1.26756,0.702526,0.823384,1.02267,1.35194,1.12993,1.12099,1.10372,1.03705
1.23414,1.26538,0.701921,0.81334,1.04722,1.34713,1.14198,1.12268,1.09367,1.03077
1.24667,1.25826,0.69921,0.824996,1.03187,1.33177,1.12953,1.12051,1.10054,1.0309
1.25819,1.24678,0.706388,0.834404,1.03733,1.31335,1.127,1.09733,1.07864,1.00615
1.25362,1.24804,0.705609,0.834031,1.04222,1.33204,1.13647,1.09514,1.08168,1.00194
1.26388,1.24003,0.716723,0.833286,1.03159,1.33066,1.135,1.10194,1.0766,0.996803
1.28239,1.22978,0.713712,0.843282,1.03389,1.32327,1.13597,1.10939,1.08572,1.00549
1.3085,1.23228,0.728401,0.841546,1.04338,1.30465,1.15004,1.114,1.06629,1.01662
1.31403,1.23033,0.716838,0.829924,1.04825,1.30384,1.16054,1.11524,1.06063,1.01699
1.29898,1.24655,0.722956,0.840921,1.05656,1.29918,1.17132,1.11781,1.05825,1.01227
1.30231,1.24912,0.722304,0.835374,1.06676,1.3081,1.19659,1.12486,1.06004,1.00789
1.29419,1.2212,0.720039,0.824591,1.06294,1.29375,1.19299,1.10667,1.04242,1.0053
1.29276,1.21083,0.718313,0.831089,1.08777,1.27745,1.17618,1.10129,1.04827,0.989323
1.28799,1.19485,0.725086,0.837783,1.08768,1.28434,1.17942,1.11338,1.04995,1.00236
1.28499,1.1968,0.71879,0.839632,1.0846,1.27203,1.1982,1.10683,1.05765,1.00332
1.30422,1.20938,0.726321,0.848947,1.09656,1.29059,1.18145,1.10898,1.0624,1.01521
1.30441,1.21682,0.739326,0.843352,1.08637,1.27569,1.1822,1.10452,1.06948,0.999349
1.29743,1.21238,0.749306,0.841213,1.10383,1.2806,1.19943,1.10804,1.0922,0.997139
1.29217,1.22538,0.755795,0.845404,1.1017,1.27531,1.18558,1.11416,1.09878,0.979453
1.28934,1.21415,0.765385,0.842831,1.11134,1.27291,1.19741,1.11515,1.11215,0.971537
1.30188,1.1936,0.769873,0.844157,1.11688,1.28038,1.21955,1.10599,1.11815,0.963475
1.31438,1.17996,0.763623,0.840444,1.11281,1.28202,1.21634,1.0995,1.11927,0.961032
1.29708,1.18327,0.759649,0.846242,1.11691,1.25977,1.20234,1.11272,1.12411,0.9644
1.29817,1.16655,0.754634,0.839778,1.08915,1.263,1.20717,1.12745,1.10138,0.962299
1.29415,1.15788,0.749292,0.83506,1.07952,1.27583,1.20732,1.13182,1.1011,0.966659
1.27888,1.15633,0.73849,0.826072,1.06772,1.23497,1.19135,1.14067,1.09123,0.963339
1.26149,1.14756,0.741069,0.827375,1.06815,1.21657,1.17701,1.13713,1.08293,0.962349
1.26791,1.15037,0.746077,0.83196,1.06625,1.20652,1.18337,1.1395,1.04985,0.967593
1.23158,1.14407,0.745395,0.837209,1.04969,1.2176,1.19747,1.14007,1.05177,0.979297
1.23727,1.14216,0.744202,0.835594,1.05235,1.20847,1.19479,1.11334,1.05594,0.987112
1.23055,1.1597,0.746419,0.829868,1.05452,1.21118,1.17852,1.11325,1.04851,0.995242
1.21382,1.14415,0.750875,0.829859,1.06791,1.21179,1.18066,1.11554,1.04289,0.97594
1.20552,1.15147,0.747747,0.800359,1.0617,1.21263,1.16669,1.12099,1.05456,0.985481
1.20438,1.12785,0.738974,0.795375,1.05482,1.2237,1.17084,1.10234,1.04709,0.993869
1.21414,1.14124,0.745105,0.787903,1.05049,1.23726,1.16467,1.10389,1.06941,0.991256
1.20901,1.16136,0.749617,0.785259,1.04649,1.22461,1.17546,1.12077,1.06364,0.985723
1.20278,1.16801,0.752354,0.785895,1.03524,1.22065,1.16526,1.12469,1.06497,1.00069
1.19218,1.16861,0.756395,0.785646,1.02776,1.22108,1.16956,1.11716,1.08702,1.00304
1.18508,1.179,0.768545,0.787416,1.02116,1.23819,1.15947,1.12419,1.08869,1.00637
1.19017,1.17102,0.779289,0.779062,1.00374,1.25987,1.15368,1.11864,1.10156,1.00665
1.19472,1.18486,0.788056,0.7763,1.01245,1.27301,1.14761,1.11446,1.10911,0.99381
1.1878,1.185,0.789106,0.782876,1.02042,1.26517,1.1461,1.09903,1.10283,1.01358
1.19802,1.19236,0.785564,0.766967,1.00976,1.25896,1.14904,1.10445,1.09574,1.0166
1.19046,1.21184,0.790366,0.767224,1.01181,1.25666,1.15774,1.10429,1.1,1.01744
1.1787,1.20816,0.779015,0.760712,1.00489,1.25024,1.16333,1.11192,1.1006,1.02102
1.19018,1.20491,0.782085,0.745727,1.01947,1.25611,1.14267,1.12253,1.08694,1.00705
1.19801,1.19958,0.793987,0.74647,1.00727,1.24703,1.13147,1.13595,1.09691,1.00913
1.21215,1.1891,0.789265,0.737164,0.997927,1.24877,1.11332,1.1413,1.11759,1.01657
1.21636,1.18781,0.80328,0.741363,1.00292,1.26088,1.11453,1.12872,1.12716,1.05275
1.23483,1.18134,0.803068,0.731748,0.997367,1.23493,1.10415,1.1382,1.14124,1.07123
1.21928,1.18014,0.798817,0.735525,1.00189,1.23329,1.11044,1.12889,1.15434,1.07293
1.22028,1.17606,0.810298,0.732678,0.990496,1.22721,1.13078,1.12175,1.14933,1.06503
1.20929,1.19436,0.816395,0.733434,0.988422,1.24238,1.13875,1.12323,1.15016,1.08507
1.19515,1.20636,0.8276,0.732097,0.988144,1.24985,1.15686,1.12061,1.14518,1.08772
1.18996,1.21443,0.816742,0.746785,0.996769,1.23215,1.14973,1.12408,1.15375,1.09731
1.19543,1.21153,0.801925,0.744785,0.991292,1.2365,1.14518,1.11748,1.15,1.1045
1.19991,1.22717,0.791878,0.730393,1.00737,1.24115,1.16378,1.11926,1.16249,1.10861
1.19495,1.23304,0.795015,0.740241,1.00766,1.25639,1.16864,1.1302,1.17043,1.09988
1.18219,1.21749,0.781449,0.742437,0.990788,1.2657,1.15606,1.11962,1.18769,1.10141
1.20007,1.19367,0.79518,0.735531,0.981475,1.26138,1.17209,1.1245,1.20513,1.10317
1.19812,1.20246,0.779428,0.733245,0.977038,1.25555,1.16511,1.12371,1.19347,1.11312
1.202,1.21843,0.778159,0.741995,0.978478,1.25056,1.14958,1.10662,1.18697,1.12787
1.18816,1.18716,0.795588,0.745655,0.992455,1.26016,1.14472,1.09229,1.19019,1.13148
1.1811,1.18846,0.796211,0.743244,1.00271,1.24854,1.15447,1.08558,1.18181,1.12661
1.1873,1.2041,0.79827,0.739472,1.01804,1.2493,1.14979,1.08129,1.17698,1.12803
1.17694,1.20039,0.813456,0.73936,1.02214,1.27413,1.14631,1.07622,1.18441,1.14225
1.17317,1.20546,0.809309,0.743009,1.02511,1.27071,1.15441,1.08288,1.18849,1.13854
1.17658,1.1992,0.816047,0.741313,1.03643,1.28114,1.14445,1.07679,1.19583,1.12624
1.18711,1.21476,0.821568,0.742725,1.04006,1.26877,1.1365,1.10183,1.19793,1.13349
1.17561,1.20033,0.819611,0.74621,1.0323,1.272,1.12499,1.10442,1.19881,1.13341
1.17638,1.19338,0.825641,0.745129,1.04213,1.27238,1.12168,1.09327,1.19947,1.13737
1.18754,1.18208,0.843514,0.744063,1.04775,1.27821,1.13625,1.11842,1.22825,1.12627
1.19169,1.15914,0.841513,0.743504,1.03912,1.29834,1.13921,1.12139,1.24634,1.1246
1.1821,1.1623,0.845507,0.750852,1.04487,1.32963,1.13498,1.11289,1.22591,1.12954
1.185,1.15405,0.834451,0.765193,1.06047,1.3491,1.15102,1.12024,1.24627,1.13145
1.1855,1.18383,0.835264,0.759594,1.06875,1.34246,1.18545,1.11044,1.25951,1.13616
1.16743,1.18773,0.827446,0.750281,1.06597,1.33187,1.16447,1.12694,1.27365,1.14675
1.17514,1.18082,0.826563,0.756149,1.07341,1.3335,1.17674,1.11441,1.28044,1.13306
1.17939,1.17719,0.825654,0.751651,1.06774,1.32408,1.17436,1.12542,1.28359,1.12207
1.1766,1.19697,0.828026,0.759804,1.06646,1.32262,1.17908,1.12579,1.28266,1.11877
1.17782,1.20404,0.820785,0.740442,1.05602,1.32058,1.18264,1.13852,1.26665,1.13153
1.18795,1.2173,0.821583,0.725549,1.06012,1.31738,1.17245,1.12759,1.25241,1.14989
1.19584,1.22887,0.814624,0.723495,1.05619,1.34266,1.17612,1.12232,1.23761,1.15005
1.18278,1.22097,0.821918,0.725521,1.06442,1.35532,1.19116,1.11058,1.24388,1.14675
1.18192,1.23976,0.830829,0.727153,1.0619,1.35746,1.20576,1.11391,1.2327,1.17912
1.17514,1.21709,0.818478,0.722697,1.07301,1.36944,1.17795,1.11139,1.21605,1.19211
1.16617,1.19713,0.824159,0.726205,1.07567,1.36384,1.14819,1.11263,1.21479,1.18169
1.16434,1.20537,0.828008,0.740022,1.07212,1.39264,1.14993,1.10612,1.21094,1.18989
1.14543,1.21083,0.819357,0.739645,1.05839,1.3965,1.16655,1.10713,1.21718,1.18653
1.15306,1.19332,0.821061,0.752223,1.06397,1.39661,1.17357,1.11736,1.23599,1.17717
1.15278,1.18219,0.81642,0.764342,1.06629,1.41329,1.16657,1.11285,1.23221,1.17313
1.14756,1.16122,0.826922,0.761672,1.06709,1.41944,1.18527,1.11865,1.2584,1.17611
1.15635,1.157,0.820048,0.763289,1.05811,1.40388,1.17895,1.11895,1.27147,1.18214
1.19211,1.1762,0.822782,0.76528,1.05615,1.41153,1.16897,1.11521,1.27208,1.17805
1.17925,1.19056,0.822092,0.755204,1.05749,1.37929,1.18723,1.11119,1.29112,1.15385
1.17139,1.20736,0.827153,0.771867,1.04723,1.38796,1.18345,1.10491,1.27122,1.14558
1.16758,1.2123,0.834179,0.759644,1.04206,1.35142,1.19552,1.10015,1.26444,1.13869
1.15589,1.22091,0.833163,0.746396,1.03489,1.34839,1.21215,1.1066,1.27036,1.15678
1.15999,1.24201,0.839132,0.74717,1.01946,1.36446,1.24037,1.11275,1.28472,1.16249
1.15077,1.24706,0.845537,0.739656,1.02248,1.38655,1.24694,1.10507,1.25747,1.16721
1.15493,1.24354,0.857069,0.730195,1.0003,1.39468,1.24978,1.12946,1.25126,1.14827
1.15336,1.24844,0.850445,0.729861,0.993986,1.37516,1.25179,1.14034,1.26615,1.1281
1.15362,1.26262,0.85804,0.726278,0.984356,1.38629,1.26453,1.15569,1.26864,1.12701
1.14101,1.26898,0.854916,0.718,0.98335,1.40393,1.26441,1.15865,1.28093,1.13708
1.14144,1.28107,0.859531,0.711328,0.994161,1.40601,1.26092,1.16361,1.27967,1.13255
1.12701,1.28208,0.875443,0.720008,0.984396,1.39389,1.28961,1.15344,1.29931,1.13606
1.12637,1.27167,0.883032,0.712226,0.983524,1.41613,1.27643,1.16343,1.30074,1.13178
1.12628,1.27761,0.882663,0.70166,0.974328,1.4043,1.27039,1.15653,1.29414,1.13035
1.12095,1.27802,0.88213,0.704274,0.985415,1.40867,1.26626,1.15316,1.30005,1.13572
1.11849,1.26811,0.876406,0.702406,0.98368,1.40608,1.26363,1.15566,1.30198,1.14929
1.10377,1.24855,0.885139,0.699003,0.98464,1.39684,1.25874,1.1356,1.2871,1.15965
1.0968,1.25655,0.875031,0.703455,0.992056,1.41326,1.26428,1.13069,1.26886,1.16229
1.09546,1.27537,0.871487,0.709433,1.00987,1.42892,1.27196,1.12821,1.25732,1.16741
1.09663,1.29948,0.873174,0.709809,1.00943,1.42838,1.27551,1.12432,1.26373,1.17586
1.11587,1.28416,0.878079,0.705944,1.01775,1.41543,1.25655,1.09514,1.28604,1.1642
1.12572,1.27124,0.882535,0.700431,1.0225,1.41747,1.2546,1.08595,1.27904,1.14936
1.11725,1.26761,0.892113,0.711201,1.02396,1.4288,1.26589,1.10494,1.28343,1.1587
1.10274,1.27485,0.8934,0.709272,1.0146,1.44163,1.25564,1.12289,1.2825,1.14636
1.10318,1.27768,0.897965,0.716045,1.02222,1.4368,1.25022,1.14061,1.27728,1.14811
1.10867,1.27668,0.896774,0.706748,1.01498,1.41736,1.24709,1.14761,1.25792,1.13767
1.11039,1.28558,0.910672,0.698576,1.01317,1.41914,1.23334,1.13963,1.26523,1.14134
1.10319,1.29806,0.8998,0.696667,1.01626,1.42309,1.23491,1.1394,1.28228,1.14831
1.08197,1.31392,0.888883,0.707081,1.02406,1.42627,1.26522,1.14374,1.28242,1.15074
1.0856,1.30917,0.897062,0.711139,1.01736,1.41843,1.27826,1.15562,1.25746,1.13773
1.08732,1.33916,0.886543,0.711929,1.01384,1.41093,1.29136,1.14924,1.27255,1.13865
1.06726,1.35268,0.875088,0.70961,1.00962,1.4387,1.29729,1.14773,1.24876,1.12177
1.06886,1.32662,0.869239,0.70708,1.00321,1.43734,1.32628,1.14586,1.26134,1.10136
1.06733,1.30975,0.862814,0.702521,1.00598,1.43149,1.32452,1.1666,1.28468,1.13535
1.07578,1.31096,0.876814,0.702389,0.995349,1.42549,1.32039,1.15904,1.29319,1.16434
1.0666,1.31249,0.877085,0.705496,1.00481,1.41804,1.31903,1.15539,1.29375,1.15598
1.05432,1.30591,0.886569,0.70758,1.01169,1.42218,1.31882,1.17223,1.29801,1.15679
1.051,1.31505,0.872073,0.721795,1.01504,1.39687,1.30897,1.1722,1.33247,1.1653
1.05659,1.30788,0.87163,0.732487,1.02322,1.41861,1.31066,1.18825,1.33149,1.1666
1.04657,1.30687,0.868445,0.735236,1.02205,1.42175,1.30435,1.18843,1.33796,1.17265
1.05869,1.31531,0.866545,0.732547,1.01098,1.42773,1.29617,1.18401,1.35862,1.15495
1.06231,1.30955,0.860992,0.738963,1.00548,1.42671,1.27812,1.19853,1.33769,1.1484
1.06402,1.31913,0.877372,0.727564,0.992415,1.45371,1.28561,1.18677,1.31859,1.15444
1.05847,1.33319,0.864264,0.727195,0.978474,1.45216,1.29626,1.20809,1.31206,1.14496
1.05557,1.32479,0.860999,0.726964,0.978514,1.46223,1.30604,1.20521,1.30983,1.14118
1.04609,1.32054,0.851519,0.718721,0.987447,1.46198,1.30676,1.22743,1.29775,1.13001
1.05564,1.30918,0.861116,0.724592,1.00019,1.46275,1.30279,1.22922,1.30194,1.12532
1.04919,1.31277,0.860635,0.717552,1.00823,1.4743,1.30273,1.22366,1.30369,1.12387
1.04839,1.31592,0.858529,0.720061,1.02273,1.47302,1.29195,1.20518,1.30812,1.12845
1.03488,1.30331,0.853708,0.727199,1.02453,1.4995,1.29194,1.20805,1.31717,1.12251
1.03699,1.33005,0.860277,0.715593,1.03836,1.48753,1.29403,1.21054,1.29645,1.13336
1.05386,1.33017,0.855668,0.70968,1.02902,1.52469,1.29412,1.19597,1.29931,1.12996
1.05169,1.32676,0.861958,0.708165,1.01675,1.52854,1.31504,1.18996,1.30032,1.13397
1.05595,1.32362,0.854767,0.721746,1.01328,1.54301,1.30184,1.17967,1.2954,1.15165
1.041,1.31323,0.854108,0.713706,1.00425,1.5358,1.32506,1.1842,1.30584,1.17082
1.05082,1.31482,0.853053,0.716741,1.00951,1.51411,1.30731,1.17477,1.29327,1.19807
1.04336,1.29095,0.846587,0.706685,1.00184,1.50647,1.30105,1.17456,1.31853,1.2001
1.04435,1.28483,0.844548,0.709888,0.998364,1.5493,1.28114,1.16923,1.3046,1.206
1.03699,1.2946,0.842597,0.709994,0.990669,1.54678,1.28358,1.16956,1.31031,1.19466
1.03791,1.3019,0.826509,0.700161,0.987409,1.54517,1.28015,1.19492,1.29497,1.21793
1.02902,1.28941,0.832641,0.694323,0.997353,1.55374,1.26518,1.20411,1.28149,1.22131
1.02003,1.28728,0.834233,0.69674,0.992515,1.54274,1.2645,1.22543,1.25509,1.22108
1.02946,1.26826,0.841126,0.701945,0.993384,1.52915,1.2785,1.22521,1.25339,1.22653
1.02206,1.27546,0.849082,0.70385,1.00652,1.54728,1.28441,1.2163,1.24316,1.2345
1.02823,1.24884,0.842486,0.707448,1.00529,1.55767,1.29958,1.21423,1.22764,1.23607
1.03814,1.25712,0.831035,0.696526,1.00693,1.56124,1.29242,1.19329,1.24556,1.24287
1.01418,1.2666,0.827668,0.69109,1.00081,1.56642,1.28887,1.21294,1.24444,1.2282
1.00879,1.26563,0.81107,0.68506,0.991431,1.55793,1.28058,1.21649,1.22914,1.22549
1.01396,1.26179,0.814922,0.689126,0.996615,1.5511,1.28216,1.208,1.23789,1.2268
1.00552,1.26507,0.80903,0.689269,0.991243,1.54856,1.26221,1.23087,1.22629,1.24093
1.01906,1.23878,0.798645,0.684917,1.00889,1.54105,1.25153,1.22854,1.2371,1.26648
1.00788,1.23552,0.782434,0.694002,1.00601,1.54451,1.23154,1.21841,1.24519,1.25187
0.999271,1.23536,0.788735,0.687949,0.987221,1.54242,1.24146,1.21412,1.24423,1.23149
1.00228,1.23769,0.791247,0.699135,0.977002,1.52174,1.24302,1.22023,1.23049,1.21335
0.992465,1.24531,0.797564,0.69549,0.997098,1.528,1.23518,1.21046,1.21762,1.23686
0.985598,1.23353,0.795141,0.689894,0.999092,1.50836,1.23277,1.22036,1.22042,1.22817
0.984688,1.22988,0.805051,0.676833,1.00325,1.50633,1.24864,1.24079,1.22641,1.23913
0.980432,1.25299,0.804647,0.679329,1.01204,1.48957,1.24909,1.23279,1.21253,1.23133
0.960404,1.26828,0.806343,0.680914,1.01125,1.47614,1.27088,1.23995,1.21689,1.22968
0.946049,1.26321,0.810546,0.70001,1.02253,1.47069,1.26965,1.29227,1.2122,1.24047
0.938736,1.24223,0.81103,0.700662,1.02735,1.49313,1.26623,1.30345,1.22834,1.23802
0.925833,1.24497,0.817544,0.70578,1.03348,1.49322,1.28464,1.31465,1.22215,1.25344
0.930642,1.24358,0.808136,0.705837,1.01962,1.47953,1.31228,1.32379,1.18595,1.24219
0.916752,1.25875,0.805538,0.699122,1.01586,1.48811,1.31798,1.34617,1.17927,1.26938
0.918782,1.24671,0.80387,0.696984,1.02171,1.46703,1.33747,1.35212,1.18209,1.28234
0.934671,1.24811,0.803337,0.701105,1.03203,1.45045,1.32142,1.33463,1.20024,1.29606
0.937725,1.23766,0.81483,0.699361,1.03872,1.46863,1.32661,1.33295,1.20864,1.30404
0.929556,1.22036,0.810187,0.693779,1.0352,1.48151,1.3331,1.33424,1.18714,1.30324
0.951227,1.21836,0.808772,0.690943,1.01352,1.51505,1.33643,1.33271,1.20265,1.33142
0.933544,1.22543,0.80793,0.681344,1.00886,1.5176,1.32748,1.33882,1.21579,1.33151
0.931945,1.21067,0.8144,0.685376,0.994639,1.51148,1.32313,1.32131,1.21888,1.34696
0.9323,1.19289,0.819559,0.683914,0.993451,1.53546,1.31069,1.33994,1.22368,1.36092
0.936768,1.19722,0.813572,0.684953,1.00092,1.56029,1.31719,1.33776,1.20668,1.35117
0.95374,1.19855,0.803325,0.676745,0.97869,1.57485,1.31723,1.33118,1.19107,1.35218
0.966285,1.20259,0.796077,0.663247,0.981592,1.59156,1.31668,1.30846,1.18613,1.34324
0.965728,1.21438,0.781638,0.678674,0.986708,1.60552,1.30515,1.31657,1.1923,1.3598
0.973187,1.21358,0.792111,0.687903,0.992655,1.61012,1.30014,1.33545,1.21502,1.3634
0.962541,1.20602,0.79035,0.68194,0.997377,1.59938,1.29279,1.32647,1.24567,1.35331
0.95572,1.20076,0.787788,0.687645,0.994052,1.60001,1.30636,1.3133,1.23269,1.36321
0.960649,1.20355,0.80008,0.681041,1.00228,1.58183,1.30571,1.32858,1.22012,1.37044
0.958687,1.18889,0.816854,0.674237,0.989718,1.58423,1.29542,1.33199,1.20846,1.38903
0.965257,1.1995,0.809905,0.672222,0.991669,1.59049,1.29371,1.33915,1.20478,1.37082
0.97014,1.20046,0.805967,0.660148,1.01042,1.5926,1.2852,1.32171,1.19496,1.40386
0.968797,1.20442,0.80631,0.655556,1.01154,1.61285,1.3013,1.31038,1.19516,1.40692
0.968585,1.18964,0.803473,0.647887,1.0052,1.61126,1.2954,1.33659,1.18763,1.43676
0.979747,1.18704,0.802761,0.649203,0.995229,1.59811,1.29109,1.32234,1.21116,1.43339
0.970942,1.18497,0.821835,0.660975,1.00739,1.6295,1.29743,1.31431,1.21075,1.46127
0.974789,1.19695,0.831508,0.654795,1.01176,1.63968,1.29446,1.30434,1.2496,1.44649
0.982248,1.20043,0.827292,0.660936,1.00496,1.63038,1.29513,1.27882,1.23811,1.45231
0.962862,1.2008,0.840337,0.674281,1.01206,1.6171,1.30892,1.27839,1.23066,1.44043
0.976131,1.19229,0.852927,0.669089,0.99935,1.59599,1.31395,1.30188,1.19912,1.44609
0.979718,1.18575,0.870426,0.664613,1.01377,1.60413,1.30877,1.29669,1.19581,1.47769
0.979378,1.17664,0.884884,0.665224,1.02734,1.5997,1.30439,1.30351,1.19274,1.48655
0.975565,1.16001,0.886026,0.672205,1.005,1.58027,1.31529,1.28406,1.20362,1.5221
0.980175,1.1536,0.88049,0.671818,0.999304,1.60537,1.32682,1.27704,1.21165,1.52323
0.993959,1.16064,0.895657,0.668482,0.994058,1.61643,1.31968,1.28447,1.2206,1.51594
1.00021,1.14061,0.894203,0.664477,1.00995,1.61262,1.32333,1.28563,1.22852,1.51343
0.991312,1.13143,0.90325,0.6498,0.999677,1.59891,1.31905,1.27462,1.20411,1.50856
0.988243,1.13836,0.896508,0.645453,1.0171,1.59307,1.34601,1.28088,1.19355,1.51995
0.985839,1.14698,0.890317,0.652344,1.0235,1.59723,1.33044,1.29769,1.19186,1.50677
0.99166,1.14804,0.881411,0.653861,1.03272,1.60674,1.34504,1.28582,1.16995,1.50698
0.980871,1.15934,0.868017,0.658735,1.04104,1.61717,1.36225,1.2782,1.16935,1.52487
0.968335,1.1539,0.866414,0.656309,1.03762,1.60989,1.34719,1.27551,1.17898,1.53797
0.957264,1.15445,0.865679,0.647901,1.02058,1.64132,1.34525,1.2878,1.16531,1.53103
0.953353,1.13639,0.868324,0.645609,1.01127,1.65822,1.33566,1.27278,1.15279,1.55684
0.950185,1.12633,0.876066,0.649128,1.00085,1.66064,1.3276,1.27695,1.15864,1.53449
0.941732,1.13707,0.881295,0.653213,0.987393,1.67856,1.31827,1.26619,1.15529,1.53079
0.936556,1.12018,0.883729,0.651468,0.991393,1.6738,1.30019,1.25874,1.15879,1.52839
0.939418,1.12137,0.87284,0.650865,1.00182,1.67559,1.3213,1.25798,1.16644,1.52011
0.941093,1.12034,0.870535,0.646453,1.00438,1.66498,1.31747,1.24366,1.15033,1.51206
0.936289,1.11124,0.871194,0.64602,1.00641,1.68336,1.32411,1.23445,1.14667,1.53181
0.94819,1.10474,0.878747,0.64647,0.983457,1.685,1.34007,1.23754,1.14804,1.53161
0.964586,1.08729,0.871926,0.649721,0.981589,1.68554,1.33202,1.24421,1.16785,1.49189
0.966693,1.07921,0.870636,0.645785,0.991332,1.72499,1.32805,1.24878,1.15815,1.51651
0.973464,1.07079,0.857862,0.635188,0.987851,1.72406,1.32355,1.24453,1.15356,1.52054
0.974323,1.06311,0.856849,0.62588,0.974805,1.71051,1.32784,1.22567,1.13912,1.53629
0.976346,1.05689,0.863225,0.633512,0.987961,1.70473,1.33587,1.25411,1.13655,1.54823
0.977163,1.06341,0.866949,0.634317,0.985104,1.70043,1.32367,1.25766,1.13518,1.5277
0.993785,1.05778,0.870669,0.635831,0.977676,1.71469,1.29379,1.25417,1.14458,1.51927
0.987801,1.07363,0.871695,0.639149,0.96037,1.70378,1.28505,1.26699,1.14403,1.54989
0.974635,1.07467,0.884319,0.628125,0.966703,1.69929,1.2982,1.26136,1.13561,1.56666
0.974964,1.08709,0.8901,0.63134,0.967777,1.66021,1.29281,1.26829,1.13767,1.53956
0.988209,1.11011,0.893056,0.628695,0.956969,1.66552,1.2902,1.26165,1.12798,1.5445
1.00167,1.11335,0.903317,0.625665,0.957628,1.67583,1.29185,1.25591,1.12655,1.54452
1.00827,1.12172,0.918139,0.621945,0.958699,1.69201,1.28392,1.25747,1.10929,1.55183
1.01269,1.11426,0.935452,0.62024,0.957926,1.70913,1.29439,1.24363,1.11902,1.56442
1.02131,1.14328,0.952865,0.613259,0.95772,1.69529,1.29596,1.25761,1.10128,1.55182
1.03236,1.13642,0.952752,0.612976,0.939873,1.71326,1.28229,1.26194,1.08596,1.53313
1.03913,1.13808,0.957184,0.618062,0.933646,1.74862,1.28856,1.25565,1.07143,1.50652
1.04256,1.11789,0.958322,0.608858,0.944206,1.73977,1.27763,1.24335,1.05733,1.48698
1.04235,1.11954,0.953984,0.609447,0.958442,1.74133,1.28704,1.2507,1.06393,1.48769
1.04116,1.14218,0.964489,0.600654,0.955001,1.75361,1.27935,1.2524,1.08298,1.48002
1.03754,1.14364,0.963928,0.608422,0.958905,1.78672,1.28475,1.26647,1.07368,1.48253
1.0435,1.13886,0.961768,0.617046,0.976677,1.77281,1.2882,1.26687,1.07358,1.48285
1.04987,1.13436,0.967969,0.613474,0.985515,1.73952,1.28939,1.27964,1.08893,1.47709
1.03948,1.11645,0.967748,0.626434,0.999435,1.71328,1.29422,1.29627,1.0794,1.47719
1.04797,1.11365,0.955434,0.622856,1.01365,1.70338,1.28656,1.2963,1.09136,1.48049
1.07157,1.11313,0.945677,0.619347,0.998624,1.70718,1.28945,1.29228,1.09006,1.46912
1.08751,1.11744,0.955927,0.621647,0.997754,1.68958,1.25912,1.28518,1.07819,1.48231
1.10014,1.12669,0.962759,0.620364,1.00329,1.68984,1.28601,1.27037,1.07599,1.47794
1.09998,1.11439,0.973826,0.621201,1.01412,1.68319,1.28044,1.27302,1.05564,1.47422
1.10451,1.12611,0.995651,0.619208,1.0177,1.66387,1.29327,1.27616,1.04646,1.47856
1.08871,1.12284,1.01091,0.616613,1.01856,1.65235,1.29248,1.26629,1.03026,1.47429
1.08338,1.14299,1.02659,0.605442,1.01915,1.63976,1.31167,1.27544,1.035,1.4676
1.06407,1.14721,1.02834,0.612191,1.01053,1.66069,1.3241,1.29119,1.0265,1.45976
1.05622,1.1489,1.02879,0.609176,1.00598,1.65944,1.34212,1.31085,1.03461,1.4639
1.05234,1.13893,1.04399,0.610486,1.01784,1.66739,1.32539,1.30763,1.02311,1.48483
1.06408,1.13672,1.04399,0.617391,1.02174,1.65838,1.32978,1.31121,1.04152,1.48877
1.10118,1.14376,1.06464,0.612383,1.02867,1.64961,1.3252,1.30813,1.03105,1.48299
1.09564,1.13454,1.0659,0.612026,1.0264,1.66907,1.32432,1.31358,1.04076,1.45268
1.1057,1.14554,1.05951,0.616022,1.02424,1.66632,1.32141,1.32314,1.03578,1.46809
1.1055,1.14983,1.04859,0.617209,1.01098,1.63708,1.33652,1.31938,1.02432,1.47845
1.09335,1.16462,1.05012,0.626798,1.01285,1.65316,1.33902,1.32431,1.04614,1.456
1.09277,1.1697,1.05491,0.623164,1.01318,1.65362,1.3318,1.3055,1.05584,1.46744
1.08326,1.16003,1.04937,0.625206,0.996012,1.63146,1.32626,1.29971,1.07525,1.45341
1.08742,1.14892,1.04956,0.625856,1.01791,1.62538,1.33187,1.31033,1.0732,1.44918
1.09259,1.16613,1.03923,0.618891,1.02984,1.63805,1.35172,1.29402,1.07748,1.45313
1.09423,1.16224,1.04718,0.626429,1.05377,1.6205,1.34,1.27331,1.088,1.43288
1.0884,1.16675,1.04693,0.62984,1.04819,1.59988,1.34573,1.2865,1.09182,1.47026
1.07046,1.18617,1.04956,0.633373,1.05185,1.59252,1.33406,1.29064,1.09543,1.44744
1.06708,1.17346,1.05859,0.623531,1.06397,1.60856,1.34064,1.29409,1.09442,1.44493
1.05926,1.18706,1.07696,0.60982,1.07171,1.61472,1.35053,1.30372,1.08789,1.46949
1.05932,1.18977,1.09072,0.609271,1.07844,1.63097,1.37909,1.31479,1.08866,1.49027
1.069,1.18922,1.07879,0.60648,1.05882,1.64444,1.373,1.31401,1.08209,1.48587
1.05445,1.18146,1.06886,0.609756,1.0705,1.63031,1.37446,1.30735,1.08863,1.48805
1.04908,1.18529,1.07549,0.614273,1.06328,1.64889,1.37756,1.30209,1.0989,1.48326
1.05155,1.19261,1.07565,0.617608,1.06345,1.65284,1.35699,1.29659,1.12035,1.4587
1.05417,1.18993,1.09385,0.61248,1.06249,1.66248,1.33996,1.30135,1.11719,1.46495
1.05338,1.19981,1.08522,0.612473,1.05522,1.63826,1.32946,1.29916,1.12244,1.4846
1.07697,1.19387,1.07175,0.603874,1.04596,1.6419,1.32568,1.30485,1.13175,1.50416
1.09457,1.20831,1.07263,0.602879,1.04143,1.6529,1.3469,1.33193,1.12116,1.51696
1.09306,1.20778,1.07742,0.607772,1.03285,1.64519,1.35875,1.33889,1.12495,1.51122
1.11934,1.22186,1.08103,0.600637,1.04805,1.64714,1.35706,1.31985,1.12434,1.53091
1.1493,1.22366,1.07095,0.607569,1.04836,1.65831,1.3652,1.32084,1.1383,1.5111
1.13411,1.20002,1.06294,0.604156,1.05057,1.68064,1.37759,1.33481,1.15357,1.52407
1.13037,1.19854,1.05188,0.617227,1.06065,1.67813,1.37495,1.33522,1.16322,1.51725
1.12937,1.20597,1.06237,0.608817,1.06791,1.66159,1.37526,1.32359,1.15714,1.52388
1.13246,1.21521,1.06067,0.614633,1.06536,1.68873,1.34404,1.32561,1.16509,1.52114
1.14471,1.20457,1.05612,0.61855,1.07334,1.69938,1.33151,1.31982,1.17056,1.50664
1.13019,1.20705,1.05233,0.616512,1.08504,1.71514,1.33082,1.30791,1.18065,1.49929
1.13461,1.18167,1.04503,0.623772,1.0798,1.72298,1.32672,1.29529,1.18612,1.50922
1.14059,1.17551,1.04318,0.62327,1.06671,1.74916,1.3364,1.29101,1.16988,1.48906
1.12627,1.16704,1.0486,0.632128,1.06786,1.74761,1.3337,1.28872,1.17324,1.50222
1.131,1.17939,1.05063,0.630887,1.05956,1.78147,1.34577,1.29566,1.16578,1.4989
1.12382,1.17762,1.06695,0.631413,1.05574,1.75618,1.35658,1.32362,1.17677,1.49496
1.1214,1.18709,1.05681,0.632094,1.07035,1.72169,1.33905,1.31665,1.17026,1.51313
1.13573,1.19354,1.05056,0.632694,1.08178,1.72706,1.34721,1.31089,1.17652,1.50304
1.11885,1.18976,1.05136,0.635531,1.09632,1.72213,1.32715,1.3027,1.18703,1.46751
1.12396,1.19503,1.03706,0.639877,1.10162,1.72558,1.34359,1.27076,1.17646,1.47087
1.12645,1.19633,1.03316,0.63794,1.11036,1.71161,1.32345,1.28889,1.1793,1.46477
1.11798,1.20284,1.02371,0.64072,1.11662,1.71435,1.30828,1.26772,1.16774,1.42701
1.10368,1.19853,1.04125,0.639001,1.1259,1.70842,1.29736,1.25098,1.16832,1.42146
1.09259,1.20752,1.04506,0.636107,1.11953,1.70932,1.30933,1.24236,1.19936,1.41673
1.10547,1.20362,1.05963,0.634538,1.12171,1.69928,1.31031,1.22559,1.21511,1.39763
1.08761,1.20682,1.04201,0.633605,1.11658,1.69639,1.32986,1.228,1.20881,1.41781
1.10245,1.21053,1.04927,0.631271,1.12456,1.69496,1.34653,1.21998,1.18647,1.41209
1.11207,1.22777,1.0525,0.630947,1.12503,1.72089,1.34282,1.21119,1.18464,1.42867
1.12591,1.25019,1.06925,0.638578,1.12277,1.72478,1.34429,1.21469,1.16266,1.43885
1.12438,1.25777,1.05954,0.644186,1.12147,1.72244,1.32735,1.21586,1.16743,1.46566
1.12999,1.26208,1.07491,0.641078,1.13502,1.74595,1.33485,1.20319,1.18951,1.44594
1.11288,1.25131,1.09188,0.646529,1.13198,1.76078,1.34267,1.18826,1.17704,1.42408
1.11524,1.25132,1.10706,0.642913,1.1442,1.76451,1.36399,1.19709,1.15553,1.39594
1.11676,1.25253,1.10284,0.634963,1.15048,1.78087,1.38508,1.19735,1.1604,1.38511
1.11144,1.25027,1.11014,0.640621,1.15472,1.79221,1.38089,1.21999,1.16724,1.39473
1.11306,1.23654,1.11274,0.652261,1.13242,1.78842,1.39788,1.22029,1.15199,1.39174
1.11239,1.24196,1.11723,0.662257,1.14019,1.78533,1.40176,1.22362,1.14194,1.38484
1.1182,1.23963,1.11716,0.662172,1.13729,1.75453,1.41661,1.22456,1.14063,1.38549
1.12188,1.25134,1.13738,0.658754,1.12893,1.74722,1.4207,1.24977,1.13621,1.34078
1.11843,1.25605,1.13149,0.657674,1.13848,1.75145,1.40301,1.25865,1.1311,1.34643
1.11727,1.2413,1.1079,0.668092,1.13149,1.77908,1.40451,1.23289,1.13809,1.34061
1.11295,1.24044,1.10375,0.671565,1.13743,1.77303,1.41025,1.24498,1.12992,1.34871
1.09865,1.24503,1.11065,0.668196,1.14607,1.79417,1.41314,1.23909,1.12198,1.33793
1.10627,1.23065,1.11652,0.665375,1.15971,1.79114,1.43396,1.22173,1.11386,1.35497
1.09272,1.21947,1.12322,0.66736,1.15598,1.81458,1.4266,1.22464,1.10876,1.36087
1.08321,1.19874,1.11565,0.663789,1.15748,1.84016,1.42588,1.20818,1.10619,1.36221
1.09017,1.19103,1.12855,0.652416,1.14997,1.8516,1.41366,1.22071,1.11852,1.36128
1.08501,1.18028,1.12631,0.655345,1.13858,1.88318,1.41861,1.23511,1.13586,1.37553
1.06587,1.14822,1.13079,0.655364,1.14686,1.9065,1.40247,1.2317,1.12757,1.39352
1.05912,1.15508,1.14701,0.653657,1.13382,1.90192,1.38994,1.2268,1.15809,1.39641
1.06922,1.17165,1.14898,0.651781,1.12328,1.92739,1.3873,1.22691,1.15559,1.38623
1.06459,1.16749,1.13427,0.651403,1.11892,1.90886,1.38053,1.213,1.15563,1.40578
1.04199,1.17409,1.11894,0.645202,1.1329,1.93741,1.38819,1.20648,1.14381,1.42437
1.04263,1.16968,1.12911,0.64207,1.16606,1.93846,1.37962,1.20722,1.12956,1.41231
1.05414,1.18122,1.12904,0.63756,1.15675,1.90541,1.37026,1.21195,1.1438,1.43931
1.04995,1.19179,1.13338,0.645917,1.16053,1.91014,1.36668,1.21523,1.15838,1.4394
1.06539,1.202,1.13999,0.643338,1.1505,1.89408,1.36325,1.21412,1.1862,1.44777
1.06754,1.20557,1.12116,0.64606,1.16219,1.87308,1.35322,1.20331,1.18462,1.43413
1.0769,1.20815,1.11383,0.651471,1.1666,1.8645,1.36493,1.19533,1.20478,1.42949
1.07575,1.18738,1.12205,0.639961,1.1581,1.85665,1.36928,1.18703,1.20565,1.44057
1.06928,1.1823,1.12761,0.641778,1.17271,1.85487,1.36283,1.19346,1.19012,1.4496
1.06916,1.16741,1.10951,0.639794,1.17691,1.8938,1.36514,1.19791,1.18773,1.44852
1.06602,1.17475,1.11302,0.638393,1.19252,1.90388,1.37572,1.20385,1.18056,1.43466
1.05021,1.18129,1.11279,0.635137,1.18947,1.89937,1.38611,1.18531,1.19515,1.45976
1.04456,1.18556,1.12716,0.63208,1.2097,1.88878,1.37259,1.19382,1.19214,1.44533
1.02761,1.19169,1.12802,0.622849,1.1934,1.88296,1.39378,1.20498,1.18645,1.42054
1.02897,1.18864,1.1281,0.620882,1.20988,1.87026,1.39246,1.18998,1.18152,1.41909
1.02816,1.20071,1.13723,0.622173,1.22193,1.89943,1.40841,1.18751,1.18106,1.4361
1.023,1.21778,1.13053,0.625799,1.21749,1.9172,1.41932,1.17403,1.18354,1.43421
1.01597,1.20945,1.13452,0.627727,1.20127,1.89863,1.4294,1.17642,1.18108,1.43718
1.02173,1.20875,1.13901,0.622795,1.18464,1.88421,1.42956,1.17786,1.21138,1.42015
1.01904,1.19596,1.1451,0.624792,1.1607,1.93222,1.44034,1.16107,1.24054,1.40974
1.03159,1.18324,1.15649,0.622707,1.16034,1.96134,1.46087,1.17844,1.25117,1.41773
1.03467,1.18614,1.15703,0.630358,1.16555,1.96778,1.45019,1.16954,1.24729,1.44223
1.03852,1.19011,1.17701,0.635543,1.1734,1.93378,1.43798,1.18659,1.25658,1.43209
1.05011,1.2019,1.1851,0.625347,1.15644,1.93629,1.45228,1.20534,1.26961,1.44436
1.03234,1.19091,1.20246,0.624248,1.16691,1.9598,1.43259,1.21655,1.27855,1.43575
1.04292,1.19711,1.20921,0.632572,1.16721,1.9421,1.42955,1.22695,1.30048,1.42239
1.0412,1.20981,1.21353,0.630411,1.15445,1.95077,1.42399,1.23261,1.30207,1.40273
1.04658,1.24213,1.21016,0.633479,1.16024,1.94639,1.4203,1.24766,1.29301,1.3918
1.05096,1.23402,1.22559,0.6249,1.17493,1.9792,1.39984,1.24644,1.30491,1.3803
1.05734,1.23476,1.2416,0.625183,1.17402,1.96407,1.39136,1.26131,1.30785,1.38265
1.07125,1.25623,1.21957,0.617054,1.16693,1.99102,1.38383,1.27094,1.31121,1.38028
1.09167,1.25619,1.20638,0.618413,1.16894,1.9782,1.37349,1.27069,1.32411,1.38434
1.09432,1.25937,1.2006,0.608661,1.175,1.96614,1.36321,1.27538,1.31322,1.40328
1.08237,1.24103,1.19154,0.59579,1.1802,1.99314,1.35589,1.27997,1.31367,1.3845
1.09065,1.24104,1.17003,0.596932,1.19462,2.0058,1.35782,1.29373,1.28939,1.36686
1.10088,1.24776,1.1628,0.604603,1.21445,1.969,1.35259,1.29114,1.28985,1.3682
1.08946,1.22918,1.1595,0.600168,1.22039,1.99435,1.36325,1.30599,1.28613,1.37852
1.09683,1.2239,1.15397,0.599196,1.20801,2.00986,1.36391,1.32065,1.2784,1.38071
1.10025,1.22811,1.14181,0.593295,1.19429,1.99218,1.35239,1.34197,1.26143,1.38948
1.10175,1.21502,1.1362,0.590196,1.17853,2.01335,1.35848,1.33129,1.27004,1.37674
1.09332,1.21895,1.13412,0.581783,1.17701,1.99905,1.34207,1.33789,1.2702,1.38706
1.0978,1.21638,1.12628,0.587782,1.17339,2.04093,1.36238,1.35236,1.26117,1.40509
1.10424,1.20885,1.11757,0.58954,1.15444,2.04029,1.34061,1.35295,1.25368,1.4175
1.11132,1.2035,1.11115,0.588417,1.15753,2.03703,1.35868,1.36244,1.28505,1.41266
1.10592,1.19264,1.1145,0.588846,1.16156,2.05387,1.35395,1.36364,1.25944,1.41122
1.08936,1.18074,1.11772,0.590833,1.16307,2.08253,1.34608,1.36585,1.26646,1.40647
1.08964,1.17535,1.09738,0.595571,1.16677,2.08164,1.34796,1.36605,1.26553,1.40023
1.08481,1.17166,1.09584,0.596719,1.18097,2.07042,1.35427,1.36844,1.26726,1.39811
1.0869,1.13983,1.10463,0.599389,1.17665,2.07491,1.33695,1.36765,1.24024,1.37042
1.09942,1.1464,1.09048,0.590976,1.19509,2.0947,1.34657,1.38724,1.24177,1.40074
1.08327,1.13582,1.08081,0.603098,1.19579,2.09892,1.34631,1.39918,1.22964,1.40879
1.08449,1.13173,1.07173,0.604606,1.207,2.11415,1.33404,1.4014,1.22354,1.40631
1.10178,1.09884,1.07313,0.599134,1.21704,2.12382,1.3563,1.38638,1.22311,1.4107
1.10336,1.09751,1.0814,0.605402,1.20824,2.13276,1.36216,1.39382,1.23537,1.41662
1.13107,1.07897,1.0837,0.602215,1.20355,2.16708,1.39371,1.38731,1.24317,1.41259
1.12244,1.08411,1.10057,0.598838,1.20746,2.1536,1.38521,1.41956,1.26534,1.43452
1.10857,1.06703,1.10228,0.603576,1.20686,2.13671,1.37811,1.41305,1.27501,1.43324
1.11571,1.06601,1.11259,0.596115,1.19829,2.16022,1.38649,1.41963,1.2595,1.44293
1.11728,1.07036,1.10606,0.593798,1.18769,2.19057,1.39303,1.42879,1.23696,1.45451
1.12256,1.05118,1.09196,0.590268,1.17906,2.171,1.40524,1.43529,1.25557,1.45643
1.11922,1.05306,1.1017,0.582588,1.16768,2.16954,1.39919,1.44227,1.24589,1.45787
1.12179,1.06245,1.10707,0.590049,1.16452,2.15898,1.39904,1.44946,1.24274,1.46499
1.10695,1.04097,1.087,0.584951,1.15193,2.18582,1.41339,1.44612,1.263,1.46545
1.10249,1.04689,1.09108,0.58648,1.15167,2.17501,1.41301,1.443,1.26032,1.48126
1.11244,1.02928,1.08514,0.592338,1.1413,2.16138,1.41404,1.47533,1.25669,1.48564
1.13228,1.02241,1.0843,0.59784,1.14836,2.14549,1.40959,1.46303,1.24051,1.50363
1.13266,1.01406,1.08063,0.596679,1.13021,2.13888,1.41515,1.44398,1.24769,1.48946
1.12575,1.0146,1.06968,0.599097,1.13881,2.11907,1.40224,1.4399,1.23683,1.49758
1.11933,1.01986,1.06582,0.604681,1.14135,2.15757,1.40724,1.44195,1.22312,1.49304
1.12813,1.01148,1.08122,0.593349,1.15446,2.16077,1.38517,1.44803,1.20598,1.51378
1.13147,1.01886,1.1061,0.595701,1.15819,2.15606,1.38024,1.44409,1.21855,1.48546
1.13254,1.01508,1.11415,0.590232,1.16041,2.18105,1.35634,1.47231,1.21366,1.49651
1.12559,1.03628,1.10288,0.591686,1.16571,2.20118,1.36875,1.47783,1.20304,1.5162
1.12916,1.02348,1.12153,0.601448,1.18632,2.23568,1.37872,1.45763,1.2012,1.52181
1.10991,1.01909,1.11698,0.601663,1.18945,2.25531,1.3787,1.43508,1.18834,1.522
1.11602,1.00347,1.10081,0.59514,1.20807,2.25465,1.38569,1.44003,1.16738,1.5555
1.11044,0.988936,1.09644,0.598132,1.20621,2.22026,1.38096,1.4717,1.16171,1.54932
1.12084,0.993627,1.11498,0.598378,1.20208,2.23174,1.37102,1.46292,1.16776,1.54622
1.12995,0.999563,1.12264,0.588563,1.18914,2.22081,1.36173,1.47644,1.18523,1.56091
1.12164,0.993254,1.12553,0.600346,1.18319,2.21418,1.37559,1.47133,1.16106,1.56759
1.11763,0.995543,1.12885,0.592225,1.18272,2.21777,1.36629,1.47777,1.1612,1.57602
1.10602,1.00249,1.13242,0.593069,1.1795,2.22401,1.3435,1.49695,1.18497,1.54671
1.1173,0.996716,1.14869,0.588326,1.17083,2.18147,1.34095,1.49728,1.20538,1.57858
1.10939,0.981777,1.1474,0.588904,1.17744,2.16992,1.33682,1.49889,1.22182,1.59825
1.12129,0.98244,1.14608,0.596965,1.18537,2.17321,1.34064,1.49469,1.22945,1.60087
1.09953,0.978857,1.14233,0.597404,1.19694,2.16046,1.35948,1.46622,1.2393,1.61751
1.0833,0.979045,1.13194,0.610345,1.19415,2.18252,1.3555,1.44206,1.23845,1.59381
1.09305,0.988947,1.13649,0.610891,1.18944,2.17539,1.36763,1.45556,1.22135,1.59454
1.10318,0.977952,1.13289,0.606726,1.19714,2.19989,1.36753,1.43342,1.23065,1.61097
1.09786,0.968105,1.11978,0.606433,1.18435,2.22604,1.35816,1.43902,1.22027,1.62067
1.09929,0.956574,1.12239,0.615268,1.17895,2.219,1.35639,1.4184,1.22475,1.63295
1.09659,0.967432,1.11116,0.613014,1.19182,2.20202,1.34542,1.41983,1.21423,1.637
1.09413,0.963566,1.10463,0.602174,1.19564,2.19636,1.34073,1.4297,1.21486,1.645
1.11653,0.965871,1.09008,0.594331,1.20794,2.21626,1.32373,1.42166,1.21331,1.63084
1.12075,0.958777,1.08517,0.600108,1.19281,2.20509,1.3467,1.43527,1.2005,1.61838
1.13052,0.950992,1.07917,0.594357,1.19353,2.21327,1.35535,1.42396,1.17652,1.64838
1.1138,0.934836,1.06396,0.584603,1.1821,2.19713,1.36398,1.43107,1.16963,1.64172
1.09778,0.933898,1.05115,0.579741,1.1767,2.18574,1.35512,1.45442,1.17317,1.66673
1.09954,0.934622,1.04594,0.575394,1.16749,2.22099,1.36143,1.45313,1.16065,1.70569
1.09556,0.939608,1.05319,0.576028,1.13445,2.20398,1.38421,1.48344,1.16352,1.70719
1.11055,0.93642,1.07024,0.57851,1.14322,2.2266,1.3851,1.49634,1.15633,1.69042
1.11734,0.94425,1.07007,0.586933,1.14383,2.25529,1.38188,1.50557,1.158,1.70293
1.1317,0.956247,1.07201,0.584896,1.16135,2.22935,1.39127,1.53046,1.15793,1.72995
1.12309,0.952997,1.08863,0.591352,1.15673,2.23715,1.3981,1.51529,1.15504,1.73204
1.11556,0.974274,1.07298,0.593275,1.15772,2.25937,1.39293,1.52708,1.15114,1.745
1.11837,0.977494,1.08793,0.593999,1.14139,2.20959,1.37176,1.53391,1.16276,1.71512
1.10656,0.97603,1.0965,0.588355,1.14052,2.21315,1.37804,1.5213,1.15783,1.7198
1.1073,0.973418,1.10205,0.589999,1.14682,2.25626,1.38902,1.50436,1.15525,1.7216
1.11883,0.97643,1.10117,0.581814,1.16909,2.27665,1.40692,1.50396,1.1561,1.72453
1.1161,0.979654,1.11316,0.577841,1.15433,2.2675,1.41344,1.51503,1.16657,1.69275
1.11039,0.967369,1.1103,0.568254,1.1547,2.27619,1.41657,1.53212,1.15349,1.67188
1.09813,0.967971,1.123,0.569141,1.15976,2.31252,1.43142,1.51711,1.13766,1.65818
1.10164,0.96849,1.11983,0.568204,1.15851,2.28684,1.42323,1.49921,1.11422,1.6523
1.11614,0.986835,1.13697,0.56707,1.15505,2.27584,1.43948,1.49316,1.10107,1.6403
1.11765,0.985191,1.13212,0.563233,1.13802,2.30019,1.43954,1.47325,1.10568,1.62308
1.12139,0.995113,1.13747,0.561199,1.14268,2.29579,1.43261,1.45641,1.10632,1.61867
1.11359,0.9986,1.13747,0.548967,1.13246,2.29867,1.45881,1.432,1.11308,1.61669
1.1279,0.994128,1.12392,0.548693,1.13826,2.2825,1.4787,1.42212,1.12829,1.59566
1.11837,0.977827,1.11791,0.560945,1.12454,2.28869,1.48266,1.43065,1.13541,1.59952
1.11348,0.993919,1.09242,0.561593,1.11625,2.29774,1.51228,1.43254,1.11916,1.62082
1.11528,0.997799,1.08826,0.563206,1.11554,2.32846,1.512,1.45695,1.10294,1.63898
1.11585,0.991084,1.08517,0.556053,1.09097,2.29369,1.51132,1.4438,1.08959,1.65612
1.08566,0.999297,1.07526,0.562388,1.08646,2.27402,1.51319,1.45422,1.09747,1.68406
1.07503,1.00659,1.07215,0.560336,1.09834,2.25768,1.50153,1.43819,1.10119,1.71259
1.07204,0.998176,1.07136,0.556418,1.10298,2.25828,1.52516,1.42609,1.11178,1.70747
1.06823,0.985833,1.08071,0.552708,1.11374,2.28504,1.49602,1.43392,1.10121,1.72407
1.07159,0.98545,1.0646,0.553125,1.09988,2.27761,1.50388,1.41893,1.09863,1.74342
1.0837,0.972051,1.06624,0.558416,1.0874,2.24351,1.51382,1.42242,1.09994,1.75442
1.07391,0.986321,1.06978,0.548418,1.08828,2.22978,1.50803,1.42307,1.09032,1.7778
1.06537,0.991459,1.07419,0.548451,1.08866,2.25661,1.52946,1.42762,1.09061,1.79497
1.06767,0.98882,1.07235,0.55041,1.1058,2.27515,1.53503,1.43943,1.1062,1.81282
1.07102,0.997904,1.09721,0.55401,1.0882,2.25683,1.55935,1.45467,1.09744,1.78348
1.07932,0.999194,1.11154,0.556817,1.07027,2.2719,1.54736,1.43916,1.09789,1.7798
1.07047,1.0147,1.11684,0.55589,1.08034,2.27548,1.52679,1.45176,1.09078,1.7643
1.08525,1.02054,1.1289,0.55476,1.1005,2.27755,1.51495,1.45433,1.09112,1.76459
1.08502,1.02464,1.14425,0.548367,1.08672,2.31327,1.50053,1.45794,1.09253,1.77267
1.08797,1.00868,1.13531,0.554934,1.07137,2.31573,1.5108,1.44726,1.08069,1.76862
