0,1,2,3,4,5,6,7,8,9
1,1,1,1,1,1,1,1,1,1
1.00664,0.985623,1.00407,0.997147,0.980113,1.00975,0.996373,0.993503,1.02646,1.00517
1.00116,0.973745,0.987846,0.994068,0.965369,1.02427,1.00306,1.00691,1.02032,1.0186
0.988251,0.97391,0.975919,1.00737,0.960186,1.0346,1.00527,1.00812,1.02659,1.0199
0.9932,0.975103,0.988889,1.01292,0.966072,1.03434,1.00375,1.01285,1.02372,1.02696
0.982896,0.98575,1.01009,1.01389,0.973411,1.03593,0.988043,1.00864,1.03928,1.02746
0.986615,0.989028,1.01247,1.01896,0.992132,1.03414,0.996057,1.01064,1.04729,1.04638
0.986329,0.984175,1.01164,1.02648,0.984634,1.03171,0.984473,1.00966,1.05625,1.04351
0.979538,0.99018,0.988811,1.02431,0.984567,1.02588,0.982013,1.00752,1.03612,1.04446
0.989759,0.990424,0.97661,1.00836,0.975478,1.02476,0.992959,0.992806,1.04218,1.05363
1.00211,0.983592,0.969155,1.00311,0.980496,1.03774,0.995601,1.00229,1.03098,1.0539
0.993603,0.979131,0.956894,0.977438,0.986523,1.02338,0.969857,0.994076,1.02632,1.07126
1.01194,0.972415,0.954539,0.977119,0.982892,1.02093,0.965535,0.998448,1.01528,1.0625
1.01344,0.96393,0.926848,0.986944,0.994052,1.02202,0.954119,0.987703,1.00535,1.08059
1.02647,0.955303,0.909958,0.982512,1.00359,1.03992,0.953574,1.00049,1.00582,1.08364
1.00895,0.961866,0.922874,0.972874,1.01068,1.04323,0.947989,0.99713,0.988622,1.07215
0.99716,0.961175,0.907657,0.971125,1.01733,1.02045,0.941938,0.988402,0.987428,1.06556
0.995665,0.958523,0.902249,0.960563,1.01065,1.01344,0.963805,1.00586,0.993403,1.05849
1.00746,0.953164,0.910786,0.952208,1.00965,0.992967,0.973314,1.00433,0.993452,1.05996
1.00383,0.961487,0.91396,0.956534,1.01508,0.9815,0.971016,1.00958,1.00069,1.07457
0.999411,0.948139,0.903477,0.960093,1.01538,0.978044,0.97293,0.992776,1.00599,1.08171
0.988,0.969864,0.892747,0.960168,1.0141,0.968663,0.984334,0.996932,0.999129,1.05643
1.0024,0.97636,0.905084,0.950528,1.01619,0.971089,0.982681,0.993153,0.987559,1.05027
0.993382,0.98316,0.900251,0.948326,1.02238,0.988638,0.991237,0.99059,0.99469,1.0308
0.997886,0.982638,0.905063,0.943672,1.03175,0.990934,1.00308,0.988433,1.01385,1.04442
0.992472,0.977354,0.908571,0.938267,1.02877,0.988571,0.99875,0.992381,1.01624,1.03579
0.995961,0.983286,0.917722,0.940759,1.01786,0.978868,0.998698,1.0043,1.02211,1.04062
1.00895,0.989076,0.903962,0.938531,1.01579,0.98251,0.98141,0.99175,1.01856,1.05932
0.99311,0.992029,0.906613,0.94427,1.01571,0.971953,1.00208,0.999027,1.03817,1.04653
0.995512,0.994565,0.904523,0.960492,1.03992,0.945115,0.999001,1.00535,1.03523,1.03953
1.01091,0.995309,0.908135,0.953262,1.03313,0.943892,1.0015,0.997852,1.04678,1.05299
1.014,0.998481,0.898655,0.957314,1.03932,0.942807,1.00735,1.00084,1.04694,1.03963
1.02289,0.984371,0.900682,0.953719,1.04746,0.936239,1.01857,0.994172,1.05147,1.04414
1.02724,0.971695,0.897229,0.951658,1.07843,0.942792,1.01757,0.98375,1.05404,1.06375
1.03184,0.982594,0.894874,0.950154,1.07357,0.963335,1.03277,0.980665,1.05525,1.07745
1.00769,0.995284,0.896864,0.95441,1.06837,0.960424,1.03297,0.991298,1.0504,1.08768
1.00916,0.979293,0.895755,0.965148,1.07548,0.959527,1.04223,0.997578,1.04088,1.0752
1.02769,0.973538,0.913748,0.959442,1.06922,0.94473,1.02064,0.997297,1.03507,1.0755
1.02712,0.978154,0.923937,0.950945,1.06614,0.945305,1.01083,0.998249,1.03065,1.072
1.02251,0.981535,0.921344,0.961115,1.06532,0.955471,0.998528,1.0012,1.04559,1.05682
1.00637,0.98283,0.905594,0.978311,1.07505,0.972294,0.985241,0.993679,1.03541,1.06626
1.0011,0.981517,0.896552,0.996299,1.07374,0.97041,0.994838,0.981572,1.03402,1.04549
0.991164,0.980474,0.902996,0.995982,1.08172,0.966335,0.984539,0.970812,1.04653,1.05275
0.991076,0.972661,0.925548,0.99722,1.07574,0.956754,0.989884,0.973136,1.05984,1.04853
0.991094,0.974876,0.922326,0.973076,1.08043,0.950903,0.980293,0.977382,1.04423,1.05972
0.985452,0.970406,0.91479,0.974511,1.06271,0.962799,0.965138,1.00218,1.03549,1.05541
0.992426,0.974519,0.930856,0.986119,1.07771,0.959754,0.963458,1.00677,1.02677,1.06196
1.01096,0.974343,0.947969,0.984583,1.08737,0.96689,0.973599,1.00879,1.04356,1.0611
1.02229,0.969094,0.933299,0.984114,1.07691,0.974865,0.967313,1.0212,1.04548,1.06621
1.01852,0.969272,0.936054,0.988364,1.06215,0.97153,0.966447,1.0384,1.05324,1.05919
1.01655,0.96866,0.928283,0.998634,1.05166,0.978224,0.965533,1.03796,1.03336,1.07921
1.01541,0.970228,0.921029,0.996481,1.05762,0.979253,0.979617,1.03901,1.03819,1.09454
1.02954,0.977235,0.93456,0.989841,1.05129,0.977019,0.96469,1.04586,1.03789,1.10535
1.0385,0.97489,0.93983,0.996594,1.0505,0.976297,0.941309,1.05727,1.05232,1.10236
1.02507,0.964843,0.938006,0.983166,1.0489,0.989905,0.953076,1.04933,1.04262,1.09498
1.01529,0.960317,0.944599,0.986071,1.03668,0.983154,0.964058,1.06693,1.02489,1.08991
0.99845,0.947061,0.948693,0.995433,1.02841,0.976441,0.949722,1.06465,1.0128,1.10041
0.980287,0.955808,0.938946,1.00383,1.03177,0.976832,0.947611,1.0683,1.01215,1.09804
0.981872,0.954537,0.930491,1.01308,1.01687,0.974899,0.944986,1.06198,0.998229,1.08807
0.982856,0.955215,0.922447,0.997153,1.01709,0.969438,0.938317,1.05287,0.976807,1.09855
0.957146,0.966339,0.910481,0.990949,1.00512,0.971223,0.934196,1.05722,0.978454,1.12172
0.956871,0.962255,0.927646,0.996122,1.00196,0.971116,0.92863,1.04398,0.983571,1.10329
0.952759,0.972743,0.932375,1.00108,0.991925,0.977032,0.92063,1.04418,0.983434,1.07812
0.940403,0.978452,0.917405,0.988445,0.986853,0.976613,0.91716,1.05443,0.985314,1.09253
0.930859,0.968974,0.920455,0.995362,0.98798,0.974059,0.925662,1.04258,0.989761,1.0881
0.940867,0.976865,0.909896,0.979413,0.973348,0.994529,0.92242,1.04155,0.985638,1.09868
0.933915,0.985503,0.916143,0.97297,0.975023,0.9929,0.922884,1.04277,0.980161,1.08965
0.929038,0.996833,0.91385,0.954886,0.960518,0.990294,0.913523,1.05072,0.973801,1.10648
0.927761,0.991654,0.924302,0.946929,0.979245,0.982227,0.930068,1.05725,0.974771,1.11363
0.9248,0.998942,0.911658,0.95536,0.984487,0.99221,0.938679,1.0661,0.968279,1.1128
0.936861,0.988195,0.902064,0.968983,0.987238,1.00131,0.933237,1.06414,0.968255,1.12125
0.936827,0.995361,0.902393,0.951393,0.989863,1.01537,0.933726,1.04251,0.968644,1.11691
0.926133,1.01043,0.909154,0.949933,0.988074,1.02945,0.934128,1.03341,0.971767,1.12015
0.937605,1.02788,0.901839,0.947509,0.983125,1.02046,0.924927,1.0209,0.968534,1.12723
0.922704,1.01641,0.912503,0.953398,0.99159,1.02015,0.93118,1.0071,0.968715,1.13178
0.91434,1.03074,0.911934,0.958024,1.00255,1.02538,0.938896,0.983614,0.962616,1.13996
0.912902,1.04193,0.9196,0.9719,1.00274,1.02115,0.937245,0.990815,0.96622,1.14605
0.909242,1.03413,0.915231,0.996189,1.0094,1.02108,0.936469,0.980344,0.972687,1.1541
0.912326,1.04893,0.904207,0.995186,1.00892,1.03711,0.932415,0.984913,0.974456,1.14479
0.89847,1.03697,0.930873,0.98754,1.00611,1.0448,0.936804,0.977595,0.960212,1.14525
0.896395,1.0515,0.933423,0.991929,1.00613,1.04903,0.938404,0.985754,0.955179,1.12169
0.900907,1.07918,0.928637,0.980989,1.0024,1.02068,0.934707,0.989422,0.937952,1.11975
0.90165,1.06722,0.928116,0.98695,1.00274,1.00409,0.932146,0.982153,0.931152,1.11176
0.894321,1.06366,0.935099,0.991229,1.00882,1.02583,0.948224,0.99542,0.943983,1.09394
0.885231,1.0766,0.964404,1.00361,1.02136,1.02558,0.932424,1.00158,0.957398,1.06951
0.879834,1.08548,0.960225,0.993328,1.03218,1.03682,0.930549,1.03116,0.960682,1.05976
0.867542,1.07977,0.952885,0.998959,1.03201,1.04749,0.935781,1.03804,0.96761,1.04399
0.861597,1.05176,0.942336,1.00029,1.03221,1.05467,0.928041,1.03076,0.965806,1.04732
0.85305,1.04764,0.942023,0.982644,1.03132,1.07336,0.928398,1.03866,0.956652,1.05336
0.863782,1.0717,0.935822,0.977541,1.00289,1.06377,0.927402,1.0539,0.951247,1.07119
0.854794,1.07996,0.926206,0.972147,1.00368,1.06445,0.910137,1.05333,0.938488,1.07317
0.849508,1.07639,0.921615,0.976079,1.00809,1.06717,0.912674,1.06391,0.936777,1.0937
0.874201,1.08828,0.927716,0.96925,0.975362,1.05949,0.905671,1.06394,0.926268,1.08826
0.878834,1.0872,0.92043,0.978943,0.988695,1.06536,0.903707,1.06685,0.927817,1.0821
0.883938,1.10148,0.936065,0.979886,0.977021,1.06651,0.916967,1.06274,0.921176,1.08814
0.891044,1.07999,0.948701,0.987727,0.975567,1.05269,0.927684,1.05647,0.914706,1.09111
0.8859,1.07,0.929732,0.978856,0.969229,1.06295,0.924859,1.04163,0.908169,1.08538
0.905287,1.04657,0.929027,0.982208,0.96964,1.08128,0.921488,1.05874,0.913663,1.08548
0.901296,1.05192,0.917887,0.991512,0.984037,1.0777,0.927037,1.06554,0.917032,1.09467
0.914918,1.04509,0.925096,0.983296,0.962328,1.07643,0.938064,1.06189,0.91683,1.09848
0.905761,1.0504,0.910007,0.995827,0.960449,1.07088,0.957672,1.03987,0.91226,1.08303
0.890221,1.08457,0.914685,1.00762,0.94105,1.05524,0.964094,1.03648,0.900825,1.08154
0.878721,1.08991,0.901491,0.994691,0.947006,1.04406,0.967428,1.06518,0.884027,1.08427
0.880705,1.08728,0.884375,0.992887,0.936303,1.04756,0.972309,1.06244,0.881589,1.07987
0.888745,1.10529,0.874263,1.0157,0.943014,1.03416,0.973688,1.05617,0.874521,1.0816
0.902779,1.10446,0.886901,1.00469,0.93525,1.02878,0.972695,1.06281,0.871456,1.08678
0.910458,1.10195,0.901878,1.00285,0.943705,1.03926,0.954858,1.06362,0.871601,1.06899
0.915199,1.09762,0.907959,0.983032,0.955997,1.0364,0.972339,1.06591,0.874122,1.05456
0.925616,1.09254,0.915021,0.96885,0.9618,1.04367,0.974939,1.06644,0.875609,1.0498
0.93618,1.09125,0.914551,0.971445,0.971173,1.05477,0.96684,1.0543,0.887559,1.05398
0.930865,1.09011,0.910705,0.982842,0.976115,1.05379,0.963234,1.04962,0.895698,1.05622
0.922737,1.08792,0.902722,0.984953,0.959067,1.05899,0.947769,1.03838,0.895121,1.06516
0.928222,1.09019,0.909166,0.983399,0.964121,1.05416,0.951896,1.04797,0.874949,1.06662
0.939035,1.08284,0.895653,0.999101,0.970956,1.05943,0.943424,1.03015,0.873452,1.06899
0.953034,1.09414,0.908905,1.00562,0.976978,1.04591,0.949112,1.035,0.871629,1.07452
0.965589,1.08806,0.8953,1.01505,0.979458,1.05068,0.945284,1.02549,0.858856,1.07825
0.954554,1.08894,0.889251,1.01429,0.985922,1.04939,0.936604,1.01554,0.841304,1.09822
0.955601,1.09867,0.873837,1.0349,0.967392,1.04187,0.94118,1.02621,0.842113,1.11375
0.948755,1.09991,0.870732,1.03306,0.987589,1.03599,0.939513,1.02664,0.842291,1.10421
0.968393,1.09776,0.868692,1.04353,0.996318,1.03862,0.931952,1.03627,0.858396,1.08153
0.96236,1.1108,0.871798,1.05437,1.00169,1.03643,0.920992,1.03798,0.868086,1.08124
0.954861,1.11016,0.870615,1.05412,1.00551,1.02191,0.924213,1.0402,0.881583,1.07696
0.945371,1.11117,0.867138,1.05714,0.995633,1.03143,0.928266,1.04925,0.881535,1.06372
0.935661,1.10886,0.875765,1.07564,0.98836,1.02425,0.922536,1.05757,0.881603,1.0539
0.956794,1.10606,0.862137,1.08729,0.991969,1.03655,0.931175,1.04296,0.872549,1.07303
0.960044,1.1139,0.853297,1.09681,0.974093,1.03852,0.935102,1.0391,0.878311,1.07491
0.971406,1.10889,0.852945,1.1092,0.973591,1.02356,0.944554,1.04585,0.883644,1.07262
0.964804,1.11407,0.853913,1.10396,0.97244,1.02663,0.940977,1.03593,0.880601,1.08043
0.955331,1.10648,0.851387,1.1071,0.968264,1.02522,0.944519,1.04555,0.878662,1.08873
0.962621,1.12474,0.848012,1.10575,0.974104,1.03177,0.94672,1.04992,0.874132,1.08004
0.965979,1.14766,0.857398,1.10189,0.97173,1.02688,0.941788,1.04532,0.870256,1.08256
0.976349,1.14583,0.88352,1.09023,0.964903,1.03777,0.930859,1.03314,0.879416,1.0826
0.982504,1.12516,0.872288,1.10088,0.958838,1.05755,0.921196,1.03928,0.869295,1.06697
0.980272,1.12134,0.859182,1.07995,0.958781,1.0685,0.922709,1.04404,0.873322,1.04777
0.980162,1.11856,0.863392,1.09724,0.952093,1.08103,0.946435,1.04081,0.86559,1.04844
0.957355,1.13094,0.866509,1.09712,0.944822,1.06635,0.936989,1.01953,0.875414,1.05436
0.947378,1.12864,0.854499,1.07333,0.935791,1.04652,0.928879,1.01138,0.867602,1.06613
0.958129,1.13829,0.849151,1.09286,0.941511,1.03426,0.938156,1.00822,0.86876,1.05995
0.952661,1.137,0.86785,1.08537,0.937257,1.02788,0.932144,1.00653,0.85446,1.05023
0.946756,1.13298,0.864422,1.07091,0.930462,1.02676,0.935579,0.99962,0.8545,1.0595
0.953538,1.14111,0.884055,1.07991,0.920279,1.03413,0.934943,0.980796,0.844889,1.07463
0.952146,1.1534,0.880911,1.06999,0.933393,1.05408,0.936254,0.983588,0.834306,1.06643
0.959598,1.15756,0.901688,1.06279,0.93488,1.04424,0.942207,0.984723,0.835922,1.07522
0.96279,1.14963,0.895591,1.06788,0.955465,1.03302,0.952027,1.00103,0.836779,1.0685
0.950451,1.15198,0.891661,1.08362,0.970087,1.03551,0.960108,0.983985,0.831427,1.07754
0.975293,1.13455,0.906698,1.07928,0.9698,1.04649,0.966649,0.980036,0.833837,1.09729
0.978274,1.12847,0.909587,1.07583,0.974377,1.04551,0.961552,1.00968,0.837001,1.09422
0.985754,1.11616,0.904211,1.09731,0.973369,1.03757,0.97576,1.01334,0.833396,1.07927
0.986797,1.12001,0.896801,1.08651,0.990201,1.02422,0.96789,1.02442,0.823676,1.0762
0.990116,1.10939,0.893142,1.06613,0.988872,1.02602,0.961993,1.01984,0.81975,1.08753
0.983194,1.1215,0.892819,1.0494,0.986345,1.01192,0.964157,1.03166,0.827183,1.06981
0.980125,1.13837,0.888586,1.06523,0.983167,1.0073,0.963129,1.03769,0.819418,1.08162
0.972488,1.14002,0.885997,1.06798,0.996361,1.00518,0.967704,1.04216,0.833701,1.08338
0.965879,1.14683,0.880152,1.06806,1.00731,0.997782,0.957536,1.02982,0.832909,1.07504
0.961628,1.14365,0.877186,1.06425,1.0144,1.01002,0.943175,1.01689,0.83186,1.07248
0.948515,1.13537,0.877482,1.05813,1.01872,1.00437,0.944807,1.02704,0.827888,1.07034
0.950237,1.13166,0.880661,1.05514,1.01223,1.01151,0.945517,1.01536,0.831073,1.07279
0.956681,1.13714,0.868497,1.061,1.01531,0.997834,0.972872,1.01711,0.83105,1.08258
0.973899,1.13407,0.880064,1.07388,1.04599,0.990835,0.96624,1.02936,0.840535,1.08813
0.979152,1.1058,0.870112,1.08333,1.04411,0.971968,0.972376,1.04321,0.8372,1.07778
0.985182,1.10459,0.870327,1.07388,1.03761,0.962237,0.983286,1.04521,0.846597,1.08652
0.995755,1.08926,0.886421,1.08055,1.04083,0.966765,0.992501,1.05241,0.861398,1.09613
0.975392,1.09504,0.902476,1.09057,1.03364,0.972006,0.986553,1.04121,0.846857,1.09051
0.984094,1.10312,0.89887,1.09429,1.01391,0.973768,0.992656,1.03729,0.851095,1.07144
0.978168,1.08914,0.909295,1.08125,1.01339,0.968185,1.00634,1.02469,0.848528,1.08544
0.97675,1.08296,0.930745,1.08529,0.980714,0.960482,1.01219,1.0271,0.838459,1.08564
0.970876,1.09813,0.936128,1.09063,0.976088,0.959588,1.01656,1.02909,0.822288,1.09944
0.966673,1.0788,0.928243,1.09683,0.988406,0.96474,1.01806,1.04344,0.83079,1.10036
0.976739,1.07939,0.923564,1.1005,0.989911,0.945153,1.03294,1.04703,0.834633,1.12145
0.977795,1.06862,0.901905,1.09192,0.98484,0.963503,1.02234,1.04885,0.848697,1.12475
0.977444,1.07351,0.892133,1.10498,0.988408,0.964675,1.02094,1.07168,0.849498,1.12179
0.971666,1.07899,0.892707,1.09761,0.990783,0.966967,1.02324,1.06944,0.853735,1.14198
0.965101,1.07996,0.884728,1.10584,0.987355,0.955446,1.02712,1.07608,0.858404,1.13047
0.948149,1.07292,0.883798,1.09438,0.97921,0.954687,1.05182,1.06952,0.875716,1.14836
0.963862,1.05407,0.875256,1.07823,0.960326,0.968743,1.05271,1.07299,0.884584,1.13799
0.960618,1.06311,0.869929,1.0614,0.969848,0.983931,1.04866,1.07845,0.881881,1.13197
0.959477,1.08549,0.871738,1.07043,0.977432,0.986839,1.06419,1.08604,0.893294,1.13248
0.963515,1.09163,0.863206,1.07724,0.993354,0.994278,1.05512,1.10504,0.89295,1.13123
0.958377,1.07494,0.854025,1.0748,0.980624,0.990391,1.06307,1.09594,0.881043,1.12945
0.954804,1.06814,0.861166,1.07143,0.978296,1.01296,1.06739,1.10401,0.870663,1.12439
0.950647,1.08148,0.872305,1.07831,0.985139,1.02388,1.05386,1.09748,0.866539,1.13435
0.940338,1.06718,0.865699,1.07525,1.00024,1.01487,1.05773,1.09001,0.870689,1.13298
0.933797,1.07632,0.868352,1.0546,1.02481,1.00373,1.06358,1.09648,0.867872,1.12493
0.9205,1.08201,0.874457,1.04117,1.05049,1.02237,1.07149,1.10434,0.856368,1.11259
0.91419,1.07667,0.865174,1.0519,1.04471,1.02058,1.07046,1.10464,0.84773,1.09902
0.907085,1.08414,0.868056,1.04823,1.04447,1.03339,1.05926,1.10841,0.840512,1.07953
0.88896,1.08983,0.8803,1.04688,1.03661,1.03494,1.06494,1.11864,0.838403,1.07872
0.893738,1.07336,0.878262,1.05271,1.03676,1.03279,1.07084,1.1368,0.844144,1.08948
0.886651,1.08067,0.894209,1.0502,1.03981,1.01729,1.07371,1.14652,0.863249,1.08256
0.882429,1.08043,0.899051,1.06196,1.04117,1.02061,1.0756,1.15998,0.885046,1.09152
0.880054,1.08128,0.893318,1.06889,1.05537,1.02236,1.0604,1.15213,0.890784,1.092
0.889281,1.08161,0.898796,1.07634,1.06083,1.01577,1.05604,1.16271,0.892153,1.08837
0.89366,1.0908,0.90808,1.06751,1.04791,1.01295,1.05103,1.16811,0.902428,1.09493
0.905157,1.08963,0.921894,1.07483,1.05614,1.01606,1.05522,1.16807,0.890841,1.10444
0.900184,1.08965,0.931155,1.08975,1.07109,1.01564,1.04984,1.17559,0.888914,1.0999
0.894294,1.07611,0.937244,1.09041,1.0847,1.01166,1.06285,1.18145,0.889234,1.09777
0.901609,1.09323,0.948489,1.09506,1.08479,1.01607,1.06534,1.17553,0.892223,1.08675
0.919534,1.09723,0.945786,1.09594,1.09649,1.00987,1.0478,1.18669,0.899793,1.07224
0.919909,1.08483,0.948501,1.10302,1.10156,1.0295,1.05977,1.18728,0.917126,1.06482
0.916366,1.06308,0.953887,1.09249,1.06974,1.02332,1.04933,1.18258,0.918498,1.0837
0.906769,1.07833,0.945459,1.11502,1.06282,1.04625,1.0332,1.18726,0.922238,1.07875
0.904661,1.097,0.965001,1.1248,1.04815,1.03859,1.02569,1.1905,0.926184,1.08821
0.904731,1.10184,0.962406,1.11621,1.04534,1.03238,1.04009,1.20143,0.9169,1.09983
0.917782,1.11689,0.954431,1.13038,1.04199,1.03893,1.04145,1.20841,0.924134,1.0916
0.923775,1.11719,0.952396,1.11283,1.0463,1.05359,1.05239,1.20561,0.925581,1.09273
0.91743,1.10297,0.960256,1.10228,1.04758,1.04801,1.05463,1.20928,0.921597,1.08794
0.916377,1.11101,0.939922,1.10476,1.03562,1.01893,1.03985,1.21231,0.921424,1.08529
0.924812,1.13416,0.93391,1.08806,1.02319,1.02717,1.03486,1.19248,0.907862,1.08854
0.941059,1.11714,0.939894,1.08505,1.01272,1.03567,1.03417,1.19243,0.91668,1.10961
0.934123,1.11737,0.939886,1.07094,1.01473,1.04064,1.03902,1.20892,0.921395,1.11707
0.93743,1.11684,0.917937,1.07262,0.99203,1.04562,1.06867,1.21742,0.929283,1.14288
0.917786,1.11386,0.924062,1.07708,0.990664,1.04813,1.07078,1.22252,0.927403,1.15208
0.918861,1.11197,0.920365,1.09079,1.00504,1.03173,1.06385,1.20901,0.942213,1.15011
0.936009,1.11187,0.908734,1.09412,1.01355,1.0296,1.05293,1.20284,0.940999,1.14645
0.948515,1.0993,0.90286,1.09559,1.01863,1.02269,1.04567,1.20292,0.949131,1.16717
0.951752,1.07613,0.892468,1.08864,1.01613,1.0192,1.0418,1.18461,0.955463,1.16509
0.949296,1.07316,0.905493,1.10157,1.0193,1.01762,1.03309,1.1817,0.949918,1.16998
0.951594,1.09249,0.894924,1.10101,1.0279,1.02938,1.02287,1.19505,0.963606,1.14992
0.955472,1.09557,0.898031,1.09296,1.03314,1.01243,1.00888,1.20732,0.936598,1.17003
0.955385,1.09618,0.887847,1.10287,1.02731,1.01354,1.00856,1.20857,0.94979,1.18576
0.963358,1.10539,0.885796,1.09141,1.02832,1.02118,1.01703,1.19378,0.960573,1.18738
0.958699,1.12098,0.880042,1.09926,1.03642,1.00585,1.0097,1.21083,0.954968,1.16879
0.965429,1.13009,0.872345,1.08908,1.05012,0.999544,1.01712,1.21937,0.947379,1.17964
0.968442,1.13128,0.863798,1.08422,1.05399,1.0003,1.00738,1.23196,0.938859,1.18066
0.967116,1.12839,0.850585,1.07505,1.04197,1.01238,1.00245,1.23789,0.945773,1.18563
0.96052,1.1244,0.858245,1.0607,1.03669,1.00788,1.01673,1.23103,0.948328,1.18608
0.960451,1.11781,0.842463,1.05566,1.02877,1.00268,1.02851,1.24737,0.950371,1.18745
0.941904,1.11272,0.838642,1.06355,1.02121,0.994377,1.01751,1.26482,0.927052,1.18455
0.942608,1.11577,0.824851,1.05143,1.03026,0.987204,1.02125,1.25284,0.920773,1.19327
0.953621,1.11117,0.821534,1.04056,1.04056,0.991335,1.0256,1.24659,0.9118,1.18832
0.953305,1.11063,0.824876,1.03652,1.03638,0.983827,1.03552,1.24417,0.918134,1.19904
0.950725,1.11445,0.824022,1.04553,1.04554,0.986603,1.03641,1.25044,0.928042,1.19457
0.951933,1.11694,0.828575,1.03706,1.05424,1.00011,1.02387,1.23629,0.939127,1.18285
0.958834,1.11783,0.824759,1.03112,1.05648,1.00238,1.02398,1.2623,0.934893,1.19192
0.956377,1.10655,0.825696,1.04494,1.06094,1.01223,1.04007,1.25411,0.933522,1.17653
0.970243,1.11132,0.84939,1.04915,1.04243,0.994885,1.05156,1.2458,0.935483,1.17526
0.975145,1.11077,0.855241,1.04026,1.05577,0.974577,1.04124,1.2681,0.944844,1.15931
0.969653,1.09956,0.841671,1.06985,1.0371,0.974045,1.05108,1.27265,0.943741,1.16594
0.958979,1.11403,0.840187,1.07431,1.03818,0.981868,1.04872,1.26144,0.970294,1.15521
0.951134,1.09858,0.825569,1.05224,1.03212,0.984289,1.04687,1.2603,0.954775,1.17369
0.959169,1.09105,0.823073,1.03126,1.04788,0.967364,1.03168,1.24841,0.956917,1.19395
0.949797,1.08994,0.823452,1.02494,1.05801,0.964473,1.04268,1.25354,0.956102,1.17689
0.936737,1.09045,0.822235,1.04106,1.06466,0.972662,1.03565,1.24388,0.949163,1.17233
0.920291,1.08809,0.817654,1.03491,1.09068,0.983945,1.0168,1.23232,0.945467,1.18002
0.909205,1.06443,0.814797,1.01712,1.11598,0.973228,1.02081,1.2317,0.931009,1.17786
0.912844,1.05929,0.820697,1.01894,1.10902,0.953549,1.01337,1.27177,0.937114,1.16182
0.905387,1.04803,0.830764,1.03152,1.09672,0.958122,1.00945,1.28383,0.932712,1.16695
0.901233,1.03608,0.825294,1.03951,1.12898,0.952032,1.00735,1.29015,0.939203,1.16652
0.893761,1.03193,0.83271,1.03358,1.15453,0.958408,1.01497,1.27759,0.948424,1.16883
0.900721,1.03248,0.828259,1.02597,1.15494,0.964408,1.03066,1.26275,0.948622,1.16731
0.900609,1.05557,0.831205,1.00528,1.16507,0.962771,1.04609,1.26114,0.944569,1.17058
0.903836,1.04432,0.822619,1.02546,1.16724,0.970881,1.03845,1.26414,0.929593,1.19244
0.909212,1.05242,0.816871,1.02799,1.16865,0.977604,1.0453,1.27309,0.944564,1.2002
0.892586,1.05499,0.809559,1.03006,1.16675,0.966762,1.05971,1.25743,0.952096,1.19066
0.898616,1.04228,0.814689,1.03342,1.16817,0.962198,1.06346,1.25241,0.948807,1.21156
0.915107,1.03055,0.819176,1.03596,1.18963,0.959523,1.06101,1.235,0.945895,1.19899
0.906131,1.03012,0.821455,1.03059,1.19195,0.945658,1.07229,1.25081,0.926992,1.20839
0.921005,1.04113,0.822413,1.04567,1.18221,0.947962,1.0695,1.22425,0.924192,1.18919
0.93652,1.06276,0.825425,1.05974,1.19041,0.951473,1.08633,1.21145,0.915274,1.21179
0.929284,1.0577,0.834244,1.04618,1.19265,0.936547,1.08541,1.23326,0.923467,1.21904
0.916987,1.05248,0.826127,1.04869,1.18998,0.929655,1.089,1.23087,0.91586,1.22598
0.902797,1.05416,0.835846,1.05274,1.19842,0.923643,1.08023,1.2568,0.924734,1.24136
0.906474,1.05781,0.832553,1.06198,1.18621,0.93387,1.0866,1.26532,0.919869,1.22556
0.900858,1.04455,0.833689,1.03774,1.1801,0.937989,1.07254,1.28224,0.934017,1.23777
0.909469,1.04018,0.85244,1.03731,1.17393,0.927803,1.07068,1.27413,0.925359,1.23065
0.913741,1.03483,0.833317,1.05446,1.19002,0.939058,1.06857,1.26613,0.914105,1.22683
0.913178,1.03539,0.831012,1.04537,1.20543,0.932189,1.06389,1.2749,0.917029,1.2365
0.905065,1.03124,0.836246,1.04209,1.23055,0.927482,1.06661,1.27396,0.907742,1.22561
0.912401,1.05037,0.844895,1.03359,1.23374,0.924113,1.0661,1.26396,0.902557,1.21495
0.914613,1.04435,0.844691,1.03459,1.22031,0.920612,1.07197,1.26139,0.892389,1.1847
0.910767,1.05141,0.845086,1.03521,1.22446,0.910391,1.07385,1.26186,0.893886,1.179
0.912796,1.05315,0.861326,1.0369,1.22097,0.903867,1.08261,1.25904,0.889806,1.18254
0.901387,1.06652,0.862789,1.02403,1.20961,0.90493,1.09578,1.2546,0.90283,1.17594
0.896897,1.07694,0.859734,1.0227,1.22055,0.903981,1.0899,1.27196,0.900547,1.1694
0.885734,1.08131,0.858317,1.01162,1.22049,0.890027,1.09606,1.2856,0.891662,1.17251
0.906321,1.07841,0.854506,1.00149,1.21441,0.890219,1.10962,1.28322,0.898677,1.17833
0.91065,1.08446,0.855447,1.00842,1.22666,0.874614,1.10874,1.28608,0.893116,1.17136
0.908827,1.08792,0.861993,1.0203,1.1984,0.873003,1.10474,1.30022,0.903768,1.17805
0.914641,1.06266,0.866643,1.00987,1.18519,0.890819,1.09255,1.28347,0.91233,1.17841
0.91525,1.06515,0.855335,1.00901,1.1965,0.894786,1.08728,1.28827,0.904475,1.16832
0.934645,1.08883,0.855157,1.00294,1.20814,0.892453,1.08795,1.29637,0.893161,1.18907
0.938756,1.10596,0.853396,0.987038,1.2265,0.890825,1.08965,1.29342,0.900535,1.20679
0.933113,1.1237,0.864156,0.98522,1.22939,0.900241,1.09087,1.28587,0.900692,1.20472
0.939708,1.12834,0.867732,0.968153,1.23539,0.908834,1.0805,1.29856,0.91321,1.18749
0.939458,1.11023,0.869399,0.971069,1.22601,0.903103,1.10653,1.31154,0.896518,1.19084
0.956741,1.09957,0.873147,0.975464,1.22056,0.894335,1.12456,1.3196,0.903721,1.18542
0.967802,1.10307,0.875225,0.986536,1.24156,0.892341,1.11029,1.31428,0.902067,1.16683
0.965187,1.10339,0.862645,1.00177,1.26101,0.883604,1.12042,1.31119,0.904784,1.16575
0.96869,1.11379,0.869942,1.02231,1.25012,0.890286,1.13216,1.31432,0.898786,1.16518
0.977675,1.10073,0.87778,1.01702,1.23184,0.893598,1.14198,1.29123,0.898019,1.16166
0.984921,1.10069,0.880617,1.01986,1.24032,0.909825,1.1248,1.30477,0.888264,1.15796
0.987435,1.11035,0.879994,1.01329,1.23101,0.899244,1.11606,1.31313,0.880901,1.16096
0.983877,1.10714,0.86791,1.01566,1.2354,0.906961,1.11868,1.31778,0.879175,1.13161
0.967177,1.08645,0.878771,1.00746,1.24401,0.909389,1.11742,1.33293,0.888315,1.13651
0.954822,1.06826,0.871942,1.0094,1.24706,0.916658,1.11406,1.34358,0.888014,1.15548
0.955921,1.08242,0.889987,1.01958,1.23765,0.909033,1.11693,1.34598,0.883556,1.16085
0.939899,1.084,0.899562,1.02366,1.21922,0.893277,1.1093,1.33083,0.865509,1.16791
0.947597,1.08421,0.902419,1.02163,1.2111,0.890445,1.10162,1.32815,0.85852,1.16749
0.948168,1.08817,0.913044,1.01279,1.20408,0.902123,1.09958,1.33409,0.861415,1.17846
0.937773,1.09337,0.916923,1.02081,1.19186,0.921604,1.10032,1.31257,0.856775,1.16879
0.950192,1.09347,0.916133,1.01872,1.1969,0.922787,1.08401,1.30136,0.868182,1.16798
0.974364,1.09034,0.915917,1.01687,1.20681,0.943582,1.08879,1.2857,0.873067,1.17585
0.988155,1.09085,0.908923,1.02693,1.21024,0.948671,1.11429,1.28148,0.87053,1.18069
0.993584,1.06852,0.900737,1.02876,1.19541,0.942396,1.1185,1.27956,0.860476,1.16738
0.993105,1.06269,0.898712,1.01775,1.1829,0.930083,1.1443,1.27634,0.86546,1.16357
0.983571,1.04119,0.900448,1.01419,1.19145,0.937274,1.13147,1.29138,0.850901,1.16536
0.97908,1.04509,0.900585,1.00974,1.18282,0.93076,1.15568,1.2906,0.842967,1.14007
0.978638,1.04335,0.91682,1.01789,1.182,0.93338,1.15664,1.2956,0.837151,1.1513
0.967234,1.05562,0.914009,1.00061,1.18116,0.930005,1.1544,1.31905,0.831674,1.14515
0.974317,1.04592,0.9189,1.00194,1.18049,0.929568,1.14616,1.31378,0.840494,1.13912
0.978535,1.08002,0.921145,0.995073,1.169,0.921252,1.13864,1.30634,0.849011,1.15206
0.998453,1.10904,0.920931,0.992669,1.17786,0.906241,1.12865,1.29339,0.854876,1.16249
0.992833,1.11456,0.926203,0.99825,1.18711,0.905272,1.12543,1.30241,0.849502,1.14588
0.986459,1.11055,0.939135,1.01069,1.18015,0.892471,1.1114,1.31781,0.844956,1.14502
0.988298,1.11546,0.941913,1.01169,1.19067,0.895943,1.07771,1.29184,0.843878,1.15317
0.990513,1.10884,0.937959,1.01696,1.16011,0.893658,1.07328,1.28665,0.845523,1.13015
1.00627,1.09451,0.950954,0.997817,1.15751,0.905152,1.07561,1.29623,0.843508,1.13765
0.998815,1.09604,0.968694,0.982117,1.15459,0.912316,1.0767,1.30558,0.847925,1.14514
0.985279,1.09306,0.967935,0.985427,1.14987,0.902811,1.07748,1.33482,0.84043,1.12818
0.980277,1.09151,0.947004,0.975454,1.16586,0.903599,1.08622,1.34518,0.829204,1.12677
0.98757,1.10212,0.956626,0.98681,1.17312,0.907811,1.09927,1.33938,0.842555,1.15025
0.986828,1.11111,0.952925,0.990942,1.16379,0.906436,1.07922,1.34664,0.851481,1.16045
0.985889,1.08156,0.933814,0.980937,1.1466,0.911313,1.06352,1.34006,0.855844,1.16634
0.976002,1.05336,0.924357,0.981365,1.14073,0.923423,1.06503,1.32402,0.833493,1.16677
0.986265,1.03913,0.926857,0.99361,1.14159,0.902807,1.06434,1.33631,0.822352,1.15614
0.973136,1.02589,0.935087,0.968727,1.15353,0.92543,1.08581,1.33384,0.835258,1.16514
0.95535,1.04172,0.936442,0.958773,1.15116,0.926283,1.09414,1.33302,0.840364,1.18286
0.954744,1.02518,0.930161,0.9588,1.14565,0.932662,1.08155,1.30557,0.855625,1.17171
0.951334,1.03551,0.933455,0.955689,1.15957,0.933325,1.09675,1.32092,0.854285,1.16628
0.951282,1.01293,0.920147,0.950585,1.1696,0.93829,1.09622,1.34045,0.858853,1.16411
0.960912,1.03615,0.918088,0.941946,1.17832,0.941168,1.0885,1.35178,0.85844,1.1456
0.96311,1.02078,0.901074,0.959795,1.17873,0.942879,1.10289,1.36612,0.866353,1.12011
0.976956,1.00919,0.884897,0.936021,1.17631,0.932512,1.09745,1.39174,0.863084,1.12763
0.973726,1.01669,0.864647,0.942033,1.17658,0.925707,1.09835,1.38802,0.858805,1.13584
0.961538,1.02979,0.845536,0.939189,1.18251,0.930875,1.10241,1.3846,0.861105,1.12382
0.957538,1.01899,0.849808,0.935318,1.16758,0.931032,1.09524,1.38844,0.8524,1.12806
0.946492,1.02039,0.859813,0.936579,1.15961,0.924337,1.0831,1.37859,0.859924,1.13355
0.953508,0.998135,0.85152,0.939978,1.17193,0.922679,1.07748,1.37173,0.848563,1.13724
0.951544,0.992343,0.842043,0.932679,1.18027,0.897958,1.05376,1.35727,0.847463,1.14332
0.953994,1.00172,0.84221,0.922855,1.18417,0.893542,1.05976,1.36183,0.84853,1.13652
0.97199,1.01645,0.830398,0.923473,1.19294,0.896727,1.05426,1.36517,0.856666,1.1294
0.974387,1.01921,0.826842,0.934203,1.19618,0.897846,1.04041,1.37766,0.856243,1.11082
0.963947,1.00824,0.827433,0.929162,1.1994,0.909555,1.03373,1.40923,0.850386,1.13171
0.954158,1.02038,0.815259,0.925054,1.19401,0.918737,1.04357,1.42966,0.867958,1.11219
0.94753,1.01961,0.820586,0.92548,1.20184,0.92283,1.04809,1.44901,0.865159,1.10921
0.945569,1.02343,0.824693,0.923508,1.21192,0.924922,1.06161,1.45959,0.869607,1.11876
0.942684,0.998093,0.816448,0.916393,1.19437,0.920244,1.06826,1.46562,0.885973,1.11123
0.950486,1.00733,0.812792,0.913528,1.2103,0.930389,1.06884,1.44939,0.885179,1.09869
0.964718,1.01753,0.81817,0.908458,1.21899,0.93385,1.07601,1.43261,0.882611,1.09427
0.954861,1.01298,0.807049,0.900397,1.218,0.931221,1.07359,1.42736,0.876417,1.08668
0.938449,1.01984,0.810077,0.901369,1.23295,0.951938,1.06831,1.45984,0.875089,1.07548
0.927523,1.02628,0.803183,0.888271,1.25029,0.947163,1.05511,1.43678,0.8674,1.07374
0.922063,1.03423,0.808717,0.876461,1.25871,0.952939,1.04557,1.44883,0.870701,1.07743
0.917808,1.04862,0.81445,0.888887,1.25258,0.956043,1.03681,1.44269,0.859061,1.09173
0.918027,1.05791,0.819232,0.886049,1.25226,0.959341,1.02557,1.46317,0.85505,1.08433
0.91217,1.0515,0.8161,0.878244,1.23653,0.953505,1.02773,1.46978,0.843501,1.08818
0.920199,1.04015,0.8149,0.87487,1.24954,0.973675,1.0208,1.46797,0.843654,1.09357
0.921118,1.03673,0.818136,0.874007,1.26522,0.971477,1.0239,1.47811,0.838765,1.09349
0.915238,1.03263,0.82108,0.865446,1.27394,0.968563,1.0298,1.48642,0.852798,1.09382
0.907373,1.04798,0.826752,0.867017,1.26893,0.972709,1.03369,1.47454,0.83797,1.12385
0.924905,1.03446,0.83782,0.860222,1.27725,0.991262,1.02742,1.4511,0.848962,1.11539
0.94004,1.02298,0.852467,0.860405,1.27902,0.977394,1.03244,1.46592,0.846722,1.11376
0.960275,1.02599,0.84061,0.870707,1.28889,0.974181,1.02608,1.46343,0.83769,1.11454
0.954617,1.02101,0.84425,0.871828,1.27936,0.971159,1.04117,1.45433,0.846243,1.11874
0.94616,1.01253,0.853624,0.878642,1.27611,0.976493,1.04619,1.44335,0.831193,1.12422
0.959032,1.01212,0.85715,0.87565,1.27736,0.976113,1.05978,1.45862,0.827567,1.11826
0.96474,1.00127,0.849832,0.867861,1.26282,0.992861,1.05796,1.47638,0.816771,1.11693
0.959604,0.989064,0.856132,0.870154,1.24836,0.984218,1.07021,1.46328,0.81568,1.10833
0.958453,0.976144,0.857814,0.882726,1.22487,0.980072,1.06842,1.4615,0.802062,1.10391
0.966576,0.96074,0.846087,0.874128,1.20907,0.982275,1.06045,1.45877,0.804443,1.11463
0.975325,0.965395,0.838915,0.862432,1.2214,0.988666,1.06657,1.44616,0.809634,1.10682
0.978625,0.970425,0.849757,0.865906,1.20703,0.97911,1.06022,1.45536,0.818352,1.10104
0.968313,0.963901,0.834782,0.868116,1.21879,0.988877,1.05091,1.45656,0.834443,1.11103
0.940863,0.978488,0.835459,0.859024,1.21299,0.987864,1.03721,1.4757,0.844781,1.12352
0.927049,0.975851,0.843301,0.858462,1.21374,0.983493,1.03491,1.44859,0.850851,1.11842
0.93695,0.973073,0.826796,0.84501,1.20663,0.994293,1.02888,1.4352,0.842862,1.11019
0.919034,0.966628,0.826121,0.838371,1.21067,0.987018,1.01311,1.42711,0.842275,1.1048
0.918142,0.962569,0.841873,0.849465,1.21018,0.989516,1.02081,1.42306,0.842068,1.12347
0.917765,0.970881,0.857065,0.847345,1.20298,1.00031,1.02073,1.42644,0.847546,1.1326
0.915869,0.987668,0.860326,0.845543,1.21045,0.999896,1.01208,1.43,0.841686,1.13904
0.904697,0.998387,0.845319,0.853027,1.2046,1.01835,0.992633,1.44368,0.839681,1.13908
0.89377,0.99677,0.839872,0.846081,1.20522,1.02501,0.989476,1.4328,0.833326,1.14419
0.885902,0.992779,0.848485,0.846109,1.19888,1.03772,0.989639,1.44354,0.833246,1.13658
0.880591,0.982032,0.845423,0.857354,1.19923,1.03406,0.985365,1.4212,0.84296,1.13128
0.890265,0.984582,0.826701,0.839292,1.18884,1.03765,0.97901,1.44074,0.851633,1.12161
0.900967,1.00156,0.831002,0.845342,1.18831,1.04795,0.973795,1.43215,0.856565,1.11705
0.900802,0.995814,0.826087,0.848945,1.17904,1.0661,0.964364,1.43865,0.869291,1.1111
0.899146,0.974369,0.837832,0.844639,1.17567,1.07102,0.964684,1.43639,0.870859,1.11994
0.894062,0.96727,0.83983,0.858244,1.16567,1.06765,0.979182,1.43151,0.880968,1.14351
0.901218,0.967346,0.834249,0.854127,1.16109,1.06587,0.96964,1.4127,0.885391,1.14693
0.906747,0.951987,0.822075,0.850073,1.15886,1.0598,0.977785,1.4257,0.893809,1.15226
0.90236,0.958185,0.828137,0.864953,1.17074,1.07474,0.962851,1.41955,0.884757,1.15621
0.900011,0.959898,0.819925,0.865981,1.17189,1.08353,0.970953,1.41504,0.890563,1.14034
0.915837,0.942314,0.811448,0.866143,1.15711,1.08083,0.966644,1.41365,0.901401,1.14166
0.940946,0.946239,0.809878,0.87346,1.14909,1.06968,0.967312,1.42334,0.903998,1.1635
0.935778,0.936116,0.824684,0.880237,1.15744,1.05431,0.980503,1.42231,0.913379,1.15054
0.947729,0.939919,0.834768,0.883796,1.17917,1.05389,0.999748,1.39978,0.912342,1.15639
0.941046,0.931961,0.841556,0.887221,1.18041,1.05181,1.01449,1.39759,0.915709,1.15477
0.953371,0.956803,0.838678,0.888799,1.16354,1.03383,1.01382,1.38163,0.909929,1.12982
0.942787,0.954165,0.840803,0.888756,1.15769,1.03858,0.998456,1.37988,0.90733,1.12319
0.943936,0.948361,0.851927,0.878736,1.15236,1.0315,1.00324,1.3941,0.886748,1.12906
0.944532,0.952824,0.849261,0.878649,1.14241,1.0318,1.0061,1.39441,0.899843,1.13726
0.944634,0.959034,0.845752,0.874458,1.13912,1.02594,1.00901,1.40611,0.909827,1.1162
0.933459,0.953619,0.842799,0.879666,1.1528,1.01559,1.0067,1.42085,0.8835,1.10926
0.94947,0.965468,0.848651,0.875279,1.1565,1.0022,1.02894,1.43,0.888543,1.10431
0.95212,0.994674,0.846836,0.890906,1.14871,1.00989,1.04402,1.42492,0.883246,1.11403
0.949479,0.997868,0.848853,0.875103,1.13969,1.00944,1.03607,1.43934,0.876119,1.11039
0.947864,0.997231,0.849861,0.867456,1.12738,0.993831,1.02667,1.44411,0.882372,1.11987
0.964409,0.991265,0.860031,0.865406,1.12648,0.990166,1.03136,1.42621,0.892351,1.08692
0.962717,0.981572,0.868125,0.858909,1.12517,0.974501,1.01839,1.41899,0.890581,1.08829
0.954191,0.978178,0.865615,0.855074,1.14732,0.980223,1.03144,1.41152,0.890126,1.09381
0.953309,0.990895,0.864562,0.859154,1.14736,0.972628,1.05366,1.42526,0.896547,1.08666
0.956192,0.986132,0.869676,0.858086,1.15958,0.990481,1.06427,1.41491,0.90263,1.06606
0.968674,0.976501,0.868878,0.860136,1.15324,1.00198,1.04299,1.41198,0.894176,1.06834
0.966847,0.96487,0.863111,0.864572,1.14028,0.99807,1.03326,1.42813,0.900014,1.0734
0.955115,0.961193,0.863847,0.857032,1.15216,0.990647,1.03071,1.44362,0.889856,1.08901
0.955749,0.950428,0.879252,0.870538,1.15463,1.0046,1.03009,1.42416,0.890901,1.08731
0.964468,0.954901,0.874476,0.864869,1.12923,1.02507,1.03673,1.42962,0.901035,1.09625
0.963815,0.959087,0.872097,0.866938,1.12113,1.02543,1.03158,1.43496,0.893386,1.09605
0.954107,0.953902,0.879295,0.874207,1.1468,1.03481,1.01546,1.43195,0.886852,1.09922
0.93941,0.960349,0.883977,0.894915,1.14921,1.03344,1.01507,1.43921,0.880689,1.1017
0.930701,0.962764,0.878961,0.897076,1.14065,1.03224,0.997866,1.44713,0.8818,1.10741
0.922971,0.952533,0.888451,0.893095,1.14052,1.016,0.991395,1.44967,0.871995,1.10414
0.925341,0.959028,0.881983,0.888905,1.13892,1.01122,0.999326,1.46609,0.872698,1.11224
0.908879,0.944803,0.88134,0.889289,1.13703,1.00012,0.99851,1.49317,0.872172,1.09501
0.90832,0.941624,0.888145,0.891284,1.1534,1.01848,1.00077,1.49945,0.876482,1.08658
0.912316,0.936426,0.894245,0.884462,1.12871,1.03551,0.99506,1.5106,0.894004,1.08135
0.922383,0.942166,0.882179,0.879957,1.1282,1.03169,0.986984,1.52539,0.88677,1.07896
0.942114,0.936143,0.871947,0.885949,1.12009,1.03585,0.97529,1.53909,0.881922,1.07436
0.932517,0.936346,0.847377,0.885622,1.132,1.03602,0.953965,1.54711,0.890886,1.09369
0.931277,0.961511,0.85295,0.875219,1.1159,1.03497,0.945521,1.55434,0.882025,1.07987
0.945545,0.968473,0.845756,0.870235,1.13871,1.03153,0.94484,1.55264,0.888611,1.07979
0.937789,0.958744,0.84946,0.872702,1.13178,1.03968,0.934583,1.54059,0.893627,1.09099
0.937182,0.950196,0.86761,0.860712,1.12182,1.01715,0.931678,1.56301,0.894128,1.08984
0.943485,0.930916,0.877182,0.866886,1.11375,1.02011,0.915549,1.55125,0.884647,1.1001
0.925567,0.914613,0.866043,0.858144,1.12065,1.01735,0.910326,1.56605,0.870833,1.0998
0.92078,0.919838,0.858802,0.843827,1.13497,1.01459,0.913371,1.57519,0.860712,1.11393
0.919012,0.9264,0.856539,0.833802,1.14187,1.02051,0.917592,1.57494,0.861072,1.11986
0.923723,0.926435,0.850909,0.839927,1.14582,1.01982,0.913097,1.59303,0.864915,1.13382
0.928355,0.927479,0.851943,0.833808,1.14891,1.03364,0.908532,1.60091,0.860261,1.12671
0.940171,0.951586,0.857731,0.843445,1.16485,1.03209,0.901026,1.5801,0.867195,1.15503
0.937169,0.948714,0.871267,0.85916,1.16212,1.03585,0.895165,1.57732,0.880976,1.14612
0.953129,0.947087,0.87649,0.861628,1.15846,1.04198,0.896602,1.57431,0.886952,1.12897
0.944362,0.949928,0.864781,0.857462,1.17199,1.03516,0.913534,1.57486,0.882804,1.13006
0.934214,0.973457,0.857249,0.848293,1.16613,1.03189,0.917449,1.57416,0.869583,1.12421
0.926605,0.972505,0.840306,0.8529,1.15985,1.03892,0.9267,1.60314,0.85354,1.12349
0.923895,0.967372,0.84647,0.84659,1.15944,1.03445,0.913608,1.60807,0.865277,1.1263
0.928223,0.965789,0.842195,0.848692,1.16426,1.03736,0.909005,1.57901,0.848892,1.12172
0.913489,0.957744,0.836823,0.847985,1.16466,1.03538,0.910768,1.59923,0.841377,1.13328
0.909761,0.955857,0.84624,0.844853,1.17331,1.0343,0.898907,1.6094,0.84502,1.14677
0.905099,0.961401,0.849092,0.833533,1.18834,1.03513,0.90788,1.6081,0.8435,1.13954
0.920769,0.964258,0.859717,0.833721,1.18438,1.03062,0.891809,1.60625,0.857728,1.12196
0.922309,0.972682,0.86516,0.823413,1.20457,1.01704,0.903682,1.60817,0.870683,1.1343
0.917293,0.985495,0.868306,0.828892,1.2233,1.03868,0.90722,1.58414,0.870746,1.13438
0.925411,0.979701,0.876495,0.831041,1.22807,1.06836,0.909037,1.57241,0.870003,1.16023
0.922575,0.976775,0.885141,0.839275,1.22779,1.07003,0.907877,1.5816,0.86367,1.1551
0.929873,0.965531,0.89571,0.849376,1.24297,1.05845,0.916868,1.59849,0.85782,1.14647
0.939444,0.959727,0.908009,0.850092,1.24506,1.05246,0.914638,1.60518,0.859346,1.12616
0.938154,0.951132,0.891037,0.851029,1.23667,1.05429,0.919637,1.59574,0.851057,1.13136
0.949194,0.943598,0.891084,0.866194,1.24196,1.04679,0.93204,1.59166,0.869663,1.14757
0.939774,0.939626,0.87936,0.859098,1.25862,1.0649,0.931725,1.59627,0.865704,1.13472
0.929265,0.948097,0.89795,0.852513,1.24711,1.06109,0.924899,1.59412,0.872409,1.15232
0.917787,0.956944,0.903682,0.855695,1.24634,1.06238,0.930534,1.61293,0.867567,1.16232
0.915565,0.963033,0.910812,0.854997,1.25275,1.06576,0.918002,1.62418,0.860771,1.18249
0.928751,0.964465,0.922686,0.862293,1.23661,1.05721,0.924438,1.61358,0.864786,1.15835
0.924747,0.960612,0.92415,0.864727,1.23144,1.07031,0.918883,1.6274,0.866241,1.17641
0.926382,0.966703,0.912234,0.847957,1.20833,1.07853,0.917012,1.61996,0.857355,1.18246
0.935638,0.959942,0.900571,0.854546,1.19934,1.08514,0.910774,1.61415,0.868113,1.18183
0.949342,0.960102,0.892946,0.847945,1.20258,1.10018,0.917301,1.62797,0.869597,1.19581
0.965445,0.964248,0.875541,0.840681,1.20685,1.09607,0.907126,1.63156,0.877959,1.20578
0.951831,0.985259,0.88373,0.847334,1.23098,1.0923,0.914124,1.6194,0.862658,1.19417
0.939749,0.993179,0.88025,0.873391,1.23927,1.07301,0.906645,1.6261,0.872311,1.18845
0.930201,0.992644,0.873624,0.863201,1.23598,1.08657,0.904146,1.63901,0.880893,1.18884
0.927616,0.991858,0.873816,0.865383,1.25359,1.102,0.912617,1.62213,0.883262,1.21797
0.934879,0.989078,0.863442,0.86818,1.26089,1.10965,0.911217,1.61338,0.890231,1.21788
0.929114,0.991838,0.866825,0.862281,1.2214,1.09423,0.898046,1.57732,0.885712,1.20113
0.929979,1.01036,0.868267,0.866945,1.22236,1.08452,0.896851,1.59728,0.872012,1.21758
0.934404,1.00725,0.879995,0.868343,1.23074,1.06333,0.900587,1.58652,0.878671,1.22392
0.929404,1.00598,0.86847,0.8799,1.22762,1.0716,0.903739,1.59836,0.878438,1.23604
0.93825,1.01142,0.866882,0.88745,1.23238,1.09353,0.902092,1.60519,0.878175,1.22486
0.932746,0.995133,0.863284,0.883796,1.23415,1.10404,0.901162,1.601,0.866549,1.22868
0.938271,0.994713,0.85837,0.878798,1.24397,1.09953,0.90954,1.60151,0.860894,1.20743
0.957702,1.0025,0.864403,0.884706,1.24055,1.1129,0.894921,1.63345,0.854321,1.21506
0.950007,1.01984,0.868303,0.876791,1.24433,1.10707,0.910698,1.62187,0.8498,1.22247
0.962027,1.02683,0.871198,0.858586,1.23611,1.12303,0.907412,1.61439,0.858633,1.20572
0.962907,1.02991,0.892395,0.856399,1.27308,1.13287,0.902122,1.60916,0.870239,1.20052
0.963435,1.03227,0.898752,0.856421,1.27112,1.13418,0.894757,1.60579,0.874314,1.18426
0.969652,1.02479,0.889193,0.855425,1.27066,1.14303,0.896972,1.56949,0.870565,1.16995
0.973099,1.02205,0.888418,0.890901,1.2798,1.1443,0.900317,1.56084,0.850643,1.1688
0.981335,1.02946,0.895729,0.897542,1.30116,1.138,0.891144,1.56467,0.854752,1.19524
0.995628,1.04239,0.89423,0.895837,1.31231,1.14642,0.891172,1.55451,0.84337,1.19776
0.990819,1.05869,0.885351,0.903148,1.30833,1.15191,0.884058,1.56598,0.839878,1.20098
0.988399,1.06845,0.88997,0.889295,1.31622,1.15705,0.875908,1.56228,0.839431,1.2092
1.00148,1.09223,0.888132,0.887269,1.30771,1.17296,0.888691,1.57125,0.837126,1.20463
1.00361,1.09702,0.873499,0.878197,1.28614,1.17738,0.889307,1.58396,0.826666,1.21623
0.996527,1.10725,0.882786,0.862736,1.30381,1.19148,0.87114,1.61634,0.827224,1.20631
0.996192,1.09655,0.879456,0.86803,1.30373,1.18662,0.872695,1.61671,0.822596,1.21569
0.974365,1.09344,0.880449,0.886083,1.31217,1.18157,0.879729,1.61925,0.828016,1.21217
0.975235,1.10822,0.895905,0.894704,1.31613,1.15807,0.885875,1.62077,0.82947,1.21924
0.979272,1.10549,0.899034,0.889268,1.2962,1.1523,0.884174,1.62949,0.818879,1.21049
1.00104,1.09613,0.900695,0.883293,1.2884,1.14921,0.878097,1.64901,0.819501,1.21975
1.00076,1.09557,0.910592,0.861212,1.29227,1.11759,0.869289,1.64434,0.817679,1.21212
1.01734,1.09567,0.921789,0.857927,1.29721,1.12959,0.864885,1.64512,0.822992,1.21885
1.01022,1.09977,0.908646,0.856053,1.28722,1.1434,0.861337,1.66581,0.828595,1.21331
1.02367,1.1096,0.888656,0.866521,1.3069,1.14694,0.867509,1.68655,0.834692,1.21544
1.02266,1.09284,0.876825,0.868228,1.3082,1.1696,0.851504,1.67511,0.82673,1.22307
1.02039,1.07597,0.870187,0.86046,1.30653,1.156,0.847396,1.65978,0.821067,1.2176
1.01281,1.07605,0.855578,0.864887,1.3172,1.16697,0.858603,1.65563,0.818792,1.21685
0.999697,1.09896,0.850309,0.864197,1.33625,1.16609,0.874736,1.65543,0.833173,1.22655
1.00569,1.10599,0.849995,0.860653,1.33889,1.17986,0.874464,1.67367,0.842265,1.2227
1.0073,1.09262,0.831064,0.87565,1.33454,1.18698,0.87274,1.70781,0.836975,1.21179
1.00471,1.1037,0.825244,0.883341,1.34601,1.17348,0.876809,1.72074,0.835482,1.21377
1.00566,1.09391,0.823662,0.886921,1.31738,1.1581,0.882759,1.71998,0.828275,1.19319
1.01211,1.10035,0.824937,0.887262,1.31073,1.1587,0.889739,1.72101,0.829095,1.19061
1.00162,1.11356,0.827464,0.885962,1.3196,1.15837,0.913995,1.71365,0.833048,1.20321
0.998768,1.12141,0.824844,0.889603,1.31259,1.14405,0.904934,1.72988,0.843587,1.20362
0.998531,1.11263,0.832248,0.879864,1.30324,1.16274,0.921964,1.74367,0.838835,1.18412
1.00795,1.11671,0.833926,0.879475,1.30387,1.15977,0.919768,1.75738,0.857092,1.20955
1.01918,1.12936,0.826465,0.883213,1.2964,1.16196,0.930473,1.74258,0.863299,1.19856
1.03268,1.14867,0.826868,0.878034,1.29383,1.16579,0.93266,1.71049,0.853038,1.18949
1.03211,1.15117,0.807813,0.869083,1.27639,1.15688,0.924964,1.69395,0.839659,1.18415
1.03752,1.13943,0.807377,0.872569,1.30242,1.1653,0.930752,1.68351,0.829106,1.17241
1.04168,1.13714,0.806594,0.869488,1.29368,1.16816,0.926234,1.68582,0.826679,1.14526
1.05175,1.14637,0.808356,0.865889,1.29303,1.17574,0.93317,1.66471,0.836017,1.13017
1.05551,1.14648,0.811717,0.886877,1.27971,1.13377,0.92059,1.6726,0.829256,1.11968
1.0582,1.15812,0.82543,0.868652,1.2888,1.14147,0.911314,1.68826,0.828074,1.1037
1.04203,1.17204,0.827504,0.884185,1.26623,1.13455,0.926086,1.69915,0.824863,1.10621
1.04132,1.20211,0.839257,0.891592,1.277,1.11933,0.928739,1.71674,0.823583,1.09406
1.04594,1.19358,0.834649,0.890937,1.28152,1.10965,0.937181,1.71808,0.827542,1.08249
1.03996,1.18067,0.833659,0.875757,1.29434,1.1147,0.946224,1.72861,0.842884,1.05936
1.0703,1.19298,0.835456,0.85015,1.28303,1.11801,0.936454,1.72805,0.855731,1.04493
1.08143,1.18958,0.839038,0.860197,1.27426,1.11967,0.928628,1.69242,0.836267,1.04518
1.06282,1.19822,0.834088,0.865517,1.29281,1.13299,0.939406,1.67375,0.831496,1.03103
1.0543,1.20128,0.837055,0.85236,1.27878,1.13971,0.93047,1.68845,0.836154,1.01741
1.03906,1.22491,0.843415,0.870417,1.27662,1.13996,0.922209,1.66935,0.846806,1.01969
1.0432,1.21536,0.841,0.873726,1.28133,1.15839,0.920776,1.65054,0.844099,1.01766
1.03218,1.23035,0.829319,0.886199,1.30574,1.15246,0.90349,1.65206,0.835068,1.03181
1.03222,1.23938,0.842476,0.886632,1.30748,1.16562,0.898263,1.65965,0.823913,1.01938
1.02682,1.24276,0.83564,0.880864,1.29842,1.18535,0.899974,1.6675,0.820477,1.01415
1.02613,1.25214,0.834777,0.87824,1.29281,1.19749,0.917311,1.66773,0.82288,1.02102
1.04239,1.25797,0.852556,0.87965,1.28693,1.20038,0.925859,1.67237,0.819407,1.03179
1.04986,1.2737,0.855936,0.897433,1.25652,1.20521,0.925903,1.6546,0.821239,1.0334
1.03857,1.26913,0.860288,0.889091,1.24541,1.19191,0.927174,1.6629,0.831199,1.02659
1.03572,1.28514,0.850607,0.878733,1.25818,1.18992,0.933041,1.69504,0.847021,1.05438
1.04752,1.27713,0.847838,0.876698,1.25492,1.20498,0.936044,1.68329,0.852703,1.03823
1.0512,1.27618,0.849446,0.865328,1.24156,1.19664,0.939702,1.66992,0.846589,1.04347
1.05458,1.26117,0.857395,0.8748,1.23587,1.193,0.940018,1.69538,0.852046,1.03256
1.06316,1.24496,0.848567,0.880478,1.23473,1.18761,0.934834,1.70701,0.838558,1.02352
1.06767,1.24469,0.850059,0.869579,1.2344,1.16546,0.91345,1.70467,0.850204,1.01296
1.05619,1.23436,0.858373,0.878726,1.24248,1.16995,0.914816,1.70337,0.839324,1.01903
1.05316,1.21437,0.861113,0.888859,1.24905,1.14538,0.927544,1.72651,0.845139,1.0241
1.04166,1.21017,0.864037,0.905297,1.24386,1.12974,0.923319,1.72607,0.84723,1.03664
1.04823,1.19751,0.880863,0.903148,1.21477,1.12534,0.916506,1.73129,0.854556,1.05465
1.03785,1.20008,0.877096,0.90293,1.22367,1.13123,0.900378,1.74807,0.859577,1.04844
1.03531,1.18579,0.861458,0.914517,1.21208,1.1212,0.899547,1.7635,0.87195,1.04543
1.03973,1.20097,0.859929,0.916112,1.19904,1.12249,0.913931,1.75094,0.880314,1.04543
1.01716,1.20784,0.880966,0.914736,1.20859,1.1222,0.906367,1.75025,0.876077,1.04942
1.00934,1.21158,0.890347,0.918118,1.21633,1.12306,0.901834,1.77327,0.868806,1.05402
1.00435,1.20032,0.88799,0.919415,1.22877,1.12963,0.901905,1.735,0.878472,1.05097
0.985866,1.19133,0.906668,0.936642,1.22386,1.14809,0.89089,1.72031,0.883818,1.05304
0.986839,1.20513,0.903468,0.929077,1.23834,1.1451,0.907545,1.72441,0.884849,1.06086
0.978697,1.18385,0.900998,0.924535,1.22298,1.13642,0.9044,1.73864,0.876828,1.05226
0.971546,1.17637,0.898083,0.937974,1.23997,1.14034,0.908844,1.73969,0.880078,1.06049
0.975841,1.19453,0.900977,0.943723,1.22294,1.14265,0.908995,1.72226,0.893456,1.05396
0.975533,1.21311,0.901832,0.946107,1.22481,1.13276,0.912402,1.7265,0.890171,1.06618
0.989766,1.23161,0.889804,0.939827,1.2131,1.14016,0.911292,1.71138,0.885405,1.07937
0.993868,1.22128,0.904887,0.949748,1.20973,1.14134,0.904735,1.68955,0.881842,1.08048
1.00153,1.19275,0.902324,0.969469,1.21505,1.13913,0.9033,1.68058,0.867407,1.10488
1.00076,1.19385,0.903563,0.968666,1.21923,1.12534,0.899838,1.69706,0.861352,1.12144
1.00597,1.20109,0.901955,0.961524,1.23654,1.1312,0.900917,1.69697,0.870832,1.10487
1.01027,1.20254,0.889109,0.961625,1.24273,1.11686,0.911503,1.71005,0.872946,1.1046
1.02599,1.19749,0.887281,0.958351,1.23807,1.11673,0.914907,1.70094,0.873496,1.09796
1.02928,1.18865,0.887565,0.946613,1.22824,1.10193,0.921585,1.72781,0.872608,1.07786
1.00507,1.18479,0.88212,0.939506,1.23248,1.10156,0.916795,1.73914,0.874505,1.0768
1.00734,1.20211,0.890144,0.950764,1.23307,1.09268,0.917265,1.74475,0.880459,1.07381
1.01469,1.18368,0.896642,0.963177,1.23136,1.09757,0.900424,1.76525,0.879128,1.06653
1.00455,1.17683,0.900301,0.96108,1.21905,1.09509,0.89513,1.73302,0.885441,1.02952
1.00998,1.19134,0.903778,0.956534,1.20819,1.08822,0.890751,1.73355,0.891936,1.01564
1.01361,1.19038,0.904632,0.961485,1.17727,1.0937,0.89146,1.76026,0.87191,1.0087
1.02754,1.2107,0.901077,0.966325,1.18645,1.09454,0.904718,1.80872,0.871142,1.0177
1.02663,1.20405,0.903184,0.950668,1.1968,1.07317,0.890993,1.82475,0.864137,1.01909
1.03071,1.20871,0.884003,0.941609,1.20599,1.09364,0.877049,1.85663,0.868502,1.02758
1.02654,1.21706,0.862088,0.933773,1.2202,1.06953,0.874912,1.85272,0.852849,1.02359
1.02823,1.22314,0.872642,0.928072,1.2212,1.06425,0.883414,1.89939,0.857838,1.0321
1.02766,1.20926,0.872149,0.921949,1.20994,1.06569,0.887715,1.90269,0.864498,1.02947
1.02586,1.23048,0.881088,0.915892,1.22036,1.05287,0.895545,1.89952,0.874208,1.02491
1.02668,1.2385,0.882093,0.904328,1.22918,1.05052,0.881177,1.90799,0.876418,1.04027
1.03473,1.24544,0.884215,0.902349,1.22508,1.04251,0.866823,1.90106,0.883203,1.05638
1.04914,1.24334,0.883413,0.90406,1.21432,1.03151,0.871602,1.91843,0.880981,1.06269
1.043,1.23509,0.883474,0.909539,1.22323,1.02858,0.87445,1.96111,0.872688,1.05235
1.05768,1.22824,0.89471,0.909007,1.21188,1.04628,0.88011,1.98229,0.875492,1.06054
1.04318,1.21987,0.899267,0.929222,1.19679,1.04389,0.891926,2.01257,0.862943,1.06213
1.03249,1.21012,0.920992,0.941968,1.19246,1.04617,0.899651,1.99403,0.876909,1.04722
1.04879,1.21567,0.915696,0.933314,1.16946,1.05918,0.89181,1.99361,0.891015,1.04794
1.05044,1.2282,0.910956,0.938127,1.17569,1.04709,0.896865,2.00976,0.880312,1.03878
1.0761,1.23224,0.919497,0.945498,1.18245,1.05185,0.894702,1.99311,0.876802,1.05353
1.07747,1.23958,0.927107,0.949918,1.17654,1.04527,0.896617,1.99294,0.879031,1.0335
1.06093,1.24778,0.913275,0.943189,1.195,1.04195,0.884551,2.01991,0.890008,1.0397
1.07791,1.24285,0.913349,0.943504,1.20963,1.04469,0.90111,2.00987,0.903579,1.03871
1.05102,1.25225,0.927648,0.947461,1.2036,1.04517,0.909037,2.00441,0.914786,1.04897
1.05063,1.26359,0.938708,0.949721,1.22301,1.04414,0.900557,2.01058,0.934625,1.04061
1.06392,1.23423,0.944313,0.947483,1.21611,1.03868,0.899996,2.02693,0.946957,1.05806
1.0747,1.24333,0.94907,0.946966,1.23405,1.03956,0.886476,2.01695,0.948638,1.06642
1.07231,1.23976,0.946744,0.943248,1.23913,1.03808,0.882074,2.00265,0.947108,1.06796
1.07331,1.23396,0.948475,0.946771,1.23351,1.04904,0.893786,2.00539,0.946183,1.0812
1.06445,1.22124,0.948137,0.933189,1.24057,1.05302,0.89155,1.98654,0.958573,1.07162
1.0628,1.22992,0.946881,0.932211,1.24244,1.03113,0.886468,2.00021,0.97383,1.04981
1.05264,1.22981,0.934635,0.942891,1.26433,1.02543,0.881516,2.01846,0.981961,1.03923
1.05204,1.22708,0.924293,0.961101,1.26656,1.03595,0.871788,2.0151,0.990296,1.0369
1.04871,1.23467,0.918127,0.957515,1.27069,1.03195,0.889835,1.97135,0.99574,1.03466
1.05464,1.24398,0.913533,0.944843,1.28644,1.01552,0.918341,2.00531,0.986808,1.03621
1.05491,1.26026,0.919557,0.947112,1.2977,1.00651,0.923138,2.05027,1.00595,1.0193
1.07254,1.27697,0.926399,0.93204,1.2825,1.00331,0.917576,2.03749,0.994161,1.0114
1.06356,1.26632,0.931144,0.938788,1.28575,1.01322,0.92726,2.05361,0.992913,1.00638
1.05925,1.279,0.911257,0.946811,1.30534,1.02648,0.90923,2.06409,0.993378,1.01611
1.05998,1.27984,0.909793,0.951972,1.32864,1.02917,0.900536,2.05337,0.9947,0.993842
1.05144,1.27721,0.902317,0.936236,1.29998,1.03013,0.909868,2.02239,0.986732,0.986054
1.05481,1.26777,0.918971,0.932338,1.30297,1.03593,0.900218,2.0186,0.987302,0.983498
1.05771,1.24802,0.928683,0.950445,1.30281,1.01723,0.902683,2.03121,0.97824,0.99509
1.05026,1.25762,0.939735,0.958958,1.32249,0.996127,0.890389,2.02749,1.00563,1.00293
1.0444,1.24584,0.931209,0.953801,1.29072,0.984541,0.87693,2.03047,1.01307,0.991689
1.04355,1.23938,0.922897,0.9421,1.29729,0.978472,0.874403,2.03068,1.01442,0.98839
1.04527,1.23023,0.928118,0.945077,1.33713,0.965962,0.884695,2.04684,1.02157,0.984074
1.04726,1.21408,0.920875,0.923509,1.32494,0.967002,0.894978,2.0669,0.990891,0.987947
1.04036,1.20416,0.919892,0.931074,1.32549,0.942462,0.902217,2.02609,0.991713,1.00397
1.04454,1.19057,0.927068,0.93607,1.32374,0.94316,0.90866,2.03441,0.988109,1.00476
1.03483,1.17757,0.91976,0.927507,1.33993,0.949979,0.906187,2.03068,0.97248,1.01679
1.03766,1.17811,0.905242,0.940807,1.34592,0.957322,0.905708,2.07148,0.966245,1.00092
1.02635,1.18434,0.915778,0.939683,1.34838,0.974397,0.901725,2.10146,0.956658,1.0088
1.03808,1.20341,0.916443,0.931727,1.33116,0.96813,0.90011,2.0989,0.928929,1.01103
1.01882,1.21812,0.938329,0.943908,1.33571,0.955818,0.904833,2.08445,0.927869,1.01808
1.01708,1.23941,0.930916,0.946216,1.33707,0.956079,0.90861,2.09973,0.954203,1.0308
1.02176,1.22843,0.940264,0.939784,1.33678,0.942617,0.906438,2.08869,0.960498,1.03508
1.01707,1.22617,0.947733,0.94325,1.33428,0.958778,0.911581,2.08863,0.9709,1.01679
1.03171,1.2206,0.960152,0.968475,1.32262,0.944948,0.910194,2.0399,0.980683,1.02797
1.0274,1.21396,0.956067,0.969623,1.32803,0.952044,0.918202,2.04543,0.979658,1.02719
1.01001,1.2111,0.962571,0.967825,1.32468,0.951707,0.927284,2.0697,0.966542,1.00144
1.02065,1.21886,0.966354,0.974551,1.33144,0.954369,0.927224,2.06751,0.968191,0.992634
1.01437,1.19361,0.956993,0.967543,1.32508,0.957134,0.914314,2.06948,0.974606,1.00535
1.00417,1.20579,0.974605,0.968068,1.31073,0.975447,0.914903,2.05488,0.981922,1.00184
1.01555,1.20304,0.951713,0.953584,1.31326,0.993498,0.918463,2.04053,0.987338,0.9936
1.01332,1.19782,0.95721,0.959235,1.33368,0.99158,0.91622,2.03662,0.995463,0.995654
1.01385,1.17918,0.956946,0.956703,1.34484,0.98155,0.88982,2.05384,0.984112,0.987796
1.02389,1.18899,0.95095,0.956524,1.35025,0.987607,0.880484,2.05519,0.998539,0.987674
1.03468,1.18549,0.951506,0.970076,1.33497,0.98092,0.878203,2.07343,1.00205,0.986422
1.05027,1.18302,0.934474,0.969015,1.32903,0.973873,0.868404,2.05423,1.01041,0.992357
1.05008,1.1886,0.929762,0.968384,1.33638,0.979549,0.880762,2.02665,1.01522,1.00707
1.03781,1.17367,0.928829,0.958551,1.34009,0.977149,0.876965,2.03676,1.00349,1.01845
1.0534,1.14138,0.929457,0.950795,1.33101,0.964118,0.877447,2.03999,1.02042,1.03619
1.04656,1.155,0.923478,0.975614,1.33372,0.9763,0.881917,2.04007,1.00889,1.03024
1.03564,1.13712,0.934654,0.977526,1.33441,0.969519,0.865221,2.04904,0.992995,1.0376
1.04238,1.15014,0.950609,0.969751,1.33369,0.9707,0.868747,2.02312,0.993294,1.04172
1.03869,1.14531,0.950629,0.966632,1.31948,0.979561,0.869425,2.03231,0.986012,1.0216
1.02985,1.15128,0.959649,0.968879,1.31684,0.980216,0.885697,2.07534,0.989937,1.02499
1.0361,1.15443,0.957358,0.96855,1.29399,0.974936,0.889102,2.08981,0.994758,1.02777
1.02794,1.14758,0.970228,0.967845,1.29928,0.973959,0.890748,2.06722,0.989205,1.02475
1.02076,1.15884,0.959514,0.975082,1.29818,0.977071,0.898623,2.06913,1.00387,1.02681
1.01728,1.17129,0.95077,0.971014,1.31959,0.97529,0.904435,2.06375,1.00012,1.02833
1.02817,1.17118,0.94525,0.96988,1.32862,0.988097,0.907464,2.07303,0.98843,1.03314
1.02348,1.17789,0.929819,0.9828,1.32094,0.974847,0.916964,2.08543,0.980883,1.02572
1.0168,1.17362,0.925689,1.00406,1.3318,0.9708,0.932678,2.08508,0.979233,1.03169
1.02,1.18138,0.912291,1.01554,1.34268,0.970731,0.928923,2.05176,0.975039,1.05173
1.01986,1.19053,0.907208,1.02029,1.33733,0.972008,0.928141,2.05268,0.967814,1.03718
1.0233,1.19422,0.887291,1.00565,1.34872,0.973481,0.930958,2.05655,0.975999,1.03068
1.02644,1.20395,0.874571,0.989957,1.3545,0.985841,0.931388,2.03551,0.982374,1.02513
1.02834,1.18973,0.872607,0.98357,1.34186,0.992196,0.927434,2.05105,0.978354,1.02457
1.02933,1.19037,0.869295,0.986273,1.34731,0.983892,0.920121,2.06163,0.975639,1.0124
1.02868,1.18332,0.864236,0.986733,1.33334,0.992813,0.9053,2.05533,0.967413,1.00156
1.0258,1.16899,0.844224,0.977933,1.34973,1.00284,0.922318,2.02531,0.97284,0.991514
1.04008,1.17583,0.834427,0.987857,1.35908,1.00232,0.915217,2.03847,0.976257,0.978568
1.04683,1.18357,0.819017,1.00274,1.35533,0.984148,0.924949,2.00648,0.988266,0.98493
1.04471,1.17416,0.819235,0.998231,1.33506,0.98078,0.912228,2.01569,0.977208,0.994303
1.04202,1.14965,0.81458,0.998931,1.34694,0.990611,0.915658,1.99978,0.981625,1.00966
1.04866,1.15908,0.832917,1.00775,1.35112,0.992996,0.916354,2.02932,0.985326,1.00127
1.05194,1.18015,0.833027,1.00428,1.36303,0.994307,0.907447,2.05015,0.984482,0.997946
1.03006,1.17729,0.844284,0.998993,1.39664,0.992517,0.919832,2.06452,0.966935,0.981279
1.03569,1.17898,0.828913,0.996028,1.40357,0.999096,0.913536,2.06035,0.983135,0.981722
1.02519,1.17335,0.820807,0.983087,1.41204,0.991036,0.913776,2.0872,0.977122,0.984258
1.01911,1.1488,0.82302,0.967204,1.41113,0.976232,0.916769,2.10123,0.988457,0.987342
1.01235,1.14968,0.825677,0.965241,1.41503,0.977972,0.901205,2.07462,0.986691,0.985692
1.01584,1.15334,0.82063,0.953733,1.38239,0.973098,0.889608,2.06423,0.984412,0.984978
1.02066,1.15076,0.820404,0.954627,1.38754,0.98005,0.895465,2.05889,0.980097,0.987383
1.01758,1.14753,0.819889,0.944175,1.38254,0.986215,0.900379,2.11702,0.97532,0.993243
1.03189,1.15182,0.809972,0.952172,1.35842,0.982187,0.905384,2.11241,0.983451,1.00101
1.03534,1.16142,0.815149,0.964776,1.36327,0.975125,0.88827,2.15361,0.974927,0.985712
1.01996,1.17969,0.808607,0.965563,1.36323,0.97531,0.871592,2.17046,0.981619,0.993707
1.0251,1.17765,0.810627,0.979408,1.36619,0.974102,0.886413,2.18008,0.984213,0.995033
1.02739,1.18883,0.82365,0.986885,1.3915,0.981646,0.886027,2.18316,0.970303,1.00923
1.03192,1.20351,0.812655,0.984885,1.3867,0.98397,0.888291,2.21555,0.975124,1.0183
1.05088,1.20671,0.813836,0.986059,1.37904,0.981912,0.898904,2.20559,0.977966,1.01176
1.04329,1.20575,0.806474,0.997586,1.37724,0.987028,0.902748,2.19572,0.988712,0.996512
1.05242,1.19935,0.817097,1.00849,1.3756,0.987274,0.903483,2.19997,0.990107,1.00813
1.04618,1.20268,0.816341,1.01645,1.38263,0.978466,0.897355,2.19221,0.99836,1.00761
1.05153,1.18631,0.824535,1.00683,1.36076,0.984224,0.878367,2.19121,1.0109,1.01042
1.05111,1.17836,0.826148,0.997882,1.36532,0.991697,0.891479,2.17619,1.00275,1.02027
1.04837,1.18584,0.835482,1.00107,1.37999,0.9855,0.892748,2.14309,0.993827,1.02529
1.04181,1.1862,0.83447,0.992765,1.37686,0.969154,0.878073,2.16556,1.00276,1.02186
1.03367,1.18621,0.820993,0.998212,1.39457,0.968798,0.912164,2.2024,0.99907,1.01808
1.03609,1.19146,0.812369,0.978237,1.4014,0.970696,0.92245,2.20092,1.02185,1.00335
1.03119,1.18668,0.814981,0.971961,1.43062,0.964734,0.92356,2.22164,1.0187,0.995208
1.04216,1.18177,0.813092,0.960579,1.43071,0.991978,0.933426,2.23894,1.01549,0.999936
1.04032,1.19011,0.812635,0.956051,1.40733,0.966236,0.927607,2.24085,1.00411,1.01703
1.04804,1.17688,0.817721,0.949191,1.39687,0.973211,0.935664,2.24665,1.00407,1.00035
1.03753,1.16777,0.820756,0.951391,1.41138,0.969952,0.945769,2.25555,1.00306,0.988274
1.03702,1.16955,0.814686,0.966133,1.39973,0.983325,0.941792,2.2339,1.0131,0.997634
1.05233,1.17783,0.825283,0.965601,1.39793,0.983196,0.936115,2.25225,1.01813,1.0033
1.02884,1.17749,0.836704,0.965575,1.38642,0.996376,0.923389,2.21096,1.01788,1.00565
1.01995,1.19259,0.824384,0.97751,1.38256,1.00209,0.933258,2.18972,1.01439,1.00354
1.02769,1.19453,0.823221,0.978773,1.39357,1.02169,0.917486,2.20172,0.986887,1.00139
1.04042,1.20102,0.824975,0.98031,1.41263,1.03355,0.924901,2.16488,0.9818,1.00569
1.03684,1.19638,0.82038,0.976748,1.40327,1.03258,0.940809,2.21138,0.982555,1.00496
1.04086,1.21346,0.828723,0.972744,1.4071,1.03455,0.932869,2.18506,0.992364,1.00468
1.03626,1.19877,0.82478,0.964145,1.41741,1.03478,0.923997,2.16769,0.9831,1.01247
1.02413,1.19995,0.825208,0.986354,1.42152,1.02637,0.931793,2.18791,0.993755,1.01614
1.01295,1.20154,0.834481,0.997782,1.39938,1.03866,0.930037,2.1853,0.9832,1.00672
1.02553,1.19371,0.827566,1.00648,1.37955,1.04111,0.940941,2.18224,0.965065,1.01051
1.02522,1.20528,0.825362,1.00903,1.39718,1.0314,0.940207,2.17284,0.973269,1.00708
1.02397,1.22909,0.825782,1.02285,1.39183,1.04762,0.935846,2.16646,0.962474,1.01266
1.02365,1.23541,0.835163,1.04177,1.406,1.05293,0.93835,2.15599,0.964065,1.02054
1.01584,1.2486,0.83162,1.04211,1.38502,1.03948,0.929754,2.15124,0.95676,1.03612
1.00439,1.27092,0.825853,1.05175,1.3841,1.02748,0.930554,2.13592,0.955484,1.05845
1.00528,1.28068,0.8259,1.05543,1.40374,1.03862,0.948132,2.14269,0.950555,1.07277
1.00712,1.27849,0.819793,1.05541,1.39245,1.04892,0.952477,2.13513,0.948265,1.06417
0.996697,1.29427,0.815037,1.05681,1.40902,1.04554,0.949347,2.10606,0.95744,1.06296
0.985936,1.30051,0.809893,1.04732,1.41255,1.05361,0.962534,2.09104,0.951814,1.05647
0.977544,1.30655,0.819591,1.04205,1.41705,1.05469,0.970513,2.09314,0.941481,1.0608
0.976128,1.31926,0.817654,1.05333,1.42847,1.06043,0.970167,2.07113,0.937655,1.05007
0.970593,1.28677,0.814695,1.06556,1.45262,1.06479,0.967482,2.08558,0.921203,1.03148
0.97441,1.27422,0.801387,1.04902,1.45147,1.07056,0.96916,2.08632,0.931854,1.02944
0.976171,1.30668,0.800263,1.06278,1.44832,1.07999,0.969208,2.07216,0.951136,1.04217
0.971241,1.30929,0.805062,1.07101,1.43075,1.07926,0.966461,2.08315,0.955206,1.05333
0.948652,1.31008,0.798363,1.0727,1.41746,1.08595,0.948247,2.09915,0.977927,1.05135
0.952895,1.33278,0.799039,1.07306,1.39641,1.08628,0.949472,2.10403,0.982703,1.06449
0.945133,1.34459,0.790929,1.07335,1.38708,1.07486,0.945277,2.08594,0.974999,1.05994
0.938575,1.33074,0.778806,1.08734,1.3837,1.06807,0.955217,2.06299,0.979181,1.04361
0.943889,1.34223,0.775024,1.0837,1.39033,1.06207,0.9598,2.0747,0.972986,1.03994
0.943447,1.34932,0.768334,1.0953,1.38865,1.0701,0.960555,2.09762,0.964301,1.04964
0.959321,1.35491,0.763629,1.10629,1.39135,1.05514,0.948989,2.10464,0.971433,1.02591
0.9597,1.35027,0.779267,1.10502,1.40023,1.06191,0.947047,2.10623,0.975161,1.02587
0.96421,1.3483,0.776458,1.11774,1.4031,1.04754,0.940957,2.09237,0.983006,1.04153
0.966538,1.36461,0.778701,1.11827,1.37945,1.06163,0.934891,2.0858,0.99032,1.03291
0.959096,1.35921,0.797939,1.10911,1.36436,1.0597,0.946455,2.08295,0.985806,1.02022
0.953723,1.35426,0.790471,1.11946,1.35788,1.07322,0.942186,2.05429,0.971262,0.994613
0.950228,1.31174,0.799448,1.12982,1.3626,1.07017,0.935817,2.05953,0.971108,1.00522
0.942091,1.31718,0.794887,1.12626,1.38349,1.07357,0.931686,2.0936,0.969096,1.00393
0.950735,1.33734,0.795156,1.13735,1.37388,1.08075,0.939865,2.09122,0.963884,1.01965
0.963783,1.33702,0.789029,1.14289,1.39135,1.07627,0.918287,2.07867,0.962066,1.03131
0.964079,1.32353,0.78498,1.15336,1.40629,1.0736,0.919491,2.07454,0.954885,1.02845
0.975342,1.31791,0.787003,1.17958,1.39768,1.07373,0.913236,2.08472,0.961127,1.039
0.967792,1.33074,0.79021,1.18322,1.41975,1.07079,0.898837,2.10959,0.960702,1.02803
0.970834,1.34436,0.800678,1.17461,1.4335,1.07293,0.903755,2.11918,0.958843,1.02525
0.952465,1.34036,0.794053,1.19455,1.45129,1.05543,0.884015,2.10471,0.948508,1.03649
0.941646,1.33733,0.79468,1.20593,1.44646,1.05946,0.871613,2.10637,0.942082,1.03721
0.931819,1.3467,0.786814,1.18059,1.46737,1.05241,0.870616,2.08451,0.927489,1.02332
0.914963,1.3174,0.787825,1.18412,1.46284,1.05377,0.883906,2.08818,0.924769,1.02786
0.926409,1.32392,0.783654,1.19025,1.47122,1.0539,0.89025,2.09441,0.914924,1.03005
0.926917,1.31489,0.782557,1.18148,1.48193,1.06003,0.883296,2.09436,0.926291,1.04245
0.944706,1.3128,0.777977,1.17709,1.47359,1.05056,0.886011,2.10463,0.926027,1.04365
0.934122,1.32319,0.777293,1.17087,1.46481,1.05839,0.886269,2.11873,0.921782,1.05573
0.922514,1.3069,0.782623,1.1959,1.46044,1.06287,0.873964,2.11351,0.936173,1.05595
0.919796,1.31016,0.767365,1.18997,1.4317,1.06226,0.884492,2.1219,0.951628,1.0801
0.928024,1.34021,0.763174,1.19201,1.42887,1.05854,0.883187,2.11095,0.957088,1.08744
0.92995,1.32507,0.770909,1.19286,1.42942,1.0531,0.900828,2.08928,0.968497,1.09729
0.939912,1.31262,0.765643,1.19373,1.44256,1.05827,0.917016,2.09322,0.96433,1.09669
0.923717,1.29763,0.764861,1.1958,1.41383,1.06812,0.910273,2.05237,0.960407,1.09529
0.915518,1.29739,0.744947,1.19952,1.38953,1.06219,0.926861,2.0865,0.960448,1.08991
0.91799,1.30429,0.754844,1.19906,1.39442,1.06048,0.940367,2.07478,0.953702,1.09165
0.924164,1.32289,0.758649,1.19466,1.39629,1.07401,0.932198,2.10681,0.949697,1.10858
0.908394,1.31279,0.767913,1.19152,1.40886,1.07882,0.94849,2.10829,0.965898,1.13656
0.914607,1.31307,0.765239,1.18997,1.41359,1.07643,0.948526,2.11513,0.977073,1.13962
0.907653,1.34286,0.763747,1.17827,1.4232,1.05939,0.933758,2.14423,0.994101,1.12518
0.901651,1.33003,0.763109,1.1696,1.44749,1.06557,0.924018,2.12817,0.990055,1.11735
0.895555,1.33112,0.776793,1.16528,1.4406,1.08163,0.92096,2.11725,0.996422,1.11304
0.89837,1.35095,0.767397,1.14106,1.41666,1.07484,0.926236,2.08659,0.989114,1.11591
0.894419,1.35393,0.76789,1.13598,1.43519,1.09749,0.936241,2.10071,0.984227,1.13069
0.881902,1.33567,0.764337,1.14133,1.42948,1.07861,0.928341,2.08234,0.996748,1.13631
0.891956,1.33058,0.770611,1.16326,1.45563,1.05625,0.930649,2.09082,1.00641,1.16527
0.873358,1.32684,0.769113,1.15766,1.46604,1.05725,0.927783,2.07821,1.01098,1.17628
0.863917,1.3473,0.767715,1.16867,1.46603,1.04748,0.916114,2.06498,1.01555,1.18292
0.85858,1.33044,0.760854,1.15764,1.45754,1.05176,0.920248,2.09479,1.0346,1.1858
0.858117,1.34795,0.764536,1.16807,1.46495,1.03101,0.909641,2.06778,1.02502,1.17773
0.851596,1.33777,0.769472,1.16375,1.47035,1.016,0.918912,2.04226,1.03891,1.17578
0.846165,1.3492,0.768202,1.17032,1.47653,1.01416,0.933691,2.04012,1.06232,1.16794
0.850181,1.36064,0.772746,1.15382,1.49105,1.00977,0.935567,2.05487,1.06775,1.17832
0.833622,1.34881,0.766452,1.16288,1.49184,1.0039,0.929862,2.0507,1.09186,1.15347
0.825552,1.35364,0.774417,1.16938,1.50249,1.01649,0.929545,2.04166,1.0791,1.17245
0.821764,1.34251,0.766373,1.17021,1.49826,1.00348,0.930513,2.08868,1.07048,1.17466
0.823757,1.34901,0.773915,1.17416,1.48744,0.996765,0.929548,2.08605,1.07509,1.18743
0.820236,1.35001,0.765628,1.18811,1.46948,0.994185,0.923657,2.0966,1.07101,1.18971
0.824423,1.37474,0.74848,1.17517,1.47408,0.999684,0.927237,2.08002,1.07331,1.18041
0.823855,1.37537,0.760734,1.17976,1.47959,1.01485,0.94319,2.08337,1.07679,1.1797
0.838255,1.37836,0.753378,1.17538,1.4801,1.03063,0.957015,2.0475,1.06579,1.16817
0.839873,1.38882,0.746528,1.17505,1.50099,1.01553,0.960904,2.04643,1.08677,1.19101
0.851074,1.37965,0.743283,1.17195,1.48928,1.00083,0.949472,2.05481,1.0706,1.18939
0.853819,1.37709,0.740687,1.1657,1.51774,0.997959,0.964189,2.07009,1.07981,1.17101
0.855654,1.36789,0.725649,1.17354,1.52875,1.0022,0.943856,2.04329,1.087,1.18462
0.868925,1.36336,0.718975,1.18512,1.53075,1.00857,0.952003,2.08205,1.07986,1.18536
0.865004,1.37843,0.7137,1.19311,1.5471,1.01932,0.94638,2.07826,1.08773,1.18528
0.852942,1.36986,0.717019,1.19861,1.56824,1.01814,0.961031,2.11406,1.09044,1.19939
0.869338,1.38509,0.724379,1.2044,1.572,1.01457,0.955941,2.08862,1.09322,1.21058
0.864036,1.38717,0.723333,1.18609,1.57883,1.03431,0.958455,2.06702,1.08548,1.22994
0.851614,1.39155,0.719038,1.18944,1.61103,1.05707,0.96871,2.11356,1.08866,1.22778
0.840773,1.40558,0.730934,1.19087,1.63425,1.05099,0.958726,2.14576,1.08264,1.21108
0.839713,1.40533,0.736301,1.18592,1.62952,1.0693,0.97071,2.13827,1.08436,1.21242
0.840642,1.38911,0.742406,1.19725,1.60689,1.06017,0.977085,2.15338,1.09667,1.22304
0.838582,1.3873,0.743519,1.18791,1.63814,1.07042,0.981,2.1449,1.10088,1.23611
0.838318,1.37805,0.745979,1.18878,1.63617,1.07295,0.991896,2.14303,1.09362,1.26083
0.842652,1.37196,0.737027,1.18627,1.62013,1.05691,0.976701,2.11927,1.09407,1.27875
0.84245,1.38578,0.738836,1.19062,1.63513,1.05321,0.985489,2.09676,1.10077,1.27104
0.835603,1.37426,0.734461,1.19131,1.61732,1.04361,0.985355,2.09936,1.11148,1.26476
0.839781,1.38652,0.741416,1.19544,1.61048,1.05665,0.976758,2.09699,1.1433,1.27243
0.841824,1.40091,0.741526,1.19468,1.61646,1.05002,0.973039,2.11292,1.1444,1.2743
0.830624,1.39446,0.73614,1.20468,1.62223,1.05105,0.958351,2.12252,1.13268,1.28401
0.842136,1.36954,0.745618,1.21275,1.63788,1.05233,0.956608,2.097,1.14465,1.26509
0.839608,1.36139,0.757933,1.21804,1.63735,1.04817,0.939192,2.09061,1.13131,1.26432
0.861256,1.34954,0.760943,1.21509,1.63289,1.04835,0.94872,2.07201,1.09933,1.27757
0.860448,1.34341,0.752587,1.20542,1.62126,1.05452,0.95559,2.08108,1.11627,1.2931
0.863795,1.35651,0.765137,1.19289,1.64411,1.05561,0.963332,2.08695,1.11664,1.29644
0.862309,1.35939,0.763866,1.19077,1.63798,1.05402,0.948965,2.07915,1.09963,1.31308
0.849525,1.35855,0.755082,1.19791,1.6703,1.02857,0.943706,2.06309,1.11156,1.32876
0.847054,1.35048,0.763254,1.17946,1.6669,1.03493,0.960286,2.0762,1.11621,1.31757
0.859743,1.36107,0.767923,1.19937,1.6851,1.0287,0.967231,2.0651,1.12444,1.32153
0.850149,1.38202,0.75888,1.19442,1.6817,1.01841,0.963903,2.0043,1.11704,1.3091
0.861146,1.36912,0.770953,1.19681,1.68061,1.01085,0.976428,1.96654,1.12594,1.31213
0.85803,1.3754,0.783987,1.19634,1.67016,1.03476,0.989139,1.93727,1.13859,1.30294
0.843133,1.3492,0.77255,1.18164,1.6906,1.04047,0.9852,1.94059,1.14201,1.30963
0.833295,1.34817,0.785157,1.1824,1.6699,1.05521,0.980062,1.93266,1.16853,1.30071
0.816785,1.36236,0.790287,1.18608,1.67142,1.03639,0.985864,1.94714,1.18982,1.30069
0.81631,1.36257,0.799454,1.17704,1.67122,1.04791,0.986558,1.97228,1.18069,1.30589
0.806059,1.37625,0.7882,1.17908,1.66856,1.0489,0.970988,1.99885,1.18094,1.29159
0.795604,1.3842,0.794364,1.17561,1.67416,1.03844,0.960586,1.98024,1.18107,1.28626
0.798688,1.38419,0.79659,1.15744,1.68498,1.04102,0.965481,1.96878,1.18709,1.27864
0.802119,1.39778,0.798048,1.16269,1.66575,1.03667,0.962038,1.96023,1.2012,1.25656
0.796052,1.39932,0.812602,1.17956,1.70553,1.04634,0.965534,1.96409,1.19955,1.24625
0.796035,1.42645,0.804303,1.2058,1.71066,1.03578,0.963326,1.95604,1.17684,1.24569
0.796311,1.42444,0.807929,1.20794,1.73429,1.0145,0.969896,1.93781,1.19108,1.25974
0.806649,1.42535,0.800837,1.20843,1.72755,1.01393,0.96886,1.90862,1.19189,1.24686
0.806196,1.41622,0.796746,1.21784,1.72736,1.01575,0.97413,1.92205,1.19755,1.25881
0.807458,1.40622,0.803429,1.23448,1.69758,1.00733,0.969973,1.94527,1.22173,1.24947
0.813825,1.41098,0.805364,1.23229,1.71436,1.01179,0.969423,1.92815,1.21663,1.26023
0.794306,1.42212,0.802809,1.22915,1.72879,1.00228,0.962912,1.93567,1.2034,1.24887
0.791176,1.41808,0.803084,1.22501,1.7311,0.99815,0.975238,1.94621,1.19214,1.24224
0.786042,1.4215,0.804112,1.23575,1.73897,0.989323,0.964447,1.95556,1.18287,1.24897
0.789302,1.44502,0.798264,1.24763,1.74622,0.977763,0.993389,1.92656,1.192,1.24206
0.78763,1.45974,0.806336,1.25602,1.75876,0.989232,0.975363,1.94587,1.17954,1.24116
0.789844,1.4583,0.790303,1.26694,1.74659,0.984442,0.981059,1.94605,1.16873,1.23752
0.792163,1.44294,0.796122,1.26336,1.76929,0.984441,0.976428,1.97862,1.17906,1.24451
0.803332,1.43265,0.794697,1.2611,1.78728,0.96784,0.991693,2.00123,1.17499,1.27366
0.794732,1.45436,0.784733,1.25121,1.82806,0.96809,0.993776,2.01101,1.14868,1.27784
0.80541,1.46675,0.780298,1.25406,1.84137,0.975895,0.97897,2.0527,1.14127,1.3012
0.819018,1.46011,0.776382,1.25181,1.84158,0.972767,0.971653,2.06645,1.15999,1.29818
0.807071,1.45627,0.780174,1.23229,1.8626,0.968797,0.963978,2.09202,1.16756,1.29012
0.815274,1.45192,0.791974,1.23339,1.861,0.96424,0.956933,2.13607,1.15797,1.31233
0.798714,1.44943,0.786093,1.25773,1.86104,0.954222,0.947713,2.10949,1.17813,1.3091
0.816004,1.47025,0.789023,1.26054,1.84016,0.966149,0.924555,2.11143,1.1816,1.31356
0.826609,1.48765,0.777247,1.2536,1.8274,0.958988,0.92888,2.11078,1.19248,1.31683
0.830714,1.51242,0.768574,1.24995,1.81279,0.951619,0.934094,2.11827,1.1869,1.2836
0.853625,1.50472,0.751879,1.26808,1.79265,0.923418,0.934118,2.12527,1.18835,1.28735
0.859836,1.51342,0.742677,1.26643,1.7859,0.923531,0.932806,2.13933,1.21165,1.30281
0.860236,1.50393,0.735108,1.25105,1.8055,0.929162,0.925057,2.11875,1.23218,1.32332
0.870765,1.48702,0.732754,1.25167,1.77768,0.935166,0.927224,2.12784,1.21539,1.32995
0.854921,1.48321,0.74255,1.25045,1.78552,0.94508,0.949594,2.1467,1.21372,1.34023
0.85361,1.49046,0.735059,1.23025,1.78399,0.955571,0.948503,2.1506,1.23218,1.35058
0.844995,1.47802,0.732434,1.24741,1.76447,0.941497,0.943249,2.14089,1.2317,1.35256
0.855902,1.47556,0.742845,1.23894,1.76636,0.945413,0.942325,2.14991,1.2175,1.35529
0.861382,1.4973,0.748588,1.23942,1.76485,0.953082,0.951146,2.15393,1.22613,1.32728
0.852434,1.51007,0.746885,1.24063,1.76834,0.957518,0.935197,2.15474,1.22369,1.31986
0.84793,1.54702,0.735898,1.25003,1.75234,0.937741,0.937867,2.14375,1.21068,1.29811
0.857817,1.53313,0.736804,1.24934,1.72883,0.936742,0.940798,2.15719,1.19095,1.30408
0.866191,1.53244,0.72676,1.26684,1.73329,0.920185,0.930918,2.13021,1.18178,1.30405
0.873183,1.51313,0.734309,1.26789,1.7438,0.912951,0.949584,2.16603,1.17434,1.31968
0.879799,1.51298,0.725683,1.27721,1.76269,0.916647,0.945138,2.17549,1.17222,1.32489
0.886819,1.52256,0.733397,1.2594,1.80111,0.917413,0.945385,2.1652,1.1646,1.32248
0.89451,1.52388,0.742232,1.24926,1.77748,0.907638,0.956202,2.19458,1.16188,1.32752
0.880774,1.52566,0.731092,1.26358,1.75501,0.902392,0.950254,2.17503,1.15197,1.3243
0.876797,1.55402,0.732066,1.25381,1.73687,0.914151,0.954224,2.17838,1.15689,1.31187
0.884344,1.56867,0.724872,1.25266,1.74285,0.918253,0.950547,2.16647,1.17373,1.32242
0.890037,1.56112,0.721046,1.23848,1.75246,0.927847,0.972214,2.14166,1.18219,1.32259
0.89968,1.54926,0.72102,1.23986,1.75134,0.934179,0.967928,2.12623,1.19622,1.33003
0.912396,1.55541,0.720551,1.25242,1.75856,0.951589,0.97785,2.11675,1.1987,1.33287
0.909251,1.5378,0.713391,1.25726,1.7484,0.970223,0.971647,2.15159,1.19807,1.33529
0.90183,1.56856,0.727089,1.2459,1.76988,0.980103,0.971353,2.12978,1.20765,1.32776
0.904707,1.56863,0.723111,1.24558,1.7663,0.979045,0.946929,2.13277,1.1924,1.31056
0.915306,1.56117,0.720506,1.22736,1.73535,0.978554,0.938571,2.12064,1.20151,1.30848
0.924122,1.56342,0.717571,1.21897,1.73742,0.984775,0.931616,2.11038,1.21351,1.32852
0.938255,1.58139,0.716864,1.21155,1.74317,0.981086,0.921553,2.09255,1.22343,1.31916
0.935976,1.58,0.710735,1.21337,1.73934,0.984319,0.902152,2.08654,1.24939,1.31299
0.940326,1.58568,0.704249,1.2041,1.73116,0.995453,0.90882,2.10277,1.26745,1.30138
0.93902,1.59741,0.700791,1.20306,1.74647,0.982498,0.913097,2.14221,1.26149,1.3015
0.957819,1.57575,0.702544,1.19356,1.77066,0.977164,0.905762,2.11593,1.25076,1.29456
0.961251,1.58126,0.704722,1.19845,1.79584,0.965462,0.899105,2.1609,1.26217,1.30666
0.957589,1.58672,0.703942,1.18027,1.80473,0.962081,0.894119,2.17486,1.26244,1.27144
0.964474,1.60836,0.71557,1.17549,1.79768,0.962852,0.894299,2.20155,1.26715,1.26038
0.964296,1.60729,0.719084,1.17015,1.80436,0.953598,0.896325,2.22705,1.22652,1.25739
0.976374,1.60539,0.716593,1.17863,1.80742,0.961421,0.8906,2.23604,1.22363,1.26194
0.969781,1.59993,0.710896,1.16525,1.79141,0.977132,0.873436,2.24583,1.21216,1.26324
0.970808,1.60166,0.70238,1.14645,1.77267,0.959739,0.870202,2.27089,1.2011,1.26344
0.972646,1.61522,0.711282,1.13987,1.77419,0.958263,0.874221,2.29671,1.19874,1.27989
0.995739,1.63198,0.707375,1.13741,1.79495,0.954435,0.88881,2.26068,1.19888,1.28621
0.991694,1.62113,0.706715,1.14776,1.76989,0.939663,0.8675,2.25659,1.1857,1.27453
0.994404,1.60453,0.700188,1.13123,1.7641,0.941711,0.872288,2.23596,1.17907,1.27192
0.974886,1.61666,0.697681,1.145,1.75217,0.931177,0.878993,2.24741,1.20213,1.27019
0.983182,1.60505,0.692283,1.1387,1.73804,0.930112,0.880369,2.26243,1.23321,1.28116
0.986601,1.58288,0.700216,1.14787,1.765,0.925981,0.88588,2.25603,1.24253,1.27223
0.986751,1.57891,0.695717,1.15617,1.76519,0.93203,0.876565,2.28345,1.27454,1.28469
0.975722,1.56028,0.695662,1.1722,1.72599,0.924647,0.862851,2.28653,1.28037,1.31621
0.987953,1.56177,0.692951,1.15644,1.69396,0.922229,0.859719,2.26651,1.28978,1.33371
0.995627,1.57593,0.69571,1.146,1.68706,0.923215,0.862474,2.18054,1.26648,1.33323
0.988746,1.57486,0.69087,1.16781,1.67446,0.933996,0.859858,2.18408,1.26089,1.34552
0.991225,1.576,0.68465,1.1426,1.68665,0.923128,0.857746,2.15921,1.26571,1.37089
0.976731,1.5773,0.699002,1.15538,1.68576,0.921751,0.862376,2.16848,1.27745,1.37162
0.956673,1.563,0.711356,1.13356,1.69273,0.915021,0.858405,2.20118,1.30198,1.35031
0.965979,1.57416,0.729058,1.12558,1.68019,0.918115,0.860241,2.21427,1.29415,1.34739
0.972841,1.57892,0.724881,1.11914,1.6791,0.908891,0.863596,2.25697,1.28502,1.34278
0.976321,1.55001,0.723893,1.12348,1.65961,0.906908,0.854581,2.26587,1.25731,1.32087
0.975026,1.52476,0.722247,1.11631,1.6321,0.914624,0.8438,2.22258,1.26595,1.32633
0.975955,1.53139,0.723977,1.10785,1.61931,0.926151,0.851177,2.18239,1.24912,1.34621
0.971064,1.54913,0.715905,1.12388,1.62823,0.931728,0.848964,2.1336,1.25778,1.36938
0.983019,1.56161,0.720537,1.13134,1.64518,0.924717,0.835643,2.13252,1.2403,1.35512
1.00923,1.58891,0.715697,1.13613,1.67428,0.930819,0.845661,2.14964,1.23959,1.36221
1.0196,1.56473,0.707034,1.13032,1.6644,0.91794,0.8435,2.1068,1.22678,1.39641
1.01377,1.58951,0.709991,1.12656,1.68436,0.920481,0.843872,2.08603,1.22446,1.39865
1.02181,1.57943,0.702938,1.1129,1.68089,0.916929,0.847503,2.08735,1.22822,1.41802
1.03849,1.55315,0.694643,1.11745,1.67639,0.912663,0.840792,2.06666,1.22009,1.42718
1.04368,1.56939,0.693869,1.13494,1.64395,0.901187,0.840664,2.06656,1.20769,1.44402
1.03771,1.60643,0.688961,1.13707,1.66615,0.894988,0.843256,2.06135,1.21,1.46236
1.032,1.60319,0.68587,1.13773,1.68837,0.894203,0.842343,2.06575,1.19522,1.43711
1.04258,1.59587,0.68353,1.16252,1.68364,0.909901,0.845456,2.07608,1.17966,1.45892
1.03888,1.62033,0.672469,1.15998,1.67614,0.91,0.846775,2.07997,1.20235,1.48838
1.06457,1.62396,0.67273,1.16232,1.67529,0.91148,0.845491,2.07213,1.20406,1.45513
1.05047,1.63303,0.670759,1.16315,1.68426,0.898034,0.844387,2.06099,1.21407,1.45335
1.05451,1.62436,0.683755,1.16672,1.67103,0.88805,0.844966,2.06012,1.21356,1.45131
1.06068,1.62087,0.687555,1.18315,1.68715,0.877709,0.848227,2.03835,1.20243,1.47283
1.04407,1.61544,0.688899,1.17482,1.69893,0.877434,0.850761,2.02582,1.19953,1.47677
1.04784,1.5946,0.682832,1.17856,1.66509,0.873366,0.839734,2.06966,1.201,1.47143
1.04361,1.60933,0.685389,1.17439,1.6842,0.877162,0.84598,2.06383,1.20447,1.47091
1.04143,1.59979,0.688977,1.16104,1.70562,0.878641,0.828039,2.05176,1.21068,1.46941
1.0479,1.5905,0.681357,1.16314,1.69156,0.867228,0.823276,2.03181,1.22074,1.48834
1.04841,1.60033,0.670545,1.17097,1.68061,0.866645,0.830949,2.02748,1.20564,1.47789
1.05116,1.61394,0.673153,1.15907,1.67259,0.872839,0.845669,2.0139,1.22761,1.49238
1.04224,1.60158,0.671904,1.1652,1.65654,0.861082,0.867751,2.03116,1.20877,1.49628
1.03268,1.59269,0.658619,1.18319,1.64889,0.867336,0.874266,2.07549,1.18161,1.4885
1.01397,1.58855,0.660757,1.19374,1.63506,0.860332,0.862531,2.07907,1.19978,1.51133
1.01068,1.55948,0.658154,1.20779,1.64286,0.852374,0.858871,2.08871,1.21816,1.46875
1.01143,1.56241,0.652312,1.2126,1.64668,0.860812,0.861413,2.08911,1.23054,1.46721
1.0069,1.55504,0.654462,1.20087,1.65497,0.861753,0.858191,2.11151,1.23187,1.4662
1.00991,1.55679,0.649473,1.22294,1.65352,0.86085,0.860327,2.13058,1.22407,1.45029
1.00622,1.52686,0.653893,1.21277,1.66851,0.860918,0.863948,2.11416,1.23571,1.45669
1.0241,1.53214,0.657789,1.21224,1.66223,0.873272,0.872454,2.14929,1.22921,1.45798
1.00609,1.53037,0.654428,1.22059,1.6406,0.884055,0.878394,2.14501,1.22932,1.45872
1.00248,1.52836,0.646298,1.21801,1.64221,0.90127,0.872559,2.12384,1.21639,1.46466
1.00777,1.51616,0.645076,1.22251,1.63379,0.89453,0.871737,2.11524,1.20516,1.4765
1.00619,1.48966,0.640008,1.23222,1.63825,0.904526,0.862898,2.0954,1.23712,1.47488
1.00708,1.49194,0.64399,1.24493,1.64047,0.901648,0.8775,2.08217,1.24311,1.46721
1.01395,1.47656,0.639154,1.24552,1.61022,0.918329,0.880128,2.10003,1.27206,1.45677
1.03006,1.49527,0.645906,1.25393,1.59757,0.918765,0.897376,2.046,1.2614,1.4755
1.0275,1.50115,0.641288,1.24745,1.61209,0.906895,0.903625,2.07457,1.25921,1.469
1.0292,1.50722,0.644374,1.24531,1.61499,0.914849,0.895903,2.04046,1.26036,1.46545
1.02756,1.48872,0.645113,1.24333,1.61725,0.927606,0.905248,2.05641,1.26638,1.48059
1.02298,1.508,0.644561,1.23697,1.62099,0.919573,0.901492,2.0838,1.25686,1.46793
1.03259,1.51418,0.641932,1.20874,1.61259,0.937367,0.908132,2.1006,1.23786,1.47293
1.02347,1.51253,0.640642,1.20477,1.60818,0.949534,0.922303,2.1008,1.25052,1.47624
1.02769,1.54274,0.639835,1.21393,1.59496,0.947369,0.912123,2.11041,1.25673,1.50578
1.02633,1.56878,0.632066,1.19765,1.58736,0.954729,0.914022,2.08871,1.26557,1.4859
1.02875,1.58405,0.635595,1.18433,1.58953,0.957134,0.906265,2.08153,1.27462,1.48399
1.03476,1.5881,0.643221,1.18806,1.58488,0.964376,0.910463,2.07211,1.25882,1.49424
1.02549,1.60301,0.648789,1.19692,1.58727,0.971514,0.896841,2.07,1.25479,1.48285
1.02612,1.60349,0.653076,1.18715,1.6031,0.962206,0.90855,2.09294,1.24704,1.51029
1.02584,1.61309,0.659981,1.18887,1.60466,0.977203,0.906275,2.08829,1.25431,1.50622
1.02852,1.60131,0.666769,1.17565,1.57469,0.975168,0.91297,2.09962,1.24916,1.5224
1.02569,1.57423,0.6642,1.18486,1.5768,0.961553,0.892213,2.09562,1.2537,1.54106
1.03153,1.56143,0.670793,1.17973,1.57968,0.966478,0.900021,2.08841,1.25281,1.54728
1.01773,1.53175,0.666821,1.16889,1.60084,0.969302,0.900938,2.06392,1.24513,1.55511
1.01103,1.52578,0.668755,1.15378,1.58364,0.966236,0.891142,2.08303,1.23942,1.54209
1.0225,1.51125,0.66878,1.12933,1.57477,0.957219,0.901814,2.05354,1.2338,1.52867
1.00162,1.50309,0.662701,1.13139,1.58037,0.980974,0.901902,2.05815,1.2456,1.51264
1.0023,1.48953,0.664507,1.14485,1.56745,0.979432,0.899471,2.09816,1.24559,1.49475
1.00499,1.49306,0.663178,1.13028,1.56755,0.971278,0.897414,2.12065,1.2329,1.53113
0.992229,1.4798,0.659587,1.13821,1.60245,0.963989,0.892251,2.1026,1.23159,1.50558
1.00607,1.48147,0.660966,1.1307,1.61834,0.968153,0.89752,2.09566,1.23183,1.49859
1.02569,1.49206,0.661216,1.13103,1.61178,0.959183,0.902563,2.07499,1.22683,1.49392
1.0191,1.50669,0.666095,1.13315,1.61165,0.94414,0.905626,2.1071,1.24932,1.4621
1.02041,1.52209,0.669295,1.14604,1.61123,0.955491,0.914145,2.07632,1.25305,1.46844
1.00774,1.51808,0.669536,1.14849,1.60707,0.949491,0.913633,2.09322,1.22345,1.47584
1.01192,1.5171,0.666149,1.15529,1.59714,0.93455,0.894791,2.0743,1.19955,1.45646
1.01127,1.51593,0.664061,1.14774,1.60392,0.933416,0.888935,2.08167,1.19294,1.46901
1.02185,1.50997,0.66859,1.15264,1.58952,0.938461,0.885603,2.10993,1.19011,1.47856
1.03592,1.498,0.663694,1.1506,1.55055,0.951056,0.892094,2.12062,1.21004,1.48401
1.03017,1.5116,0.664404,1.14728,1.56822,0.940287,0.901454,2.12853,1.22081,1.48671
1.04225,1.50209,0.659854,1.13302,1.57446,0.928595,0.900892,2.08102,1.21177,1.4836
1.04682,1.51032,0.656916,1.12892,1.5846,0.924257,0.900984,2.07138,1.19535,1.47671
1.04245,1.49131,0.649479,1.15305,1.58086,0.920877,0.907806,2.06984,1.1853,1.47759
1.042,1.49281,0.646859,1.14098,1.56819,0.929746,0.937316,2.03854,1.1902,1.49134
1.04249,1.48062,0.644032,1.14569,1.57644,0.929294,0.95305,2.03769,1.21539,1.46848
1.05503,1.48412,0.64339,1.14607,1.56739,0.938562,0.946042,2.04368,1.22216,1.47101
1.05367,1.4727,0.652934,1.13752,1.56873,0.939668,0.936276,2.02695,1.22967,1.48787
1.06177,1.47981,0.645894,1.11203,1.55404,0.944088,0.93338,2.02853,1.22398,1.49578
1.05711,1.4616,0.64619,1.12425,1.55637,0.937909,0.926422,2.02185,1.22052,1.47894
1.04969,1.46357,0.636729,1.12032,1.56889,0.944671,0.932457,2.02313,1.23211,1.45214
1.05363,1.45914,0.632097,1.10634,1.57947,0.956622,0.943849,2.04979,1.22811,1.45598
1.06189,1.47595,0.63012,1.12358,1.55593,0.959333,0.953277,2.05497,1.2389,1.44972
