0,1,2,3,4,5,6,7,8,9
0,0,0,0,0,0,0,0,0,0
0,0,0,0,0,0,0,0,0,0
0,0,0,0,0,0,0,0,0,0
0,0,0,0,0,0,0,0,0,0
0,0,0,0,0,0,0,0,0,0
0,0,0,0,0,0,0,0,0,0
0,0,0,0,0,0,0,0,0,0
0,0,0,0,0,0,0,0,0,0
0,0,0,0,0,0,0,0,0,0
0.101868,0.0975673,0.10254,0.103045,0.0995461,0.0998868,0.0945339,0.0988534,0.100686,0.101473
0.100779,0.100002,0.0992504,0.101784,0.0986164,0.101856,0.0967917,0.100539,0.0995071,0.100873
0.101757,0.0996829,0.0999626,0.103455,0.0987099,0.102282,0.0943844,0.0994394,0.0997108,0.100616
0.101457,0.0982264,0.101253,0.104309,0.0977569,0.101781,0.094263,0.0995958,0.0997658,0.101591
0.10189,0.0989655,0.0984041,0.105467,0.0968288,0.104495,0.0925331,0.0999296,0.0993755,0.102111
0.10094,0.101619,0.0978717,0.101083,0.0973917,0.105506,0.0942116,0.101014,0.0986273,0.101736
0.0996859,0.105648,0.0956994,0.0994034,0.0963766,0.111006,0.0910859,0.102647,0.0963147,0.102132
0.10026,0.106348,0.0946328,0.0994219,0.0949758,0.112853,0.0893293,0.1037,0.095505,0.102973
0.099925,0.107151,0.0941334,0.099739,0.09503,0.113719,0.0890783,0.103383,0.0953327,0.102509
0.101747,0.104142,0.0946245,0.101091,0.0940532,0.110915,0.0899715,0.103785,0.0963403,0.103331
0.102184,0.103825,0.0954228,0.100574,0.0937867,0.10959,0.0907705,0.104327,0.096127,0.103393
0.101712,0.102137,0.0973092,0.100948,0.0951402,0.106341,0.0934975,0.103265,0.0971907,0.10246
0.101619,0.101184,0.0975418,0.101827,0.0935741,0.107953,0.0920677,0.10386,0.0967769,0.103597
0.100359,0.0990795,0.0996045,0.101476,0.0947335,0.105868,0.0946528,0.102824,0.0978213,0.103582
0.100602,0.101274,0.0983246,0.101647,0.0949677,0.106443,0.0945023,0.102856,0.0971505,0.102234
0.0975831,0.0967856,0.103503,0.103872,0.0964105,0.10277,0.0957538,0.101809,0.0976234,0.103889
0.0952479,0.0958617,0.110088,0.103797,0.0987763,0.100576,0.090949,0.103016,0.0953608,0.106328
0.0960815,0.0966735,0.108658,0.108879,0.098474,0.100521,0.0879015,0.103332,0.0947793,0.1047
0.0971707,0.096866,0.106328,0.109842,0.098428,0.100224,0.0889012,0.102852,0.0956305,0.103758
0.0981767,0.0979173,0.103295,0.106829,0.099248,0.0998275,0.092932,0.102732,0.0970577,0.101985
0.100933,0.0960144,0.101118,0.109383,0.098621,0.0991681,0.0924719,0.100953,0.0996246,0.101713
0.101622,0.0969483,0.101183,0.10582,0.0993411,0.0994672,0.0943504,0.0990357,0.100598,0.101633
0.102329,0.0991499,0.0996306,0.105413,0.0977677,0.102329,0.0939304,0.0996076,0.0994888,0.100354
0.103628,0.0984866,0.0996272,0.105784,0.097545,0.102939,0.0926647,0.0988439,0.100194,0.100287
0.10319,0.0951162,0.1002,0.104149,0.0975512,0.101285,0.0934375,0.0994578,0.101643,0.103969
0.101969,0.097571,0.0993461,0.104499,0.098937,0.100629,0.0957731,0.0994418,0.100514,0.101321
0.102802,0.0959057,0.0987599,0.105998,0.0987386,0.100199,0.0948827,0.0993782,0.101173,0.102163
0.102399,0.0966552,0.10056,0.103228,0.099017,0.100805,0.0946254,0.0993658,0.101206,0.102139
0.101355,0.0982159,0.100964,0.102281,0.0980076,0.101862,0.0956735,0.100121,0.0998105,0.10171
0.1017,0.0990363,0.101068,0.101446,0.0987125,0.102336,0.0947365,0.0999073,0.0999163,0.101142
0.100468,0.0988096,0.100594,0.100226,0.0978451,0.102483,0.0969502,0.100816,0.0996228,0.102185
0.100205,0.100596,0.0986544,0.103021,0.097951,0.101315,0.098402,0.102405,0.098453,0.0989977
0.10219,0.100087,0.0966219,0.109335,0.0978136,0.102168,0.0935459,0.102928,0.0979375,0.0973728
0.101678,0.0999221,0.0957281,0.108443,0.0976089,0.101277,0.0954972,0.104119,0.0982143,0.0975124
0.100307,0.101156,0.0997557,0.101287,0.0979792,0.102229,0.0973975,0.101577,0.0980368,0.100274
0.102137,0.101616,0.0995385,0.102637,0.0945247,0.104938,0.0953634,0.103441,0.0957546,0.10005
0.102341,0.101159,0.101917,0.103722,0.0916705,0.108214,0.0913715,0.102969,0.0953108,0.101325
0.105094,0.0948237,0.107932,0.108407,0.0976146,0.0994762,0.0880833,0.0954761,0.10043,0.102664
0.103135,0.0924736,0.108832,0.107377,0.0976528,0.0976356,0.0885915,0.0968361,0.101222,0.106244
0.10267,0.0921867,0.108322,0.106844,0.0981745,0.0968494,0.0899751,0.0970922,0.101641,0.106245
0.10311,0.0929898,0.105963,0.108264,0.099324,0.0962489,0.0912193,0.096608,0.102192,0.104082
0.102899,0.0954136,0.104073,0.108166,0.0993449,0.0982744,0.0910169,0.0971833,0.1014,0.102229
0.101986,0.0967287,0.103977,0.104565,0.0995983,0.0991534,0.0925706,0.098478,0.100517,0.102426
0.101517,0.0977005,0.10317,0.102819,0.0997511,0.0998018,0.0938957,0.0991376,0.100179,0.102029
0.100534,0.0979306,0.099919,0.101933,0.0985212,0.100631,0.0979547,0.100305,0.0998764,0.102395
0.101224,0.0988122,0.0995932,0.106596,0.096396,0.103308,0.0939047,0.100236,0.098746,0.101184
0.101979,0.0973952,0.0999308,0.108159,0.093835,0.105442,0.0915449,0.100371,0.0986834,0.10266
0.102349,0.0967357,0.100334,0.109896,0.0925162,0.106327,0.090261,0.100251,0.0982124,0.103118
0.10189,0.100122,0.0999696,0.107776,0.0938579,0.106019,0.0919534,0.10057,0.0973589,0.100483
0.101495,0.100524,0.0992892,0.104637,0.0949392,0.105505,0.0932707,0.101217,0.0977881,0.101335
0.100967,0.0999115,0.0994191,0.104374,0.0923239,0.107326,0.0926961,0.10335,0.0964815,0.103151
0.102627,0.0976287,0.0975771,0.115663,0.088738,0.108832,0.0880167,0.104137,0.0953072,0.101472
0.101742,0.0977494,0.100271,0.113312,0.0934713,0.104891,0.0902616,0.100323,0.0971479,0.100831
0.102079,0.0953276,0.0996837,0.112078,0.0918996,0.106132,0.0899792,0.100357,0.098806,0.103658
0.101572,0.0961,0.103107,0.109369,0.0958296,0.102589,0.0895029,0.0998272,0.0990842,0.103019
0.101604,0.095342,0.106208,0.107609,0.0975444,0.10124,0.0877931,0.0994196,0.099093,0.104148
0.101652,0.0911638,0.11268,0.10076,0.0991919,0.0985239,0.0874461,0.0985804,0.100476,0.109525
0.101993,0.0926452,0.111737,0.100695,0.100159,0.0976859,0.0884405,0.0985861,0.10039,0.10767
0.101701,0.0926219,0.10919,0.100961,0.0988338,0.0982351,0.091217,0.0985391,0.10079,0.107911
0.102308,0.0913872,0.109074,0.102008,0.0983045,0.0984374,0.0902596,0.0982299,0.101179,0.108813
0.104446,0.0926015,0.111948,0.102216,0.1004,0.0973871,0.0871934,0.096785,0.101512,0.105511
0.103059,0.0945378,0.106062,0.104072,0.0983254,0.0995644,0.0918692,0.0975523,0.101124,0.103833
0.102567,0.0989523,0.10201,0.107741,0.0959568,0.103136,0.0925571,0.0985752,0.0989689,0.0995352
0.103597,0.100903,0.101725,0.110994,0.093034,0.107541,0.0871301,0.0999205,0.0960674,0.0990879
0.103452,0.0989069,0.107645,0.109641,0.096704,0.102891,0.0835772,0.098562,0.0972527,0.101369
0.104477,0.104074,0.101278,0.109693,0.0951697,0.106262,0.0867494,0.0989801,0.0965567,0.0967602
0.103829,0.106225,0.0968993,0.103779,0.0948644,0.107963,0.0880079,0.10258,0.0961165,0.0997355
0.104801,0.104077,0.0993149,0.106227,0.0948782,0.106996,0.0860474,0.101072,0.0967484,0.0998389
0.102437,0.104522,0.0981598,0.102549,0.0952759,0.106564,0.0897596,0.103034,0.0965954,0.101104
0.101306,0.102188,0.100565,0.101704,0.0958841,0.105032,0.0901648,0.102873,0.0972107,0.103072
0.101816,0.103958,0.098292,0.0996986,0.0951853,0.106844,0.0919852,0.103841,0.0958731,0.102507
0.102012,0.10414,0.0977285,0.102003,0.0958522,0.105942,0.0914446,0.103016,0.0970356,0.100827
0.10391,0.0993041,0.103932,0.106221,0.0968822,0.103299,0.0864616,0.0997602,0.0984739,0.101756
0.103072,0.0992744,0.103048,0.104233,0.0974391,0.10268,0.0886348,0.100195,0.0990042,0.102419
0.102536,0.10159,0.0999879,0.104589,0.0962215,0.104503,0.0910652,0.101137,0.0980411,0.100329
0.102647,0.100675,0.100568,0.103088,0.0968015,0.104029,0.0899311,0.101525,0.0981947,0.102541
0.104204,0.0992733,0.101812,0.105265,0.0984049,0.102138,0.0894348,0.0989219,0.0995747,0.100972
0.103193,0.0998808,0.100538,0.105876,0.0986762,0.10197,0.0928369,0.0989051,0.099688,0.098436
0.103021,0.0993592,0.09996,0.105003,0.0996544,0.101591,0.0934703,0.0982007,0.10027,0.0994704
0.102581,0.097928,0.101743,0.103024,0.0997919,0.100871,0.0937801,0.0986458,0.100616,0.101018
0.102057,0.0965382,0.104299,0.108919,0.0990752,0.100227,0.088555,0.0990942,0.0991527,0.102083
0.101701,0.0978869,0.103931,0.108248,0.0984697,0.101598,0.0888455,0.0992476,0.0984123,0.101661
0.102312,0.0996343,0.0985165,0.104372,0.0975978,0.103817,0.0942624,0.0994175,0.0995715,0.100499
0.100628,0.0970608,0.104298,0.109492,0.0973382,0.102001,0.0883474,0.100351,0.0978616,0.102621
0.102288,0.0974849,0.102018,0.108427,0.0980267,0.102298,0.0901566,0.0983892,0.0999119,0.101
0.106123,0.0945023,0.102137,0.110656,0.0994626,0.0993392,0.0873597,0.0961383,0.102716,0.101565
0.104296,0.0951525,0.10292,0.11106,0.0977904,0.101154,0.0877144,0.0970285,0.101199,0.101685
0.10454,0.0959733,0.100696,0.108015,0.0985358,0.101113,0.0901774,0.0975417,0.101845,0.101563
0.105589,0.0944635,0.104306,0.110761,0.100301,0.098508,0.0862277,0.0960824,0.101857,0.101905
0.105912,0.0923157,0.108792,0.112878,0.0992422,0.0986086,0.0805583,0.0958121,0.100956,0.104925
0.103176,0.0955693,0.106432,0.11015,0.0989507,0.0998392,0.0854497,0.0980933,0.0993042,0.103035
0.103289,0.0944002,0.106774,0.108026,0.0997516,0.0987361,0.0864607,0.0978085,0.100488,0.104266
0.102333,0.0913579,0.113473,0.106834,0.0983279,0.0984314,0.0817914,0.0983039,0.099495,0.109653
0.10087,0.0969767,0.105848,0.102258,0.0988796,0.100364,0.0905862,0.100283,0.0990755,0.10486
0.0998722,0.100058,0.101709,0.10029,0.0983415,0.10159,0.0952996,0.101571,0.0986941,0.102575
0.101432,0.102457,0.098298,0.100728,0.0974303,0.103683,0.0956074,0.101723,0.0974568,0.101186
0.10091,0.102301,0.0991494,0.0997438,0.0970692,0.103996,0.0951809,0.102426,0.0976685,0.101555
0.10142,0.103049,0.0993775,0.0997842,0.0962416,0.104703,0.0942493,0.102574,0.0968419,0.10176
0.102207,0.104126,0.0977741,0.100165,0.0954106,0.106763,0.0920653,0.103477,0.0956643,0.102348
0.102661,0.103776,0.0977973,0.100183,0.0949948,0.106156,0.0923014,0.1033,0.0960499,0.10278
0.101727,0.10308,0.0984262,0.100369,0.097044,0.104509,0.0946959,0.101988,0.0969311,0.101231
0.101545,0.102504,0.0988634,0.100177,0.0964079,0.104602,0.0945719,0.102412,0.09704,0.101877
0.100947,0.101945,0.0994053,0.0998305,0.0976598,0.103207,0.0961778,0.101711,0.0979488,0.101167
0.100999,0.10127,0.100055,0.099429,0.0978264,0.102679,0.0969256,0.10131,0.0982107,0.101296
0.101074,0.0995289,0.0999879,0.101725,0.0997716,0.101155,0.0966695,0.099605,0.100077,0.100406
0.100508,0.0994349,0.101355,0.101194,0.0992832,0.100678,0.0962427,0.10036,0.0995295,0.101414
0.101701,0.097306,0.102078,0.103179,0.0989583,0.10007,0.0950706,0.0990588,0.100958,0.101621
0.103661,0.0987267,0.100278,0.10539,0.0941101,0.106376,0.0896762,0.101074,0.0979444,0.102763
0.106245,0.096335,0.10126,0.108369,0.0935054,0.10694,0.0849483,0.0994145,0.0993317,0.103651
0.106611,0.093142,0.103036,0.109141,0.0939699,0.104446,0.0846375,0.0980941,0.102076,0.104847
0.105962,0.0946044,0.101251,0.106499,0.0948188,0.104348,0.0875987,0.0987507,0.101785,0.104382
0.106783,0.0945267,0.1016,0.106172,0.0934172,0.105816,0.0858251,0.0989546,0.101568,0.105338
0.107836,0.0936708,0.101086,0.109818,0.0914295,0.107538,0.0825364,0.0991392,0.100417,0.10653
0.10597,0.0951328,0.100156,0.10842,0.0930525,0.106145,0.0860843,0.0996454,0.0999685,0.105426
0.105091,0.0937998,0.100319,0.103777,0.0953874,0.104261,0.0889041,0.0996469,0.101971,0.106843
0.105564,0.092775,0.102207,0.10566,0.0942047,0.104647,0.0863283,0.0991628,0.102194,0.107257
0.104119,0.0962362,0.0986576,0.10281,0.0967828,0.103184,0.0926672,0.100085,0.100821,0.104637
0.101383,0.098758,0.0993862,0.103269,0.0983195,0.101568,0.0951917,0.100415,0.100156,0.101554
0.101553,0.100912,0.098567,0.102178,0.0989546,0.10196,0.0959563,0.100456,0.099466,0.0999974
0.101721,0.100327,0.0994292,0.102381,0.0991079,0.101315,0.0955773,0.100248,0.099829,0.100065
0.100682,0.0972028,0.102543,0.104409,0.0978539,0.100548,0.093176,0.100342,0.0999581,0.103286
0.0991936,0.0988854,0.102751,0.104352,0.0984227,0.10121,0.0921292,0.102428,0.0976402,0.102988
0.0993678,0.100128,0.101636,0.104859,0.0979958,0.10179,0.0937464,0.101903,0.097515,0.101058
0.10004,0.0983516,0.101145,0.104582,0.0982735,0.100704,0.0953124,0.100767,0.0989579,0.101867
0.0990636,0.0997787,0.10199,0.106629,0.0981092,0.101849,0.0932044,0.101742,0.0971759,0.100458
0.101058,0.0994787,0.0998324,0.107497,0.0963517,0.103505,0.0935515,0.100541,0.0982061,0.0999786
0.0992544,0.0964434,0.104212,0.107415,0.0961446,0.102773,0.0905616,0.101494,0.0977586,0.103943
0.102235,0.0956445,0.0988107,0.1077,0.0953035,0.102939,0.093011,0.100153,0.100437,0.103765
0.102453,0.0944116,0.0993224,0.107384,0.0957907,0.101781,0.0931643,0.0997757,0.101197,0.10472
0.102209,0.0946529,0.104189,0.108245,0.0957906,0.101634,0.0886501,0.0986315,0.0999026,0.106095
0.102252,0.0957477,0.103848,0.105462,0.0970398,0.101669,0.0902104,0.0986951,0.0999972,0.105079
0.104302,0.0963462,0.103092,0.105911,0.0994558,0.10246,0.0875876,0.0971774,0.100585,0.103082
0.104157,0.0957061,0.103995,0.104487,0.0972639,0.103378,0.0868924,0.0985108,0.100081,0.105528
0.104116,0.0978741,0.101644,0.104376,0.0995163,0.103618,0.0886736,0.0977277,0.100214,0.102242
0.103867,0.0992513,0.100893,0.103825,0.0998248,0.105252,0.0883909,0.0973861,0.0997387,0.101571
0.103069,0.100755,0.0995166,0.1026,0.0989839,0.106154,0.0899875,0.0987362,0.0989706,0.101228
0.100762,0.102372,0.0982394,0.0997337,0.0977309,0.104622,0.0949497,0.102201,0.0977593,0.101629
0.101126,0.101786,0.0982385,0.0999947,0.0975098,0.10365,0.0956275,0.102119,0.0981976,0.101749
0.101966,0.102552,0.0977413,0.100148,0.0958918,0.10514,0.0938823,0.102875,0.0973562,0.102446
0.101439,0.103018,0.0973382,0.100896,0.0964917,0.105081,0.0941395,0.102708,0.0970117,0.101877
0.101362,0.102781,0.0976605,0.10036,0.0971399,0.104487,0.0946325,0.102484,0.0974665,0.101627
0.101434,0.102507,0.0980671,0.100228,0.0955821,0.10581,0.0936822,0.103165,0.097103,0.102422
0.101308,0.101814,0.0992892,0.103432,0.0976809,0.103114,0.0950502,0.100613,0.0983658,0.0993326
0.101603,0.101927,0.100196,0.103359,0.0981752,0.102484,0.0953003,0.0998086,0.0986349,0.0985123
0.101592,0.10216,0.0996212,0.102283,0.0978088,0.103075,0.094598,0.10063,0.0985028,0.0997282
0.101574,0.100969,0.101089,0.102034,0.0982657,0.102267,0.0938932,0.100311,0.0987707,0.100826
0.100973,0.0985743,0.103883,0.102285,0.0992635,0.100428,0.0932016,0.0997461,0.0992497,0.102396
0.102406,0.0991268,0.102521,0.103795,0.09925,0.100723,0.0937182,0.0982873,0.100009,0.100164
0.102933,0.0971086,0.103576,0.103946,0.0995275,0.0999829,0.0921541,0.0980679,0.100902,0.101802
0.103724,0.0962631,0.103317,0.105078,0.0999386,0.0996074,0.0913559,0.0975595,0.101626,0.10153
0.10453,0.0952329,0.103481,0.106713,0.100413,0.0988195,0.0903863,0.0968239,0.102317,0.101285
0.105689,0.0947053,0.1041,0.108634,0.100535,0.0985007,0.0880524,0.0960239,0.102457,0.101303
0.103082,0.0952392,0.106699,0.10631,0.0995817,0.0993532,0.0876659,0.0981801,0.100321,0.103568
0.101756,0.0965761,0.105309,0.10644,0.0989816,0.100135,0.0894448,0.0991429,0.0993479,0.102867
0.100313,0.0955741,0.106816,0.111006,0.0974836,0.101035,0.0856115,0.100686,0.0975113,0.103964
0.101805,0.0932786,0.112119,0.113556,0.0986238,0.0993438,0.0787801,0.0996017,0.0970718,0.10582
0.102669,0.0901583,0.118269,0.109555,0.0969327,0.0988338,0.0754183,0.0983887,0.0976223,0.112153
0.103101,0.0920492,0.114093,0.111431,0.0972651,0.0991003,0.0782606,0.097927,0.0983015,0.108472
0.102709,0.092245,0.113794,0.10948,0.0977207,0.0991464,0.079577,0.0984123,0.0983232,0.108593
0.1021,0.0950336,0.108707,0.106479,0.0984323,0.100213,0.0852588,0.0993869,0.0987449,0.105644
0.101938,0.098143,0.104066,0.105271,0.0981476,0.101606,0.0895158,0.0999642,0.0988146,0.102534
0.101784,0.0984056,0.103718,0.105388,0.0986069,0.101127,0.0912715,0.0993757,0.099057,0.101266
0.101656,0.101332,0.0992063,0.102234,0.0974724,0.103449,0.0956064,0.100583,0.0987443,0.0997173
0.101419,0.10068,0.0993063,0.101991,0.0972332,0.103257,0.0961307,0.100685,0.0989042,0.100393
0.102109,0.102245,0.0982919,0.103007,0.0966538,0.104905,0.0935246,0.101547,0.0979222,0.0997949
0.101216,0.10347,0.0968682,0.0997585,0.095777,0.107642,0.0933053,0.102427,0.0972946,0.102242
0.102378,0.103597,0.0972871,0.102369,0.0915633,0.110239,0.0907264,0.10389,0.0955125,0.102439
0.103024,0.101279,0.0988115,0.105494,0.0949924,0.106371,0.0912572,0.100559,0.0978574,0.100355
0.102727,0.101234,0.0988413,0.105869,0.0955382,0.105626,0.0918452,0.10039,0.09797,0.0999598
0.0985676,0.0942465,0.10869,0.10312,0.0944712,0.104368,0.0915236,0.101109,0.0965107,0.107394
0.100768,0.0944462,0.107048,0.101637,0.096544,0.102577,0.0921309,0.0999706,0.0986479,0.10623
0.101606,0.0949169,0.10903,0.101098,0.100123,0.0986002,0.0916466,0.0987915,0.0999929,0.104194
0.100764,0.0945283,0.112067,0.108621,0.0984678,0.0992063,0.0849201,0.0995298,0.0971563,0.104739
0.100121,0.0958423,0.110639,0.107571,0.0985408,0.0993749,0.0882202,0.099622,0.0970373,0.103032
0.0993298,0.0948116,0.108873,0.110858,0.0975237,0.100357,0.0861422,0.100259,0.0970637,0.104781
0.101346,0.0951869,0.107762,0.108868,0.0985714,0.100164,0.0859572,0.0995921,0.0984309,0.104121
0.100799,0.0955091,0.108694,0.108216,0.0990942,0.099652,0.0850562,0.100407,0.0977823,0.10479
0.100383,0.0964761,0.106154,0.108279,0.0988359,0.100241,0.0880051,0.100454,0.0979924,0.103179
0.103308,0.0922774,0.112354,0.10959,0.0987794,0.0989566,0.0797368,0.0982794,0.0991299,0.107589
0.104124,0.0943694,0.107282,0.107587,0.0997417,0.0990028,0.086173,0.0973815,0.100878,0.10346
0.103478,0.0950132,0.105654,0.108384,0.0992222,0.0996156,0.0876378,0.0979451,0.100549,0.102501
0.102678,0.095158,0.105799,0.109274,0.0984733,0.100291,0.0870045,0.0986945,0.0996866,0.102941
0.103577,0.0948367,0.107118,0.110959,0.0988597,0.0996107,0.0849693,0.0975869,0.0997326,0.10275
0.104415,0.0940831,0.107514,0.110886,0.09965,0.0989388,0.084057,0.0971237,0.100371,0.102962
0.104328,0.0945728,0.104919,0.107795,0.100292,0.0981751,0.0889821,0.0967439,0.102084,0.102108
0.103331,0.0950293,0.106118,0.105051,0.100428,0.0990323,0.0891467,0.0969309,0.102506,0.102428
0.102756,0.0943975,0.107279,0.106244,0.100505,0.0983662,0.0871292,0.098001,0.101424,0.103898
0.103337,0.0948791,0.104661,0.105585,0.0997634,0.0984837,0.090628,0.0976213,0.102552,0.102489
0.103921,0.097065,0.0990458,0.104927,0.0998378,0.100773,0.0927973,0.0984966,0.101804,0.101333
0.103873,0.0952043,0.100854,0.103331,0.0968085,0.103684,0.0900907,0.0994086,0.101254,0.105492
0.10458,0.0992573,0.101816,0.104785,0.094044,0.108167,0.0869861,0.100095,0.0973567,0.102913
0.103847,0.0972302,0.0997236,0.103292,0.0974125,0.103996,0.0907145,0.0996933,0.100148,0.103942
0.104402,0.1001,0.0987129,0.106052,0.0950777,0.106604,0.0888659,0.102372,0.0964886,0.101324
0.101869,0.100248,0.0987667,0.104473,0.0972923,0.103318,0.0930906,0.102099,0.0981042,0.100739
0.103087,0.102143,0.0998531,0.109559,0.093784,0.107123,0.0878296,0.10316,0.0948364,0.0986247
0.102645,0.100228,0.102156,0.107192,0.0949805,0.10474,0.0910793,0.100225,0.0977412,0.0990131
0.10268,0.100442,0.101293,0.103944,0.098445,0.102162,0.0927805,0.0990193,0.0993112,0.0999242
0.102157,0.101693,0.0987332,0.102538,0.0983071,0.102926,0.0943404,0.100376,0.0989022,0.100027
0.101255,0.100238,0.100785,0.102108,0.0978323,0.102492,0.0932426,0.101276,0.0987552,0.102016
0.101468,0.10229,0.0986261,0.102004,0.097364,0.10509,0.0928753,0.101197,0.097949,0.101136
0.101667,0.101838,0.098224,0.103007,0.0976641,0.104485,0.0936984,0.100586,0.0985404,0.100291
0.103339,0.0987689,0.103013,0.104197,0.0977295,0.10319,0.0873574,0.100064,0.0988152,0.103527
0.103326,0.0993711,0.10219,0.104131,0.0979478,0.103713,0.0883756,0.0993814,0.099069,0.102496
0.101689,0.0992926,0.103342,0.102245,0.0979569,0.102619,0.0897815,0.100772,0.0984519,0.10385
0.101183,0.10145,0.098427,0.10124,0.0991203,0.104355,0.0948973,0.100096,0.0991104,0.10012
0.100762,0.100795,0.0984816,0.100459,0.0995693,0.102204,0.0972649,0.100649,0.0996257,0.100189
0.100627,0.101331,0.0994226,0.0997538,0.0982389,0.103205,0.0962884,0.101517,0.0982742,0.101342
0.101186,0.100183,0.0991701,0.100763,0.0978533,0.103946,0.0940198,0.101501,0.0988426,0.102535
0.100802,0.0983763,0.100532,0.103476,0.09825,0.100969,0.095623,0.100126,0.0997638,0.102082
0.102233,0.0968801,0.100296,0.105138,0.0977152,0.101207,0.0941845,0.099462,0.10049,0.102394
0.102201,0.0969019,0.0991642,0.102857,0.0992167,0.100093,0.0967586,0.0995604,0.101174,0.102074
0.102002,0.0986998,0.098888,0.103111,0.0979645,0.102086,0.0952584,0.0999432,0.0999623,0.102084
0.101904,0.100932,0.0977585,0.105245,0.0978795,0.102956,0.0942911,0.101206,0.0986993,0.0991286
0.101278,0.101498,0.0975648,0.104126,0.0990273,0.102272,0.0959318,0.100839,0.0988557,0.0986072
0.100989,0.101958,0.0971971,0.104157,0.0982502,0.102509,0.0959459,0.10204,0.0983582,0.0985943
0.102256,0.099144,0.0978542,0.103817,0.100204,0.100517,0.0961012,0.0995819,0.100681,0.099844
0.105444,0.0952887,0.104605,0.108198,0.099885,0.0995235,0.0877316,0.0962937,0.101739,0.101292
0.10367,0.0954861,0.105381,0.105027,0.10012,0.0993097,0.0901413,0.0973369,0.10126,0.10227
0.102884,0.0960045,0.105255,0.104335,0.100007,0.0995463,0.090882,0.0979244,0.10075,0.102412
0.102637,0.0933656,0.110566,0.104644,0.0998668,0.0987651,0.086767,0.098026,0.10004,0.105322
0.101854,0.0918519,0.11361,0.103704,0.0995339,0.0982375,0.0856953,0.0986902,0.0992928,0.10753
0.101652,0.0945938,0.108885,0.102227,0.100054,0.0998552,0.0889643,0.0984531,0.0997033,0.105614
0.102674,0.0937324,0.1095,0.10561,0.0994303,0.0992416,0.0852731,0.0980686,0.0999562,0.106514
0.10197,0.093852,0.107352,0.1058,0.098432,0.0987231,0.0894954,0.0980239,0.100798,0.105553
0.10214,0.0894949,0.115408,0.104659,0.0982304,0.0976326,0.08299,0.0975954,0.10043,0.11142
0.101533,0.090578,0.115036,0.0994705,0.0994844,0.0973371,0.0869551,0.0982743,0.100294,0.111038
0.100246,0.0939457,0.107271,0.101313,0.100939,0.0976897,0.0929148,0.0993785,0.0999584,0.106343
0.103483,0.0919295,0.11351,0.103036,0.101158,0.100563,0.0830792,0.0955427,0.0999408,0.107758
0.102137,0.0916622,0.110449,0.105182,0.099795,0.0972317,0.0882734,0.0985446,0.0997915,0.106934
0.100704,0.091369,0.110131,0.107057,0.100223,0.09593,0.0890937,0.099113,0.0992565,0.107124
0.102214,0.0966933,0.100641,0.116919,0.0946751,0.102316,0.0898793,0.101464,0.0968844,0.0983139
0.100255,0.0976199,0.105523,0.11439,0.0957953,0.102334,0.0885505,0.101294,0.095147,0.0990918
0.0963468,0.0975088,0.108129,0.106219,0.0976015,0.101774,0.0914761,0.103123,0.0938703,0.103952
0.0972372,0.0954964,0.107898,0.103277,0.0971573,0.101943,0.0920145,0.101799,0.0970204,0.106158
0.0979937,0.0997548,0.101745,0.106401,0.0953375,0.103958,0.0952541,0.104069,0.0955948,0.0998926
0.0990945,0.0972531,0.103075,0.10469,0.0967758,0.102386,0.0943827,0.10158,0.0978964,0.102866
0.100707,0.0961773,0.103372,0.110189,0.09155,0.105814,0.0915515,0.103038,0.0964427,0.101159
0.101953,0.098888,0.100568,0.111992,0.0927822,0.104954,0.0916594,0.103502,0.0963511,0.0973492
0.102327,0.0957603,0.102794,0.111505,0.0929747,0.105103,0.0898871,0.1003,0.0980244,0.101325
0.100707,0.0983285,0.103211,0.113871,0.0940572,0.103831,0.0907548,0.102035,0.0959533,0.0972516
0.0994656,0.0970458,0.108545,0.109113,0.0981229,0.100564,0.0879695,0.101002,0.0963338,0.10184
0.103647,0.0975155,0.100449,0.118218,0.0944655,0.10382,0.0875163,0.0996964,0.0974721,0.0972005
0.104373,0.10049,0.0986693,0.118557,0.09647,0.10304,0.0872562,0.100027,0.0968679,0.0942507
0.102939,0.101979,0.0971688,0.120162,0.0944548,0.104984,0.0866172,0.103736,0.0946507,0.0933084
0.102723,0.10035,0.100182,0.120149,0.0969705,0.101659,0.0879439,0.100807,0.0960211,0.0931955
0.102265,0.104745,0.0943645,0.120258,0.0955302,0.104516,0.0872078,0.106318,0.0936443,0.0911497
0.10246,0.104417,0.0958382,0.11751,0.0981748,0.102103,0.0894404,0.103223,0.0953172,0.0915174
0.103345,0.102985,0.0960257,0.118718,0.0980085,0.101807,0.089233,0.101908,0.096225,0.0917447
0.10241,0.104212,0.0965126,0.11534,0.0973721,0.10296,0.090228,0.102735,0.0956492,0.0925811
0.102055,0.0988962,0.102931,0.103574,0.0996141,0.0996136,0.0958353,0.0981722,0.100589,0.0987195
0.102627,0.0978366,0.103584,0.107251,0.099008,0.100106,0.0922642,0.0987577,0.0997547,0.098811
0.101867,0.0957094,0.108254,0.102118,0.099726,0.0985546,0.092324,0.0985123,0.0999525,0.102983
0.100968,0.0960515,0.109414,0.102608,0.0995725,0.0989865,0.091363,0.0994424,0.0986913,0.102903
0.102738,0.101506,0.102739,0.109325,0.0956996,0.104616,0.090937,0.0990886,0.0969581,0.096393
0.104138,0.0999873,0.10187,0.106717,0.0977629,0.103259,0.0910386,0.0983106,0.0988898,0.0980268
0.102745,0.0985737,0.102867,0.10441,0.0992014,0.100975,0.0932806,0.0984119,0.0998329,0.0997022
0.10262,0.101506,0.100671,0.109503,0.0965644,0.104132,0.0909088,0.0998014,0.097311,0.0969832
0.101789,0.0998457,0.103103,0.108844,0.0958503,0.103828,0.0906029,0.0999764,0.097445,0.0987165
0.102885,0.0997721,0.102808,0.107471,0.0956844,0.104429,0.0902983,0.0993848,0.0980113,0.0992553
0.102558,0.101892,0.0980656,0.113947,0.0942004,0.10571,0.0888805,0.103984,0.0953172,0.0954462
0.102948,0.103586,0.0957977,0.11105,0.0949679,0.105159,0.0906042,0.105351,0.0948395,0.0956962
0.101799,0.105118,0.093171,0.115466,0.0922155,0.107192,0.089266,0.109985,0.0913956,0.0943929
0.103991,0.103578,0.0926586,0.109641,0.093974,0.105361,0.0916598,0.108285,0.0935913,0.0972593
0.102791,0.100552,0.0954362,0.104743,0.0978535,0.10191,0.0952004,0.103363,0.0977814,0.100371
0.102609,0.102315,0.0946183,0.104683,0.0957052,0.104544,0.0933973,0.10629,0.0960043,0.0998339
0.103758,0.102967,0.093849,0.106278,0.0952572,0.104479,0.0936493,0.106328,0.0951923,0.0982426
0.10165,0.0987916,0.10047,0.104006,0.0977964,0.101549,0.0956378,0.0993841,0.0998018,0.100913
0.101414,0.0979487,0.100854,0.103675,0.0985481,0.100503,0.0964386,0.0990833,0.100174,0.101361
0.101209,0.0991847,0.100046,0.102967,0.0977617,0.101844,0.0965069,0.10005,0.0988862,0.101544
0.101714,0.0978008,0.100141,0.1026,0.0977289,0.101359,0.0967921,0.100347,0.0987627,0.102755
0.100896,0.0977183,0.0993917,0.102815,0.0971431,0.102127,0.0959749,0.10072,0.0994286,0.103786
0.101347,0.09599,0.0996984,0.103758,0.0976338,0.100881,0.0963213,0.0999867,0.100488,0.103896
0.101834,0.0967811,0.100856,0.101873,0.0994601,0.100125,0.0958812,0.0994944,0.101618,0.102077
0.103711,0.0987121,0.0973761,0.102271,0.10035,0.101006,0.0948658,0.0998898,0.101177,0.100642
0.102769,0.0988092,0.0970465,0.102778,0.0991171,0.101219,0.0960343,0.1006,0.100616,0.101011
0.101607,0.0990179,0.0987757,0.101304,0.0989188,0.100836,0.0978334,0.100527,0.100249,0.100932
0.101391,0.0997531,0.0980542,0.101627,0.0994035,0.100232,0.0986177,0.101303,0.0997528,0.0998664
0.102867,0.101691,0.0971449,0.102714,0.0975581,0.102582,0.0960575,0.102837,0.0969916,0.0995564
0.101321,0.100921,0.098504,0.102475,0.0984269,0.101666,0.0973141,0.101602,0.0984958,0.0992739
0.1021,0.101651,0.0994987,0.103293,0.0969927,0.104022,0.0940581,0.101006,0.0980918,0.0992873
0.100847,0.100827,0.102916,0.109358,0.0959161,0.103448,0.0922623,0.10124,0.0963032,0.0968823
0.101039,0.0973944,0.107331,0.104841,0.0979297,0.101158,0.09026,0.100043,0.0976553,0.102349
0.102205,0.0945941,0.109457,0.102677,0.0999634,0.0987357,0.0902233,0.0982707,0.0999957,0.103878
0.0981944,0.0947016,0.112307,0.100509,0.0992643,0.100331,0.0894297,0.101188,0.0969085,0.107167
0.0979736,0.0956787,0.111756,0.105559,0.0987062,0.0995389,0.0891695,0.101165,0.0958442,0.10461
0.0972277,0.0962762,0.108135,0.102609,0.0990082,0.100292,0.0928261,0.101377,0.0971641,0.105085
0.0995326,0.0937427,0.112258,0.108078,0.0986286,0.0994004,0.0850709,0.0996032,0.0972448,0.106441
0.101258,0.0920485,0.112949,0.11005,0.0976902,0.0991665,0.0830211,0.0985418,0.0982029,0.107072
0.100867,0.0917854,0.114836,0.112597,0.0977575,0.0989861,0.0800902,0.0985465,0.0971204,0.107415
0.100192,0.0913701,0.115345,0.107736,0.0985483,0.0983381,0.0833346,0.0990237,0.0977059,0.108406
0.100827,0.0935274,0.112017,0.109212,0.0987157,0.0993294,0.0833636,0.099135,0.0977226,0.10615
0.10325,0.0959185,0.105167,0.110452,0.0992748,0.0999764,0.0861764,0.0982537,0.099307,0.102225
0.102419,0.094028,0.10699,0.111616,0.100071,0.0975568,0.084719,0.0988248,0.0996687,0.104107
0.102587,0.0955419,0.103379,0.107544,0.0992521,0.0991574,0.0907602,0.0983325,0.100836,0.10261
0.102154,0.0967389,0.10272,0.10538,0.0996015,0.0994379,0.0929231,0.0985958,0.10071,0.101739
0.103224,0.0947263,0.106666,0.106617,0.0993123,0.0991127,0.0879068,0.0976279,0.100849,0.103959
0.103192,0.0971367,0.101166,0.10918,0.0981142,0.101175,0.0909563,0.0985432,0.100042,0.100494
0.102807,0.0984522,0.100733,0.107033,0.0968436,0.103618,0.0906211,0.100215,0.098423,0.101254
0.102641,0.103594,0.0993869,0.107024,0.0961394,0.107357,0.0878492,0.102321,0.095022,0.0986641
0.102912,0.104969,0.0976925,0.107253,0.0941295,0.107918,0.0881983,0.104995,0.09319,0.0987429
0.102242,0.102408,0.0990476,0.106155,0.0962722,0.105112,0.0902511,0.10271,0.096386,0.0994158
0.100539,0.102457,0.101163,0.106398,0.0963067,0.105165,0.0915684,0.101911,0.0961364,0.0983559
0.101474,0.103908,0.0975588,0.109878,0.0934593,0.106045,0.0914124,0.106223,0.0934298,0.0966119
0.102692,0.106435,0.0956927,0.113584,0.0917869,0.109052,0.0873322,0.108003,0.0904556,0.0949668
0.101171,0.104361,0.0989463,0.107906,0.0940818,0.106737,0.0912672,0.104658,0.0933722,0.0974987
0.101519,0.10526,0.0975621,0.110758,0.0912541,0.108911,0.088922,0.107653,0.091045,0.0971153
0.102467,0.103092,0.098836,0.100887,0.0951131,0.10602,0.0931013,0.104026,0.095082,0.101376
0.101813,0.101106,0.0996287,0.101667,0.0964508,0.103152,0.0964603,0.102607,0.0968233,0.100291
0.100906,0.101603,0.0989593,0.100028,0.097119,0.103678,0.0959434,0.102022,0.0981114,0.10163
0.100778,0.101921,0.098536,0.100132,0.0980767,0.102914,0.0965447,0.10159,0.0984019,0.101107
0.0999622,0.0986416,0.103165,0.101584,0.0987277,0.101328,0.0947466,0.101002,0.0985551,0.102288
0.0996699,0.0969721,0.106813,0.102294,0.0997532,0.099679,0.0927938,0.100424,0.0983889,0.103212
0.0991775,0.0970321,0.10418,0.100079,0.0999192,0.0997211,0.0962265,0.100547,0.0993666,0.103751
0.101243,0.0963347,0.10468,0.103548,0.0997587,0.0986071,0.0936488,0.0988059,0.100336,0.103037
0.101089,0.0948297,0.106098,0.101015,0.0991965,0.0986071,0.0944646,0.0989529,0.101002,0.104744
0.103043,0.0941835,0.106683,0.107014,0.0988337,0.0983357,0.0896714,0.0969316,0.101407,0.103898
0.104666,0.0934867,0.103194,0.10896,0.0951934,0.101588,0.0881135,0.0980093,0.101668,0.105122
0.101622,0.0950167,0.106489,0.104588,0.100292,0.0980706,0.0902244,0.0989853,0.100258,0.104454
0.102464,0.095473,0.104451,0.104391,0.0955546,0.101994,0.0910527,0.0993216,0.10014,0.105158
0.104212,0.0956717,0.103461,0.102528,0.0941607,0.104387,0.0889121,0.100378,0.0991628,0.107127
0.102982,0.095368,0.10384,0.103614,0.0947804,0.102215,0.0928179,0.0992589,0.0998266,0.105298
0.105325,0.095287,0.103867,0.102321,0.0955293,0.10388,0.0878511,0.0994277,0.0996214,0.106891
0.103838,0.0955007,0.104325,0.103168,0.095856,0.102771,0.0893407,0.0992821,0.0997211,0.106198
0.101113,0.0974625,0.10378,0.101485,0.0987217,0.10027,0.0942808,0.0994087,0.10009,0.103389
0.101964,0.09619,0.103388,0.102854,0.0964229,0.101661,0.0933198,0.0995708,0.100122,0.104507
0.10147,0.0957243,0.105631,0.101789,0.0992324,0.0992943,0.0931917,0.098923,0.100623,0.104121
0.101023,0.0964574,0.107332,0.102741,0.0975354,0.101092,0.0888941,0.099737,0.0990041,0.106183
0.101092,0.0984554,0.104008,0.104064,0.0967048,0.102884,0.0892579,0.100377,0.098365,0.104793
0.100673,0.0957967,0.105039,0.104836,0.0970844,0.100804,0.0909891,0.0997622,0.0995104,0.105504
0.100715,0.0955166,0.103404,0.104948,0.0975015,0.10022,0.0928222,0.0995836,0.0999104,0.105378
0.100151,0.0997352,0.10258,0.102045,0.0969821,0.102846,0.0913965,0.1021,0.0975893,0.104576
0.1003,0.101303,0.101108,0.102666,0.0971554,0.103291,0.0925409,0.102187,0.0973533,0.102095
0.102293,0.103959,0.0973341,0.101548,0.0963741,0.105804,0.0925438,0.102635,0.096467,0.101041
0.103217,0.105849,0.0952175,0.102318,0.0940773,0.10949,0.0880123,0.10483,0.0944523,0.102536
0.102565,0.104678,0.0969358,0.103595,0.0940486,0.108127,0.0879645,0.104169,0.0956347,0.102283
0.102459,0.105659,0.0956335,0.101788,0.0944041,0.108944,0.0898564,0.104435,0.0946625,0.102157
0.101137,0.103197,0.098323,0.100723,0.0964977,0.104846,0.0937857,0.102884,0.0972895,0.101317
0.101133,0.102482,0.0987013,0.100816,0.0975714,0.103542,0.0951559,0.101805,0.0981066,0.100687
0.101535,0.103103,0.0972504,0.100996,0.0969506,0.105161,0.0941903,0.102489,0.0969506,0.101375
0.100692,0.102123,0.0978076,0.105998,0.0976726,0.103467,0.0941184,0.102138,0.0973834,0.0986001
0.0995462,0.100618,0.100841,0.104286,0.0982585,0.102151,0.0947072,0.102175,0.0974524,0.0999654
0.100817,0.099238,0.10201,0.101316,0.0990613,0.100895,0.09511,0.100479,0.0993126,0.101762
0.100415,0.100204,0.100006,0.102796,0.0983357,0.101801,0.0970831,0.100394,0.0990128,0.0999532
0.0990091,0.0991124,0.101614,0.099907,0.0983808,0.101912,0.0977691,0.101363,0.0987192,0.102213
0.0999875,0.100414,0.0994105,0.100893,0.0969197,0.10383,0.0969862,0.101697,0.0982545,0.101607
0.0999043,0.0986176,0.101465,0.0985399,0.0984102,0.102055,0.0976235,0.10085,0.0995908,0.102944
0.0998883,0.0985871,0.101063,0.1002,0.0985682,0.101447,0.0975887,0.100479,0.10006,0.102118
0.100057,0.0985467,0.100937,0.10364,0.0987673,0.101052,0.0956686,0.10045,0.099564,0.101318
0.101283,0.097164,0.101726,0.102412,0.0997664,0.099989,0.0956514,0.0989887,0.10169,0.10133
0.102529,0.0938772,0.103073,0.103424,0.0992526,0.0993105,0.0926787,0.0986353,0.103011,0.104208
0.104273,0.0999839,0.0964896,0.107045,0.0990266,0.103552,0.0896499,0.102145,0.0986661,0.0991685
0.104023,0.100114,0.0974233,0.106862,0.0978602,0.105278,0.0879983,0.101901,0.0983576,0.100183
0.103517,0.0983779,0.0998548,0.105338,0.098106,0.104356,0.0891148,0.100183,0.0992576,0.101895
0.103732,0.102997,0.0957043,0.107681,0.09748,0.105956,0.0881119,0.103933,0.096814,0.0975915
0.10241,0.100124,0.0997572,0.10798,0.0970289,0.105277,0.0885901,0.102107,0.0972013,0.099526
0.100117,0.100566,0.101751,0.112833,0.095639,0.106364,0.0860617,0.103054,0.0946067,0.0990074
0.100156,0.0989934,0.10201,0.111759,0.0931049,0.10709,0.088123,0.102674,0.0954254,0.100664
0.0991547,0.097783,0.103175,0.110732,0.0949917,0.105148,0.0888145,0.101864,0.0966129,0.101724
0.0990062,0.096482,0.103499,0.111694,0.0952802,0.103112,0.0890963,0.102066,0.0970878,0.102676
0.100966,0.0976157,0.0995607,0.108246,0.0949275,0.104017,0.0939261,0.100317,0.0989933,0.10143
0.0999674,0.0977798,0.100345,0.107479,0.0967356,0.101817,0.0957582,0.100146,0.0990913,0.10088
0.0993616,0.0978274,0.101596,0.107903,0.0970119,0.10182,0.0936386,0.101033,0.0982233,0.101585
0.0997499,0.0979661,0.10225,0.107303,0.0982187,0.100982,0.0926985,0.101027,0.0981171,0.101687
0.0998514,0.0974083,0.104513,0.108444,0.0986672,0.100734,0.0893654,0.10108,0.097473,0.102463
0.100924,0.100581,0.0985921,0.107417,0.0974405,0.102597,0.0943372,0.101521,0.0979696,0.0986209
0.101936,0.100215,0.0985647,0.10431,0.0982416,0.102573,0.094158,0.101207,0.0988901,0.099906
0.102149,0.0981503,0.101083,0.103625,0.0976509,0.103834,0.0920048,0.0996957,0.0994892,0.102318
0.103818,0.0984844,0.101919,0.107204,0.0956162,0.107121,0.0864518,0.0992099,0.0985846,0.101592
0.101952,0.0978817,0.103254,0.105975,0.0951547,0.105532,0.0903576,0.100121,0.0980365,0.101736
0.103035,0.0972119,0.101565,0.107966,0.0952138,0.105299,0.0891626,0.0994373,0.0987216,0.102388
0.10206,0.0977662,0.103511,0.104663,0.0964333,0.103338,0.0881654,0.100785,0.0985321,0.104745
0.102955,0.0991822,0.104204,0.103389,0.0969268,0.104415,0.0864327,0.100249,0.098203,0.104044
0.101619,0.0989685,0.103698,0.103575,0.0976078,0.10248,0.0888247,0.101028,0.0981832,0.104015
0.100975,0.0960761,0.108646,0.103674,0.0984841,0.100309,0.0865966,0.100277,0.0984123,0.106549
0.101923,0.0939981,0.111041,0.106169,0.0986531,0.0995535,0.0841707,0.0991346,0.0986078,0.106749
0.102268,0.0934061,0.110731,0.106858,0.0989171,0.0987682,0.0849345,0.0987661,0.0992023,0.106149
0.101424,0.0938995,0.109674,0.107438,0.0987244,0.0986641,0.0873654,0.0986831,0.0990438,0.105084
0.0999767,0.0931745,0.113089,0.107493,0.0986064,0.0989755,0.0852408,0.0992537,0.0975413,0.106649
0.101379,0.0907824,0.115345,0.108718,0.0982902,0.0978233,0.0828667,0.0982877,0.0983732,0.108134
0.101745,0.0903625,0.115653,0.107508,0.0985418,0.097588,0.0830405,0.0982388,0.0987872,0.108534
0.101327,0.0866584,0.125955,0.112013,0.0970459,0.0969002,0.0749245,0.0972693,0.0961647,0.111742
0.0985076,0.0870875,0.124139,0.109608,0.0975103,0.0970745,0.0782106,0.0987397,0.0959547,0.113168
0.0988836,0.0853012,0.12695,0.108989,0.0974909,0.0963407,0.0765935,0.0983873,0.0961409,0.114923
0.0991515,0.0845131,0.129191,0.113483,0.0965611,0.0962849,0.0729216,0.0976967,0.0951713,0.115025
0.0986158,0.0856242,0.129528,0.113599,0.0964794,0.0970236,0.0729256,0.0979893,0.094209,0.114006
0.0993359,0.0855686,0.130197,0.117193,0.0957031,0.0970114,0.0710321,0.0972007,0.0937475,0.113011
0.0998344,0.0889815,0.124857,0.118221,0.0959624,0.0977335,0.0739485,0.0982673,0.0935465,0.108648
0.0970345,0.0883013,0.125569,0.110751,0.0972565,0.0982343,0.076871,0.0994081,0.0939846,0.11259
0.0968017,0.0904767,0.121645,0.113202,0.0973901,0.0987067,0.0776453,0.100719,0.0933961,0.110017
0.0964955,0.0905391,0.120265,0.112711,0.0974585,0.0991673,0.0780271,0.100938,0.0937972,0.110602
0.0964203,0.0924676,0.114412,0.112215,0.0962039,0.101033,0.0823151,0.101799,0.0945793,0.108555
0.0970572,0.0907458,0.119779,0.109503,0.0980132,0.0989652,0.0803367,0.100206,0.0948709,0.110523
0.0971395,0.0900465,0.121155,0.109584,0.0979542,0.098851,0.0792061,0.100003,0.0947804,0.11128
0.0978881,0.0924111,0.113813,0.106781,0.0969604,0.10076,0.0858303,0.100195,0.0967112,0.108651
0.0996268,0.0920317,0.112258,0.106013,0.0960184,0.101788,0.0857594,0.0998182,0.0978635,0.108823
0.100483,0.092106,0.110509,0.10884,0.0951266,0.10238,0.0852775,0.099313,0.0981769,0.107788
0.0998018,0.0910786,0.113239,0.108021,0.0956898,0.101349,0.0846602,0.0992465,0.0978464,0.109068
0.101056,0.0927197,0.111283,0.11125,0.0969008,0.0996927,0.0843029,0.0984058,0.098231,0.106159
0.102541,0.0945726,0.107644,0.111572,0.0976791,0.099272,0.086032,0.0979496,0.0992311,0.103508
0.100734,0.094134,0.110489,0.108109,0.0987421,0.0991877,0.0859064,0.0991079,0.0981831,0.105406
0.10168,0.0919019,0.116279,0.109973,0.098381,0.0988555,0.0801352,0.0986097,0.0971152,0.107069
0.102333,0.092153,0.11484,0.106561,0.0983235,0.0993277,0.0807197,0.0989721,0.0981245,0.108645
0.10184,0.0957855,0.108772,0.104891,0.0970426,0.101869,0.0827783,0.101273,0.0977307,0.108019
0.101533,0.0983685,0.104692,0.103632,0.0973883,0.102356,0.0878309,0.101291,0.098168,0.104741
0.101692,0.0972819,0.108153,0.107358,0.0966731,0.1026,0.084685,0.101239,0.0967211,0.103599
0.101143,0.099545,0.104004,0.108273,0.096393,0.103914,0.0873519,0.101654,0.0965432,0.101179
0.100232,0.101036,0.104009,0.109919,0.0953966,0.105078,0.0855102,0.103027,0.0950342,0.100759
0.100023,0.102275,0.100195,0.110707,0.0961014,0.104893,0.0886627,0.103454,0.0953251,0.0983647
0.100679,0.103472,0.0978787,0.111219,0.096023,0.10594,0.0880749,0.103905,0.0948696,0.0979395
0.0990685,0.102041,0.0995926,0.111223,0.0958982,0.105465,0.0878928,0.104848,0.0944335,0.0995375
0.0989384,0.102038,0.100132,0.110684,0.0966534,0.104191,0.089962,0.103793,0.0950285,0.0985788
0.0981941,0.10121,0.101891,0.111709,0.0967834,0.103476,0.0894936,0.103735,0.0946466,0.0988625
0.0987033,0.101617,0.100167,0.111087,0.097992,0.102339,0.0908093,0.104117,0.0951808,0.0979872
0.0991192,0.10296,0.0996481,0.112585,0.096783,0.104109,0.0889318,0.104345,0.0944128,0.0971074
0.0981896,0.0984671,0.105279,0.107659,0.0981734,0.101351,0.0905485,0.102461,0.096016,0.101856
0.0967513,0.097451,0.10797,0.106579,0.0982816,0.100993,0.0899338,0.103548,0.0949062,0.103587
0.10018,0.101678,0.0994133,0.110136,0.0980655,0.102207,0.0920267,0.102439,0.0964719,0.097382
0.0993155,0.102029,0.0995059,0.109692,0.0981032,0.102331,0.092472,0.103191,0.0959788,0.0973814
0.100205,0.101043,0.0999478,0.106564,0.0985274,0.101627,0.0948659,0.101308,0.097719,0.0981932
0.101323,0.101001,0.0989975,0.104185,0.0994575,0.101057,0.0965447,0.100155,0.0991503,0.0981294
0.100539,0.101567,0.100241,0.104386,0.0983704,0.102085,0.0954966,0.100659,0.0981156,0.0985423
0.101954,0.102117,0.098635,0.106834,0.096585,0.104407,0.0929247,0.101599,0.0974468,0.0974979
0.102324,0.101819,0.0986168,0.108785,0.0966621,0.104134,0.0921972,0.100795,0.097484,0.0971825
0.101162,0.102328,0.0991959,0.107983,0.0941715,0.10644,0.0913738,0.103499,0.0957257,0.0981207
0.0999683,0.102593,0.0997531,0.107918,0.0926249,0.107325,0.0915887,0.104753,0.094615,0.0988616
0.100597,0.103884,0.0996913,0.108408,0.0918999,0.108616,0.0896844,0.10551,0.092926,0.0987833
0.100474,0.101959,0.100021,0.106813,0.0963416,0.103962,0.0933222,0.102791,0.0964643,0.097851
0.102353,0.0994373,0.0991073,0.104345,0.0978077,0.101425,0.0961082,0.101294,0.0983201,0.0998018
0.10305,0.0991801,0.0984113,0.104464,0.0968549,0.101996,0.0958049,0.10234,0.0975588,0.10034
0.103645,0.100772,0.0970323,0.103679,0.0964983,0.103303,0.0942588,0.103434,0.0966544,0.100723
0.103769,0.10215,0.0936463,0.108907,0.0965285,0.102395,0.0940433,0.107036,0.0957753,0.0957499
0.101387,0.10457,0.0946485,0.107616,0.09562,0.106522,0.0905034,0.107667,0.0937971,0.0976697
0.102926,0.103719,0.093829,0.108859,0.0965129,0.103543,0.0935293,0.106886,0.0946864,0.0955092
0.102788,0.0997718,0.0969145,0.10498,0.0972111,0.101518,0.0963537,0.103443,0.0979426,0.0990779
0.102804,0.099785,0.0980936,0.104035,0.0965731,0.102172,0.0960061,0.103246,0.0975024,0.0997833
0.101939,0.101455,0.0980376,0.101909,0.0959809,0.103721,0.0956867,0.104453,0.0966561,0.100163
0.102298,0.102746,0.0960706,0.10465,0.0952872,0.104466,0.0939147,0.106878,0.0948896,0.0987999
0.100464,0.102497,0.100123,0.101919,0.0935878,0.107205,0.0929508,0.103811,0.0954507,0.101991
0.100653,0.101905,0.0990113,0.10027,0.0978422,0.102969,0.0962934,0.101828,0.0982804,0.100947
0.100003,0.0999,0.102925,0.100848,0.0973543,0.102518,0.0919954,0.102343,0.0979051,0.104209
0.101104,0.0976442,0.105626,0.103382,0.0978745,0.101544,0.0882014,0.101036,0.0982817,0.105306
0.101848,0.0975173,0.10553,0.104644,0.0974019,0.102164,0.0862595,0.101054,0.0981346,0.105447
0.101479,0.0982403,0.104441,0.103709,0.097533,0.102204,0.0881965,0.101246,0.0982341,0.104717
0.101958,0.0965601,0.107433,0.105311,0.0977346,0.101676,0.0845843,0.10035,0.0981222,0.106271
0.101657,0.0979763,0.105738,0.104332,0.0968181,0.102784,0.0854029,0.101614,0.0975274,0.106149
0.101503,0.0984057,0.105838,0.104093,0.0963857,0.103406,0.084724,0.101982,0.0970975,0.106564
0.102512,0.0964442,0.106684,0.106288,0.0983486,0.100796,0.0863272,0.0989881,0.0990256,0.104586
0.10231,0.0976322,0.10587,0.103897,0.0983332,0.101949,0.086986,0.0995441,0.0987805,0.104698
0.101748,0.0973921,0.106829,0.103979,0.0972701,0.102406,0.0851766,0.100955,0.0978706,0.106373
0.101353,0.0986237,0.105476,0.103174,0.0962651,0.103563,0.0853261,0.102468,0.0970219,0.106729
0.10131,0.10137,0.101669,0.102592,0.0957626,0.105132,0.0880917,0.102927,0.0968389,0.104305
0.102165,0.103453,0.0969721,0.100909,0.0946539,0.108483,0.0897387,0.104235,0.0953847,0.104006
0.102833,0.106809,0.0950016,0.100431,0.0933614,0.112161,0.0863119,0.105959,0.0934351,0.103697
0.103861,0.106004,0.0954232,0.10008,0.093189,0.11124,0.086994,0.106056,0.0930976,0.104056
0.102539,0.103914,0.0970901,0.100432,0.0958182,0.1069,0.0918749,0.10354,0.0956678,0.102225
0.100973,0.102919,0.0982243,0.101388,0.096606,0.105126,0.0936426,0.102377,0.097398,0.101346
0.101311,0.102475,0.0980445,0.10182,0.0972683,0.104279,0.0942448,0.101811,0.0979999,0.100747
0.102683,0.101926,0.0980119,0.103596,0.0980106,0.103502,0.0935555,0.100468,0.0987187,0.0995281
0.101908,0.100921,0.098339,0.103028,0.0975427,0.103708,0.0934295,0.101297,0.0987029,0.101125
0.101157,0.0987348,0.10221,0.103148,0.0989857,0.100887,0.0938591,0.100021,0.0994435,0.101554
0.101874,0.0959192,0.107039,0.107827,0.0988939,0.0997224,0.0869618,0.0991066,0.0989464,0.10371
0.101097,0.0936349,0.110822,0.109346,0.0979258,0.0997673,0.0843633,0.0989377,0.0981729,0.105934
0.101185,0.0931148,0.110971,0.111707,0.0970402,0.0999452,0.0836278,0.0984907,0.0980736,0.105844
0.102169,0.0914515,0.112431,0.117249,0.0954682,0.100188,0.0793762,0.0974725,0.097812,0.106383
0.101306,0.0897564,0.117334,0.11254,0.0975639,0.0977031,0.079451,0.0978919,0.0975797,0.108874
0.100319,0.0894711,0.11973,0.115304,0.0972129,0.0983366,0.0757631,0.098231,0.0959267,0.109705
0.101842,0.091355,0.11481,0.112309,0.0979014,0.0984391,0.0798849,0.0981517,0.0977986,0.107508
0.0997962,0.0910162,0.116965,0.109757,0.098267,0.0986402,0.080683,0.099111,0.0967823,0.108982
0.0998409,0.0928753,0.113207,0.108352,0.0984776,0.0988954,0.0846524,0.099237,0.0974858,0.106977
0.100052,0.0919546,0.116354,0.110633,0.098207,0.0989802,0.0804666,0.0992775,0.0963593,0.107716
0.0995177,0.0918138,0.116586,0.108668,0.0983419,0.0989101,0.0820382,0.0992824,0.0965742,0.108268
0.100347,0.0920134,0.114772,0.108902,0.0985813,0.098857,0.0821656,0.0991313,0.0973828,0.107848
0.100992,0.095392,0.112592,0.112021,0.0979887,0.100176,0.082079,0.0999138,0.0958151,0.103031
0.100026,0.101275,0.101501,0.109857,0.0978231,0.102477,0.0904633,0.102315,0.0961922,0.0980712
0.100558,0.101863,0.0985121,0.108632,0.0983019,0.101709,0.0937993,0.103314,0.0966442,0.0966659
0.100746,0.101551,0.0984672,0.105936,0.0979923,0.102513,0.0951616,0.102758,0.0976036,0.0972714
0.100477,0.101142,0.100658,0.10651,0.0991221,0.100831,0.0946049,0.101005,0.0980656,0.0975855
0.100853,0.101711,0.0987839,0.106791,0.0988076,0.101379,0.0953295,0.101591,0.0978273,0.096927
0.100759,0.103043,0.0994479,0.113624,0.0985932,0.101892,0.0902225,0.102603,0.0953158,0.0944994
0.0998527,0.102326,0.100765,0.105947,0.0987512,0.102271,0.0947311,0.100534,0.0973791,0.0974417
0.101742,0.100703,0.0989769,0.108065,0.0994349,0.100313,0.09488,0.100104,0.0986687,0.0971116
0.101802,0.0993058,0.101667,0.113557,0.0987811,0.09984,0.0901142,0.0998925,0.0981183,0.0969214
0.103311,0.0981611,0.0996646,0.112271,0.0975388,0.102492,0.089898,0.0999185,0.098753,0.0979917
0.10406,0.0937472,0.105106,0.119615,0.0964334,0.0991623,0.0850487,0.0971621,0.100198,0.0994668
0.103534,0.0940712,0.104755,0.114298,0.0988719,0.0977495,0.0860816,0.097809,0.100881,0.101948
0.103761,0.0942139,0.107126,0.115783,0.0993196,0.0964374,0.0860382,0.0961155,0.10048,0.100725
0.102842,0.0949223,0.107878,0.113567,0.098787,0.0972563,0.0879152,0.0970663,0.0996206,0.100146
0.104899,0.094307,0.100605,0.122229,0.0943969,0.10055,0.0882486,0.0982145,0.0988457,0.0977045
0.105699,0.0922296,0.100875,0.11753,0.0939517,0.101307,0.0876461,0.0973766,0.10129,0.102095
0.106367,0.0903655,0.10301,0.119744,0.0900076,0.104113,0.08386,0.0979023,0.100575,0.104055
0.104755,0.0938752,0.101187,0.112063,0.0942882,0.102498,0.088442,0.0990015,0.100394,0.103496
0.102464,0.0955013,0.102918,0.106719,0.0960645,0.101613,0.0907767,0.0998421,0.100014,0.104088
0.0999553,0.0964735,0.103987,0.102728,0.100378,0.0982719,0.0949307,0.10013,0.0997872,0.103359
0.0999632,0.0987383,0.100759,0.100475,0.0993185,0.1005,0.098538,0.100945,0.0992409,0.101522
0.10179,0.0971474,0.0998485,0.101927,0.0978103,0.102129,0.0952279,0.100655,0.100258,0.103206
0.101642,0.0979885,0.0995603,0.102946,0.0976265,0.103335,0.0931135,0.101149,0.0994021,0.103237
0.101613,0.0973835,0.100679,0.106306,0.0973673,0.10221,0.0935014,0.0995081,0.0996786,0.101753
0.101966,0.0972274,0.100063,0.107172,0.0966824,0.103232,0.0922413,0.0995953,0.0997821,0.102038
0.103147,0.098107,0.100959,0.103666,0.0996886,0.102296,0.0917318,0.0983503,0.10032,0.101734
0.101386,0.097981,0.0997352,0.104736,0.0982092,0.101505,0.0952619,0.0996469,0.0999676,0.101571
0.0989061,0.0951525,0.10804,0.0999606,0.0988164,0.100429,0.093405,0.100575,0.0987318,0.105984
0.101349,0.0950148,0.106975,0.106969,0.0995401,0.0989867,0.0881284,0.0995174,0.0992686,0.104251
0.104751,0.0950665,0.104854,0.109194,0.0994051,0.0998281,0.0866173,0.0964017,0.101156,0.102727
0.103073,0.0949275,0.105581,0.107294,0.099987,0.098634,0.0884246,0.0980111,0.100794,0.103274
0.10373,0.0952662,0.104335,0.110189,0.0999259,0.0989884,0.0872197,0.0975969,0.100449,0.1023
0.105538,0.0950494,0.104161,0.109123,0.100075,0.0990394,0.0875018,0.0961301,0.101906,0.101475
0.103934,0.0945398,0.105099,0.107537,0.0991858,0.0989797,0.089319,0.0966587,0.101891,0.102856
0.102225,0.0952451,0.106266,0.105468,0.0989016,0.0992784,0.0899385,0.0980204,0.10071,0.103948
0.102623,0.0927646,0.111606,0.105481,0.0991893,0.0986995,0.084252,0.0982555,0.0997044,0.107424
0.102326,0.0958756,0.106365,0.105196,0.099264,0.100527,0.0889767,0.0979358,0.0997884,0.103746
0.102696,0.0953347,0.106261,0.107507,0.0988098,0.100146,0.0875844,0.0984899,0.0998325,0.103338
0.102468,0.0983368,0.101307,0.10596,0.0985149,0.102545,0.0911737,0.0983811,0.099935,0.101378
0.100926,0.0975655,0.103466,0.105148,0.0988346,0.100501,0.0923766,0.0998031,0.0993233,0.102055
0.101144,0.0978751,0.101812,0.104772,0.0987489,0.100652,0.0943422,0.0996263,0.0998216,0.101205
0.101125,0.100389,0.0998659,0.10216,0.099588,0.102872,0.095183,0.0988457,0.0995954,0.100375
0.100706,0.101521,0.0983756,0.101403,0.0985941,0.10373,0.0957139,0.100488,0.0989084,0.100559
0.100729,0.101166,0.0983752,0.100229,0.0983817,0.102605,0.0970266,0.101497,0.0988813,0.10111
0.100539,0.101881,0.0978473,0.100126,0.0981459,0.103821,0.0960608,0.101839,0.0984244,0.101316
0.101451,0.100893,0.0985275,0.102397,0.098816,0.103456,0.0949925,0.0998926,0.0992225,0.100352
0.102279,0.100197,0.0998469,0.104355,0.0954157,0.107139,0.0894596,0.10172,0.0975479,0.102039
0.104001,0.100227,0.0983741,0.104997,0.093734,0.108861,0.0866048,0.102711,0.0968964,0.103595
0.105256,0.100539,0.101154,0.106111,0.0957377,0.107421,0.0827442,0.10022,0.0976765,0.103141
0.104935,0.0961238,0.108591,0.104434,0.0985754,0.103165,0.0803579,0.0981095,0.0987653,0.106943
0.105674,0.0950713,0.111021,0.106837,0.0979944,0.103867,0.0753184,0.0976258,0.0979231,0.108668
0.103256,0.0934817,0.114374,0.108355,0.0962236,0.102517,0.0738666,0.0997502,0.0965307,0.111646
0.102779,0.0943238,0.112217,0.108607,0.0965113,0.10194,0.0773686,0.0996636,0.0971237,0.109466
0.102577,0.0923837,0.114467,0.106895,0.0979121,0.0996206,0.0793238,0.098565,0.098221,0.110035
0.102771,0.0919447,0.111743,0.108678,0.098492,0.0978351,0.0847574,0.0978802,0.0996415,0.106257
0.102462,0.0956695,0.105424,0.108795,0.0977715,0.100313,0.088463,0.0984173,0.0997339,0.102951
0.102604,0.0943901,0.107026,0.10904,0.0974428,0.100071,0.0872921,0.0982556,0.0998043,0.104074
0.102354,0.0963783,0.103671,0.108286,0.0971587,0.101322,0.0898333,0.0986725,0.0998136,0.102511
0.102063,0.0970976,0.102888,0.107505,0.0976466,0.100834,0.091586,0.0987327,0.0999203,0.101727
0.101234,0.0983184,0.101073,0.10374,0.097927,0.101567,0.0949483,0.0997653,0.099837,0.10159
0.100889,0.100776,0.0988952,0.101505,0.0976349,0.102992,0.0964017,0.101119,0.0988219,0.100965
0.0998036,0.0985576,0.101847,0.104028,0.0971176,0.102757,0.094762,0.100638,0.0991036,0.101385
0.101319,0.0982743,0.0990418,0.106887,0.0952003,0.104723,0.0934466,0.10041,0.0988757,0.101822
0.100704,0.101558,0.0982918,0.102091,0.0967495,0.104967,0.0950362,0.101491,0.098006,0.101106
0.100423,0.0981885,0.102069,0.101198,0.0981293,0.101433,0.0960172,0.0999664,0.100465,0.10211
0.100507,0.100711,0.0993995,0.100142,0.0972532,0.103139,0.0958993,0.102073,0.0986513,0.102225
0.101485,0.102134,0.0986359,0.0994671,0.0966177,0.104246,0.0950819,0.102289,0.0978081,0.102236
0.101027,0.100931,0.100071,0.100347,0.0973714,0.103002,0.0968085,0.101209,0.0979931,0.101239
0.101396,0.102192,0.0984308,0.0999595,0.0972755,0.103837,0.0950856,0.102358,0.0976416,0.101824
0.101646,0.099297,0.101583,0.100872,0.0990111,0.101518,0.0942674,0.100209,0.0993497,0.102247
0.103233,0.0962763,0.0997233,0.10358,0.0959578,0.103523,0.0931265,0.100427,0.0997795,0.104373
0.101493,0.0979229,0.0998824,0.102048,0.09694,0.102783,0.0955281,0.101579,0.0993479,0.102476
0.100302,0.0939128,0.110933,0.105453,0.0987992,0.0994465,0.0870659,0.0996334,0.0981444,0.10631
0.0999514,0.093911,0.111321,0.106785,0.0988764,0.0991657,0.08654,0.0994727,0.0978896,0.106087
0.101453,0.0955851,0.107849,0.103578,0.0987891,0.100424,0.0890022,0.0992936,0.099016,0.105011
0.102388,0.0931108,0.111216,0.108423,0.099074,0.0989253,0.0819486,0.0991576,0.0988158,0.106941
0.104106,0.0937527,0.109186,0.105326,0.0990137,0.0997572,0.0842877,0.098234,0.100118,0.106219
0.104106,0.096468,0.105008,0.103812,0.0990575,0.101033,0.0873694,0.0988418,0.100073,0.10423
0.10212,0.0974238,0.104578,0.103328,0.0981605,0.101164,0.0898474,0.100013,0.0996654,0.103699
0.100472,0.0997614,0.102976,0.101461,0.0971297,0.102777,0.0909713,0.102245,0.0979386,0.104268
0.101591,0.0993195,0.102309,0.102654,0.0976916,0.102331,0.0912902,0.101043,0.0988891,0.102881
0.1001,0.0989998,0.103576,0.101015,0.098226,0.101374,0.0928643,0.101406,0.0986071,0.103833
0.101621,0.102647,0.0989432,0.0997511,0.0969023,0.104571,0.0947165,0.102101,0.0969875,0.101759
0.101596,0.101499,0.0987519,0.0997405,0.0966009,0.104314,0.0954263,0.101855,0.0980331,0.102183
0.101272,0.100851,0.0990834,0.100141,0.0968206,0.103609,0.0961884,0.101678,0.0984104,0.101946
0.10144,0.101252,0.0992444,0.100115,0.0968218,0.103742,0.0960704,0.101723,0.0979641,0.101627
0.101724,0.0996203,0.0988417,0.100923,0.0975783,0.102663,0.0964593,0.100637,0.0996059,0.101947
0.102374,0.0993502,0.0985486,0.101671,0.096567,0.103803,0.0952209,0.100543,0.0996029,0.10232
0.101866,0.100409,0.0988606,0.102326,0.0982131,0.102916,0.0945552,0.100584,0.0995336,0.100737
0.103776,0.0962746,0.100639,0.100548,0.0939443,0.106043,0.089243,0.102781,0.0994728,0.107279
0.102937,0.0998999,0.0996589,0.100394,0.0956833,0.106042,0.0904085,0.10234,0.0982186,0.104418
0.101373,0.0985396,0.10317,0.103052,0.0981953,0.101561,0.0912863,0.100674,0.0989322,0.103217
0.099762,0.0955997,0.108384,0.103127,0.0992778,0.099908,0.0903864,0.100166,0.0983316,0.105057
0.100992,0.0953143,0.108773,0.105828,0.098217,0.100971,0.0863709,0.100133,0.0979141,0.105487
0.101508,0.0974024,0.105802,0.103951,0.0974316,0.101912,0.0870677,0.101108,0.0982264,0.10559
0.101926,0.0979013,0.1053,0.104051,0.0968575,0.102879,0.0857015,0.101611,0.0978777,0.105895
0.101722,0.0966951,0.104429,0.106275,0.0984807,0.100693,0.0903234,0.099133,0.0995485,0.1027
0.100213,0.0989215,0.101361,0.105584,0.0972302,0.102375,0.093583,0.101122,0.0983879,0.101222
0.101215,0.0988432,0.10003,0.104923,0.0952674,0.104282,0.0934768,0.101329,0.0981787,0.102454
0.101126,0.100078,0.0986283,0.104991,0.0974063,0.102738,0.0947862,0.101177,0.0986288,0.10044
0.101945,0.0965882,0.0991698,0.106522,0.0981225,0.100543,0.0950511,0.0995948,0.100394,0.10207
0.103177,0.0958369,0.100451,0.108539,0.0960805,0.101388,0.0933645,0.0998259,0.0999155,0.101422
0.103781,0.0944248,0.100095,0.107412,0.0955039,0.101946,0.0927036,0.100029,0.100297,0.103807
0.104137,0.0959299,0.0994726,0.106827,0.0964959,0.102192,0.0917067,0.100675,0.0998254,0.102739
0.103488,0.0932109,0.0995531,0.105232,0.0980137,0.09944,0.0947284,0.0993238,0.102245,0.104765
0.104609,0.0934571,0.0986825,0.104049,0.0990862,0.0990359,0.0944931,0.09964,0.102516,0.104432
0.103757,0.0992293,0.0963079,0.107019,0.0974798,0.102634,0.0926666,0.103387,0.0981466,0.0993728
0.102459,0.0974062,0.099208,0.102302,0.0987224,0.100849,0.0956835,0.0998873,0.100442,0.103041
0.101516,0.0997676,0.0981392,0.102676,0.0983341,0.101694,0.0957971,0.101596,0.099129,0.10135
0.101406,0.0999387,0.0976747,0.102192,0.0992663,0.101294,0.0962082,0.101478,0.0993763,0.101166
0.101275,0.10116,0.0990248,0.102495,0.0979905,0.102966,0.0952479,0.101167,0.0987661,0.0999079
0.101388,0.0988779,0.0997231,0.103542,0.0972526,0.102403,0.0939169,0.101346,0.0996388,0.101911
0.10058,0.0999537,0.101304,0.102561,0.097536,0.102834,0.0924996,0.102,0.098432,0.1023
0.100993,0.100798,0.100983,0.102515,0.0961648,0.10445,0.090097,0.10312,0.0976493,0.103229
0.100748,0.101411,0.103037,0.108798,0.0939369,0.107003,0.0834148,0.104298,0.094722,0.102632
0.101011,0.100943,0.102523,0.104314,0.0936258,0.10727,0.0825913,0.105772,0.0952304,0.10672
0.101603,0.100538,0.102906,0.104777,0.0942355,0.106478,0.0827082,0.104853,0.0957569,0.106145
0.10097,0.101644,0.101879,0.10228,0.0941022,0.106633,0.0857691,0.104906,0.0959545,0.105863
0.100892,0.0999773,0.103788,0.102542,0.095067,0.105021,0.0858072,0.103872,0.0966085,0.106424
0.101376,0.0999654,0.103108,0.102996,0.0963015,0.103935,0.0877929,0.102511,0.0974256,0.104588
0.103606,0.102839,0.0997331,0.10583,0.0960382,0.105564,0.0887662,0.100257,0.0975473,0.0998193
0.105098,0.10212,0.101266,0.111059,0.0957366,0.10563,0.0860907,0.0979377,0.0974289,0.0976332
0.105193,0.100485,0.102571,0.110774,0.0969135,0.103721,0.0871601,0.0971426,0.0986474,0.097393
0.101968,0.0991302,0.102883,0.103932,0.0988847,0.100758,0.0935296,0.0987496,0.0996691,0.100497
0.101927,0.0978936,0.100181,0.10277,0.0960561,0.103157,0.0954532,0.100519,0.0995644,0.102479
0.101879,0.0966531,0.10063,0.102469,0.0936731,0.103577,0.0965465,0.102479,0.098699,0.103394
0.10247,0.0998941,0.100838,0.102894,0.0926139,0.106088,0.0941114,0.103198,0.0963876,0.101503
0.102669,0.0995018,0.0962418,0.110221,0.0938967,0.103535,0.0938948,0.105505,0.0968748,0.097661
0.10137,0.101019,0.100142,0.102471,0.0933862,0.105865,0.0945054,0.104137,0.0957952,0.10131
0.101774,0.101914,0.0959234,0.111119,0.0938272,0.104285,0.0930596,0.107513,0.0948046,0.0957798
0.101453,0.101591,0.0976957,0.108972,0.0919705,0.107778,0.0892846,0.107603,0.0937253,0.0999259
0.102118,0.103218,0.0971701,0.101957,0.0933703,0.110597,0.0879182,0.107079,0.0940056,0.102566
0.10176,0.105854,0.0979254,0.0969896,0.093669,0.114156,0.0858658,0.10667,0.093109,0.104002
0.102024,0.103805,0.0984128,0.0985226,0.0940659,0.109697,0.0894353,0.105358,0.0945973,0.104083
0.10188,0.101674,0.0970762,0.100624,0.0942933,0.107707,0.0900962,0.104823,0.0963907,0.105436
0.1029,0.0945712,0.104506,0.106626,0.0948928,0.102492,0.088482,0.0994062,0.100227,0.105898
0.104112,0.0950753,0.103315,0.106847,0.0942221,0.104307,0.0862941,0.099789,0.0996855,0.106352
0.102208,0.0979324,0.105434,0.103232,0.0982079,0.102271,0.0869314,0.100205,0.0984343,0.105144
0.103981,0.0987137,0.10419,0.101565,0.0986005,0.103369,0.0872645,0.0992744,0.0985001,0.104542
0.102804,0.100155,0.10269,0.101266,0.0979247,0.10397,0.0887787,0.100544,0.0979927,0.103875
0.102848,0.102405,0.100544,0.100896,0.0957386,0.106801,0.0877546,0.102762,0.0960501,0.104199
0.101793,0.102613,0.0996765,0.100942,0.0954709,0.105922,0.0901002,0.103502,0.0964261,0.103554
0.101617,0.101538,0.0982147,0.10286,0.0985041,0.103905,0.0946738,0.0998914,0.0989529,0.099843
0.101833,0.101592,0.0988979,0.101822,0.0974406,0.104268,0.093082,0.101431,0.0981584,0.101476
0.100713,0.102078,0.0993294,0.0997752,0.0972963,0.103563,0.0956582,0.10224,0.0979498,0.101397
0.101308,0.102764,0.0986697,0.0999144,0.0969244,0.104474,0.0946302,0.102461,0.0972321,0.101622
0.100858,0.102267,0.0994387,0.0995894,0.0970258,0.10386,0.0953293,0.102351,0.0976973,0.101583
0.101177,0.101849,0.0990346,0.101264,0.0983162,0.102648,0.0959415,0.10084,0.0987996,0.10013
0.102125,0.102129,0.0994792,0.102515,0.0977893,0.103398,0.0934936,0.10051,0.0984511,0.10011
0.101192,0.0997754,0.0994689,0.102123,0.0972674,0.103073,0.0954163,0.100766,0.099048,0.101869
0.102703,0.101845,0.0974348,0.10466,0.0984723,0.102631,0.0937159,0.101845,0.0984008,0.0982924
0.103477,0.0983761,0.0996202,0.101928,0.0983232,0.102332,0.0940584,0.0993982,0.100487,0.102
0.103905,0.104126,0.0960225,0.107453,0.0947855,0.106795,0.0898774,0.104818,0.0948405,0.0973763
0.103834,0.10299,0.0968881,0.107211,0.0924848,0.1071,0.0911152,0.10611,0.0936766,0.0985899
0.104007,0.10159,0.0971296,0.106616,0.0932707,0.106261,0.0909124,0.105328,0.0944816,0.100404
0.105489,0.103806,0.095137,0.105605,0.0951093,0.107116,0.0890163,0.106268,0.0930074,0.0994447
0.104793,0.104552,0.0956386,0.104835,0.0945195,0.108524,0.0880353,0.106831,0.092191,0.100081
0.104159,0.104789,0.0959267,0.103964,0.0946505,0.10927,0.0875986,0.106929,0.0923388,0.100374
0.103175,0.102308,0.0974625,0.102482,0.0954198,0.106731,0.0910596,0.104863,0.0946863,0.101813
0.102352,0.0990153,0.0992813,0.10162,0.0971428,0.104402,0.0923387,0.101536,0.098349,0.103962
0.101407,0.0972679,0.100564,0.103138,0.0975789,0.101726,0.0946273,0.100323,0.100318,0.10305
0.102673,0.0965604,0.100083,0.104188,0.0967043,0.103005,0.0912975,0.100591,0.0999847,0.104913
0.104013,0.0977056,0.101042,0.106591,0.0948591,0.106474,0.0856752,0.100439,0.0989567,0.104244
0.104918,0.094687,0.103581,0.106954,0.094025,0.104621,0.0857044,0.0999932,0.100749,0.104767
0.103473,0.0942418,0.108429,0.107767,0.0967574,0.101128,0.0847457,0.0987537,0.099597,0.105108
0.10253,0.0925731,0.115045,0.111056,0.0987108,0.0988074,0.079981,0.0986468,0.0972786,0.105371
0.107125,0.0916044,0.116698,0.114502,0.0974087,0.099818,0.0755937,0.0943702,0.0988767,0.104004
0.10635,0.0943087,0.113656,0.113593,0.09699,0.101201,0.0780359,0.0953374,0.0981608,0.102367
0.103074,0.0933248,0.119085,0.112432,0.0967186,0.100496,0.0782942,0.0979709,0.095339,0.103266
0.104813,0.0933558,0.118949,0.112886,0.0962403,0.101118,0.0762174,0.0967494,0.0958388,0.103832
0.107663,0.100829,0.104402,0.117619,0.0934746,0.10738,0.0768598,0.0977885,0.0953588,0.0986247
0.105132,0.0979385,0.10713,0.109979,0.0961937,0.103649,0.0789892,0.0991919,0.0971505,0.104646
0.102122,0.0935834,0.113675,0.108688,0.0959033,0.101179,0.0777967,0.0996739,0.0971394,0.110239
0.101493,0.0976105,0.106748,0.103402,0.0968889,0.102461,0.085488,0.101405,0.0976073,0.106897
0.102545,0.100663,0.101296,0.102039,0.0981423,0.104304,0.0899108,0.100153,0.0983546,0.102593
0.10146,0.101147,0.0984982,0.101871,0.0981888,0.105922,0.0927575,0.100133,0.0988245,0.101198
0.0998867,0.104414,0.0964516,0.0999093,0.0972342,0.10917,0.0925867,0.101667,0.0971736,0.101507
0.0993038,0.105662,0.0952777,0.0991696,0.0961752,0.112245,0.0907035,0.102757,0.0961135,0.102593
0.0990134,0.101815,0.0983111,0.098999,0.0967912,0.109024,0.0928262,0.101921,0.097527,0.103772
0.100812,0.101832,0.0968187,0.101035,0.0946349,0.109551,0.092101,0.102006,0.0974011,0.103808
0.101409,0.100708,0.0951076,0.103703,0.0928284,0.111609,0.0900509,0.102224,0.0975187,0.104842
0.101001,0.103771,0.0952356,0.10129,0.0947334,0.110743,0.0908707,0.102294,0.0971686,0.102893
0.101756,0.102043,0.0969836,0.102612,0.0931536,0.110125,0.091269,0.101919,0.0970591,0.103081
0.101663,0.102205,0.0978567,0.103363,0.0944331,0.107042,0.0932184,0.101852,0.0972478,0.101118
0.102807,0.103606,0.0967353,0.105721,0.0948668,0.107726,0.0911999,0.101539,0.0969518,0.098847
0.105532,0.102407,0.0975241,0.109553,0.0967512,0.105755,0.0888156,0.0988433,0.098531,0.0962884
0.102885,0.102907,0.0963712,0.107573,0.0966746,0.105072,0.0917659,0.101976,0.0976331,0.097142
0.105842,0.10202,0.0966843,0.105013,0.0973212,0.105773,0.0892846,0.0991607,0.0993348,0.0995666
0.102938,0.101377,0.0964261,0.103036,0.0977817,0.103887,0.0933904,0.101276,0.0990871,0.1008
0.102246,0.10266,0.0943897,0.104974,0.0979899,0.103362,0.0941221,0.103205,0.0982498,0.0988007
0.102992,0.102129,0.0980776,0.102837,0.0977549,0.104249,0.0932464,0.100246,0.0987949,0.0996725
0.10395,0.0982776,0.101385,0.106097,0.0993204,0.101229,0.0915692,0.097667,0.100576,0.0999277
0.103941,0.0985023,0.102033,0.106896,0.0989804,0.101402,0.0911315,0.0974811,0.100138,0.099494
0.103442,0.100362,0.099859,0.106345,0.0983469,0.102695,0.0929271,0.0982495,0.0995171,0.0982553
0.103097,0.100536,0.0989776,0.104666,0.0980599,0.103111,0.0938683,0.0992681,0.0995744,0.0988422
0.101504,0.101969,0.0969503,0.105625,0.0981655,0.102854,0.0945222,0.101809,0.098288,0.0983127
0.103049,0.102875,0.0977348,0.107303,0.0974579,0.104357,0.0923719,0.0999545,0.098062,0.0968343
0.103781,0.102988,0.0979845,0.109306,0.0964345,0.105377,0.0906362,0.0995525,0.0976844,0.0962561
0.104078,0.100546,0.0996406,0.107812,0.0978689,0.103413,0.0912668,0.0981517,0.0992911,0.0979318
0.103184,0.100253,0.0996342,0.106095,0.0984585,0.102614,0.0928793,0.0987005,0.0995782,0.0986038
0.102531,0.10146,0.0973497,0.103089,0.0975975,0.103596,0.0949895,0.101084,0.0989869,0.099317
0.101891,0.101541,0.0963775,0.104691,0.097777,0.102852,0.0951158,0.102352,0.0985273,0.098876
0.102698,0.10368,0.0959764,0.10627,0.09755,0.10473,0.0918446,0.102066,0.0976039,0.0975812
0.102022,0.101206,0.0985984,0.103677,0.0979019,0.103264,0.0946129,0.100534,0.0989142,0.0992696
0.101383,0.0988283,0.100966,0.102137,0.0987287,0.101226,0.0950381,0.100016,0.100213,0.101464
0.104752,0.0988195,0.101191,0.105671,0.098459,0.102289,0.0904464,0.0975681,0.10055,0.100255
0.104384,0.0970855,0.101891,0.105375,0.0966605,0.103063,0.0893754,0.0988184,0.100725,0.102621
0.102709,0.0949146,0.105843,0.104033,0.0976851,0.10043,0.0899611,0.0987047,0.100996,0.104724
0.10322,0.0961339,0.102871,0.103755,0.0971723,0.102186,0.0904423,0.0996338,0.100464,0.104121
0.103235,0.0955171,0.104717,0.102692,0.0975176,0.101509,0.0893341,0.0997383,0.100656,0.105085
0.104111,0.0951861,0.106117,0.104177,0.100033,0.0992924,0.0890263,0.0973636,0.101388,0.103305
0.104441,0.0952447,0.104231,0.104357,0.100271,0.100161,0.0893208,0.0974511,0.101692,0.10283
0.10339,0.0967871,0.100495,0.104753,0.0990743,0.102364,0.0914578,0.0985911,0.100901,0.102186
0.103223,0.099853,0.0991543,0.101985,0.0984816,0.106217,0.0898424,0.0995039,0.0991922,0.102548
0.102001,0.102957,0.0972632,0.10125,0.0965567,0.109057,0.0900578,0.101635,0.0969804,0.102241
0.101889,0.103961,0.0970375,0.100012,0.0958726,0.110058,0.0899192,0.102636,0.0958706,0.102743
0.101044,0.102284,0.0975599,0.100548,0.096588,0.106252,0.0929702,0.102726,0.0972802,0.102748
0.101456,0.103089,0.0981716,0.0997032,0.0958775,0.106871,0.0918807,0.103484,0.0964172,0.103049
0.103458,0.101679,0.0989126,0.0998454,0.0958451,0.107782,0.0897526,0.102336,0.0965724,0.103817
0.10162,0.101579,0.0989341,0.0997299,0.0970871,0.105198,0.0939846,0.102041,0.0975652,0.10226
0.104404,0.10048,0.100932,0.099683,0.0966532,0.106405,0.0886548,0.10115,0.0971928,0.104447
0.103442,0.10139,0.100641,0.0998018,0.0963333,0.106924,0.0886217,0.101988,0.096233,0.104625
0.10329,0.101042,0.099994,0.10011,0.0961221,0.106706,0.0892049,0.102297,0.0967833,0.104451
0.104162,0.0972322,0.102786,0.10098,0.0971214,0.104068,0.0875765,0.100918,0.0995216,0.105633
0.102279,0.0969933,0.0995806,0.102012,0.0948653,0.104914,0.0917148,0.102424,0.0992498,0.105967
0.105085,0.0974123,0.100212,0.104122,0.0936376,0.108511,0.0845996,0.101821,0.0986087,0.105991
0.106415,0.0954888,0.100152,0.103991,0.0920088,0.109714,0.0824865,0.102367,0.098944,0.108433
0.106463,0.0953623,0.0995274,0.104599,0.0904773,0.111568,0.0811972,0.102927,0.0984547,0.109424
0.103908,0.100314,0.0983716,0.105246,0.0936641,0.110154,0.0846565,0.102288,0.0970009,0.104397
0.103612,0.10157,0.0966726,0.099214,0.091831,0.112791,0.0850744,0.105935,0.0952689,0.108032
0.101843,0.103603,0.0981168,0.0981552,0.0932981,0.111354,0.0883368,0.106451,0.0944676,0.104374
0.101668,0.10281,0.0972016,0.0984256,0.0950247,0.108346,0.0907124,0.105421,0.0963287,0.104063
0.100901,0.103852,0.0977651,0.100849,0.0946141,0.109474,0.0899457,0.106626,0.0943769,0.101596
0.101631,0.104919,0.0967807,0.103785,0.0953616,0.107934,0.090495,0.106933,0.0932,0.0989607
0.101062,0.10327,0.0973853,0.104221,0.0951445,0.105998,0.0928098,0.106486,0.0943919,0.0992315
0.101363,0.103399,0.0993224,0.10724,0.0931499,0.107956,0.0905824,0.10521,0.0935918,0.098185
0.102411,0.101326,0.0973231,0.110775,0.0949972,0.106048,0.08984,0.104024,0.0957475,0.097509
0.102945,0.0956218,0.0960013,0.112451,0.0952712,0.100864,0.0936886,0.104183,0.0990408,0.099933
0.10191,0.0939627,0.100072,0.104411,0.0941691,0.10267,0.0948324,0.10095,0.100118,0.106905
0.100248,0.0934141,0.104717,0.101758,0.0986495,0.0985776,0.0940467,0.100933,0.100218,0.107438
0.10136,0.0957024,0.102195,0.104102,0.0975212,0.100987,0.0940855,0.0998537,0.100376,0.103816
0.101108,0.0963271,0.103666,0.106795,0.0982342,0.100523,0.0905816,0.0998135,0.0992108,0.103741
0.0992021,0.0972604,0.104993,0.107392,0.0982687,0.100845,0.0903886,0.101301,0.0975378,0.10281
0.100082,0.0954643,0.10765,0.10582,0.0981344,0.100854,0.0887927,0.100362,0.0981833,0.104658
0.102436,0.0945528,0.109977,0.106793,0.0995874,0.0988851,0.0866405,0.098604,0.0990374,0.103487
0.101001,0.0916043,0.117143,0.104824,0.0992417,0.0983317,0.0828688,0.0991823,0.097682,0.108121
0.102364,0.090099,0.11954,0.10571,0.0986333,0.0979522,0.0794515,0.0984378,0.09799,0.109823
0.102514,0.0942208,0.111439,0.108212,0.0987794,0.0992776,0.0849458,0.0983708,0.098378,0.103863
0.102587,0.0926108,0.115437,0.113405,0.0978883,0.0989834,0.0788781,0.0982922,0.0968638,0.105054
0.102303,0.0908089,0.121091,0.112536,0.0973505,0.0989454,0.0748135,0.0984622,0.0956524,0.108037
0.101953,0.0905528,0.123341,0.111453,0.0973904,0.0981283,0.0773439,0.0980305,0.0951745,0.106633
0.101553,0.0942962,0.115423,0.107592,0.0983363,0.0991438,0.0847566,0.0987186,0.0966646,0.103516
0.102225,0.0929261,0.115742,0.104872,0.098419,0.0987529,0.0845485,0.0982902,0.0978698,0.106355
0.103827,0.0976582,0.108111,0.108361,0.0972817,0.102208,0.0845091,0.0986482,0.0975732,0.101823
0.101965,0.101976,0.0998611,0.107409,0.0957284,0.104941,0.0917659,0.100211,0.0971207,0.0990215
0.100622,0.0992941,0.103775,0.101864,0.0976966,0.10212,0.0907902,0.10159,0.0981638,0.104084
0.102254,0.10134,0.101357,0.104247,0.0963672,0.104268,0.0897715,0.101316,0.0977511,0.101327
0.101792,0.101562,0.100944,0.10276,0.0961723,0.104658,0.0893554,0.102491,0.0974671,0.1028
0.101493,0.10232,0.0997786,0.10205,0.09596,0.105062,0.0906613,0.10295,0.0973829,0.102343
0.100552,0.103339,0.0999501,0.0996083,0.0945907,0.106628,0.0905236,0.104849,0.0959593,0.104
0.0995158,0.10018,0.103874,0.100384,0.0961301,0.103663,0.0896575,0.103694,0.0969072,0.105995
0.0999084,0.0985577,0.10514,0.101296,0.0976321,0.101765,0.0903051,0.101982,0.0979425,0.105471
0.102189,0.0993935,0.102299,0.104157,0.0987337,0.101377,0.0928701,0.0989708,0.0994581,0.100551
0.100822,0.0989544,0.103534,0.10207,0.0983178,0.101449,0.0918584,0.100946,0.0987335,0.103314
0.101114,0.0970258,0.10452,0.105255,0.0997084,0.0995465,0.0907845,0.0999471,0.0993318,0.102767
0.102706,0.0990197,0.103452,0.108064,0.0981664,0.101761,0.0894137,0.0991345,0.0987529,0.0995304
0.102455,0.0983853,0.10362,0.106571,0.0993873,0.100338,0.0918395,0.0983589,0.0995549,0.0994908
0.103497,0.100785,0.100364,0.109816,0.0980858,0.102402,0.0910679,0.0986117,0.0987875,0.0965832
0.102571,0.101867,0.0988916,0.108213,0.0978842,0.102925,0.0927799,0.0999201,0.0983302,0.0966192
0.105527,0.101637,0.0989685,0.113167,0.0970241,0.104374,0.0879014,0.0982113,0.0984092,0.0947795
0.102895,0.102771,0.0970569,0.10774,0.0979007,0.103863,0.0926103,0.100553,0.0981791,0.0964308
0.102147,0.103409,0.0958572,0.107912,0.0968752,0.105021,0.0921905,0.10227,0.0973254,0.0969917
0.101438,0.102416,0.0965802,0.105889,0.0981505,0.103334,0.0946547,0.101626,0.0981462,0.0977646
0.10226,0.102413,0.097639,0.106983,0.0984475,0.10292,0.0940524,0.100267,0.0983688,0.0966495
0.101456,0.101212,0.100216,0.105498,0.0979108,0.10266,0.0942835,0.100432,0.0980955,0.098236
0.101,0.101211,0.098687,0.103994,0.0977174,0.103619,0.0953438,0.100584,0.0982381,0.099606
0.0996834,0.0997686,0.101029,0.102136,0.0977986,0.103358,0.0956381,0.100823,0.0981605,0.101605
0.0991669,0.0949899,0.108679,0.101235,0.0997859,0.0990605,0.0926817,0.0998314,0.0989003,0.10567
0.0994134,0.0963502,0.104243,0.09912,0.0978095,0.101829,0.0959755,0.100681,0.0993814,0.105198
0.100529,0.0965207,0.101037,0.100038,0.095867,0.103743,0.0964044,0.101263,0.0995682,0.10503
0.0981778,0.0950319,0.10601,0.10024,0.0962637,0.10294,0.0949115,0.101181,0.0983878,0.106856
0.0974566,0.0934141,0.110334,0.101026,0.0963431,0.102257,0.0917477,0.10097,0.0975803,0.108871
0.0973328,0.0910958,0.115854,0.101384,0.0974434,0.100581,0.087406,0.100831,0.0970261,0.111046
0.0989149,0.0933325,0.113874,0.103423,0.0992942,0.0995634,0.0867035,0.100125,0.0972354,0.107534
0.100009,0.0936875,0.11115,0.101767,0.0996396,0.0988304,0.0897058,0.0995873,0.0988731,0.10675
0.102331,0.0931559,0.1105,0.0999838,0.0999292,0.0976215,0.0903903,0.0983043,0.101004,0.10678
0.101392,0.0966528,0.106985,0.101682,0.0995134,0.0995384,0.0907434,0.0995417,0.0994803,0.104472
0.101521,0.0981046,0.100064,0.105376,0.0959234,0.10349,0.0944876,0.10028,0.0991478,0.101606
0.101615,0.0973304,0.102811,0.103915,0.0983021,0.101086,0.0938536,0.0992388,0.100069,0.101779
0.101953,0.0999706,0.0994949,0.103087,0.0999011,0.101592,0.0953434,0.0989201,0.10008,0.0996584
0.101854,0.100566,0.0984828,0.103698,0.0990753,0.101812,0.0955873,0.100238,0.0995091,0.0991784
0.102011,0.0996514,0.100297,0.107727,0.0965651,0.103526,0.092729,0.100198,0.0982455,0.0990486
0.101835,0.0979284,0.102137,0.109061,0.0959578,0.103225,0.091859,0.100634,0.0979216,0.0994413
0.100672,0.0966169,0.106296,0.104629,0.0987361,0.101271,0.0907465,0.100107,0.0972466,0.103678
0.101362,0.0949525,0.106895,0.106843,0.0990929,0.100366,0.0890583,0.0990222,0.0985148,0.103893
0.0986529,0.0986138,0.101877,0.106989,0.0973107,0.102096,0.094103,0.10397,0.0958436,0.100544
0.0999563,0.097998,0.100922,0.107644,0.097645,0.101343,0.0937707,0.103399,0.0969424,0.10038
0.100079,0.0983959,0.10667,0.107226,0.0964939,0.102964,0.0915031,0.100951,0.0955644,0.100152
0.101189,0.0995031,0.104233,0.114768,0.0926856,0.10628,0.0881266,0.102304,0.0944913,0.0964195
0.101061,0.0991987,0.105087,0.113616,0.092491,0.106533,0.0881897,0.102044,0.0945724,0.0972075
0.101198,0.0960453,0.109707,0.108385,0.0972328,0.101351,0.0888809,0.0988974,0.0963852,0.101917
0.102218,0.0937562,0.111972,0.103936,0.0993328,0.0988285,0.0873031,0.0983215,0.0991683,0.105163
0.101295,0.0934446,0.111889,0.102286,0.0993553,0.0985,0.0887557,0.0991088,0.0991073,0.106258
0.103358,0.0940062,0.109567,0.102079,0.100493,0.0980248,0.0901995,0.0977571,0.100888,0.103627
0.102557,0.0942477,0.112707,0.104005,0.0992943,0.0988035,0.0872306,0.0981667,0.0987868,0.104202
0.103936,0.0892272,0.120979,0.107487,0.098851,0.0971221,0.0799973,0.0964978,0.0985454,0.107357
0.103092,0.0904195,0.118181,0.106991,0.0989824,0.0971175,0.0819275,0.097325,0.0986247,0.107339
0.103829,0.0908865,0.116231,0.108726,0.0985023,0.0970529,0.0817792,0.0963331,0.0994013,0.107259
0.10255,0.0910432,0.11479,0.105371,0.0988591,0.0969674,0.0837645,0.0978053,0.0996395,0.10921
0.102084,0.0876364,0.121351,0.107899,0.0977433,0.0965199,0.0784151,0.0973168,0.0984755,0.112558
0.101872,0.0875774,0.119911,0.102301,0.097554,0.0966714,0.0820507,0.0973665,0.100098,0.114598
0.101707,0.089873,0.11492,0.102425,0.097355,0.0975064,0.0862206,0.0979525,0.100335,0.111706
0.101205,0.0933593,0.109606,0.101581,0.0995337,0.0977787,0.090226,0.0991659,0.100098,0.107447
0.102029,0.0917679,0.108829,0.104183,0.100782,0.0960978,0.0896484,0.0983266,0.101355,0.106981
0.100708,0.094166,0.103431,0.101265,0.0973979,0.101685,0.0936777,0.100322,0.100553,0.106796
0.0994733,0.0989797,0.100727,0.0998101,0.0979094,0.104334,0.0954551,0.100942,0.0987432,0.103627
0.100035,0.0986029,0.101919,0.0997098,0.098816,0.103333,0.0945997,0.100279,0.0991119,0.103594
0.100959,0.0982951,0.101145,0.101912,0.0977202,0.102656,0.0942439,0.100609,0.0994223,0.103038
0.101771,0.0971376,0.102139,0.105064,0.096929,0.102321,0.0923423,0.0996559,0.0997469,0.102894
0.101479,0.0997791,0.098052,0.103198,0.0959239,0.10478,0.0937578,0.101681,0.0985511,0.102799
0.101663,0.09885,0.0994141,0.104473,0.0962128,0.103762,0.0935574,0.100718,0.0991274,0.102222
0.102037,0.0984063,0.100266,0.105346,0.0964494,0.103451,0.0922014,0.10027,0.0992769,0.102296
0.101226,0.0993413,0.101569,0.102612,0.0979805,0.101982,0.0930257,0.100778,0.099044,0.102442
0.100769,0.0991578,0.101951,0.101887,0.0986947,0.101212,0.0941718,0.100675,0.0992157,0.102267
0.101962,0.101112,0.09937,0.102631,0.0980947,0.10293,0.0953046,0.0999603,0.0990851,0.0995496
0.10181,0.100772,0.0991434,0.101714,0.0984514,0.102535,0.0952887,0.100256,0.0993448,0.100684
0.103199,0.0979868,0.101551,0.103895,0.0992518,0.101201,0.0922384,0.098587,0.100777,0.101314
0.101571,0.0992436,0.101099,0.102299,0.0992738,0.100846,0.0953453,0.0994329,0.0999821,0.100908
0.101353,0.10068,0.0992683,0.101427,0.0985006,0.102241,0.0957357,0.100562,0.099326,0.100906
0.102158,0.101035,0.0981436,0.102658,0.0977371,0.103268,0.0944727,0.100799,0.0990244,0.100704
0.103758,0.0994114,0.0993708,0.106214,0.0977411,0.102927,0.0914918,0.0987701,0.0997065,0.100608
0.10265,0.0999451,0.0982885,0.102123,0.0986406,0.102374,0.0955428,0.0997622,0.100163,0.100511
0.102365,0.0986999,0.10036,0.103707,0.0989137,0.101516,0.0945491,0.0989353,0.100318,0.100636
0.101538,0.0977031,0.102625,0.104251,0.0992434,0.100221,0.0935753,0.0991318,0.100038,0.101674
0.102342,0.0965295,0.103057,0.107447,0.0968396,0.101972,0.0902086,0.0990005,0.0997896,0.102814
0.10244,0.0966059,0.101384,0.10912,0.0966354,0.101994,0.0911712,0.0986451,0.0998812,0.102123
0.101327,0.0973949,0.0998013,0.10812,0.0958131,0.102807,0.0936024,0.0998834,0.0993703,0.101881
0.102523,0.0967849,0.101652,0.109305,0.096091,0.102709,0.0905473,0.0987944,0.0995774,0.102016
0.102054,0.0962448,0.106002,0.105232,0.0995134,0.0998595,0.0895851,0.0987294,0.0995903,0.103189
0.102678,0.0980336,0.101718,0.104209,0.0997181,0.100372,0.0936976,0.0982937,0.100698,0.100583
0.10469,0.0953568,0.104457,0.107217,0.0998889,0.0991933,0.0888512,0.0966684,0.101714,0.101964
0.103164,0.0950314,0.108407,0.111034,0.0982202,0.10017,0.0829624,0.0981599,0.0986653,0.104186
0.102892,0.0950385,0.108798,0.110173,0.0976923,0.0999113,0.0835492,0.0980245,0.0989521,0.104969
0.102626,0.0963574,0.106902,0.109404,0.0978568,0.100765,0.085312,0.0985796,0.0984765,0.103721
0.102653,0.0966283,0.10513,0.108648,0.0985531,0.0999423,0.0884535,0.0983812,0.0993939,0.102216
0.101653,0.0974197,0.10492,0.104826,0.0985774,0.100687,0.0899863,0.0994115,0.0991779,0.103341
0.101415,0.0998527,0.100538,0.102336,0.0990707,0.101271,0.0950706,0.0997752,0.0994875,0.101183
0.100796,0.099898,0.1022,0.102175,0.0975257,0.102346,0.0924864,0.101121,0.0984811,0.102971
0.100675,0.100046,0.101828,0.101431,0.0976737,0.102444,0.0929012,0.101441,0.0984936,0.103067
0.100902,0.0989918,0.0995589,0.102843,0.0979704,0.10153,0.0963655,0.100474,0.0997281,0.101636
0.10041,0.100108,0.100275,0.102269,0.0983451,0.102099,0.0958902,0.100949,0.0988635,0.100792
0.101149,0.100622,0.0992445,0.102195,0.0983718,0.102279,0.0959726,0.100641,0.0992299,0.100296
0.100503,0.10138,0.0985412,0.1006,0.0986972,0.102395,0.0972046,0.101226,0.0988446,0.10061
0.100698,0.100452,0.0997219,0.101168,0.0987171,0.101658,0.0967294,0.100804,0.0993349,0.100717
0.103547,0.102576,0.0992753,0.106389,0.0965087,0.105171,0.091124,0.0994616,0.097804,0.0981433
0.104007,0.10248,0.100336,0.108058,0.0953187,0.106012,0.0891759,0.099268,0.0973878,0.0979561
0.10253,0.102251,0.100179,0.103698,0.0964795,0.104579,0.0910229,0.100777,0.0978966,0.100587
0.103871,0.095592,0.105874,0.102197,0.0968486,0.102925,0.0866437,0.100036,0.0993426,0.10667
0.101548,0.0957063,0.108177,0.103903,0.098441,0.100488,0.0862307,0.10009,0.0987379,0.106678
0.103057,0.0927023,0.113863,0.106801,0.0975556,0.100214,0.0782402,0.0990382,0.0979579,0.11057
0.104091,0.0910509,0.115647,0.107898,0.0981197,0.0993053,0.076427,0.0976597,0.098674,0.111127
0.102195,0.0920034,0.111873,0.107861,0.097364,0.0989427,0.0838445,0.0975699,0.100312,0.108035
0.102963,0.0927761,0.107254,0.105594,0.0949157,0.101586,0.08773,0.0988087,0.101149,0.107224
0.103461,0.0927606,0.105302,0.104467,0.0938416,0.103209,0.0880917,0.09986,0.101047,0.10796
0.101244,0.098283,0.103085,0.101973,0.0949934,0.10424,0.0893031,0.102639,0.0980107,0.106228
0.10093,0.0988953,0.105528,0.103054,0.0962425,0.103492,0.0858139,0.102461,0.0969071,0.106677
0.101684,0.0968075,0.107938,0.105015,0.0975223,0.102133,0.0840086,0.100369,0.0978067,0.106716
0.10259,0.100978,0.101722,0.102869,0.0967978,0.105705,0.0873457,0.100824,0.0977474,0.103422
0.103398,0.100595,0.102375,0.100996,0.0966052,0.106492,0.0857688,0.101463,0.0970796,0.105229
0.105251,0.0991073,0.102915,0.100637,0.0960968,0.107573,0.0836346,0.10083,0.0973534,0.106603
0.10362,0.0985086,0.100195,0.101452,0.0944256,0.107307,0.0876269,0.10236,0.0981531,0.106352
0.105164,0.0973954,0.100239,0.104099,0.0935582,0.108968,0.0836718,0.101511,0.0981975,0.107196
0.104564,0.0966764,0.104105,0.103344,0.0948275,0.10638,0.0833143,0.100427,0.0985192,0.107843
0.1042,0.0953786,0.105786,0.105144,0.0985579,0.101601,0.086222,0.0977684,0.100325,0.105016
0.106369,0.0938517,0.109563,0.105027,0.099836,0.100803,0.0810254,0.0964155,0.100622,0.106488
0.103939,0.0921687,0.113173,0.106453,0.0988894,0.0992676,0.0799972,0.0977055,0.0993213,0.109085
0.105042,0.0911412,0.113386,0.104626,0.0971478,0.100847,0.0785118,0.0984737,0.0993391,0.111486
0.102663,0.0907875,0.116344,0.108014,0.0975816,0.0991159,0.0769675,0.0985016,0.0985365,0.111488
0.102137,0.0917619,0.113518,0.108784,0.0980812,0.0988553,0.0797518,0.0987013,0.0988255,0.109585
0.100324,0.0934666,0.111545,0.112947,0.0992441,0.0985563,0.0800667,0.100788,0.0967537,0.106309
0.101894,0.0916934,0.114093,0.111452,0.0987895,0.0982791,0.0782386,0.0995128,0.0976255,0.108422
0.105566,0.0939183,0.106821,0.119438,0.0937912,0.102459,0.0816637,0.0967557,0.0992773,0.100311
0.106585,0.0944124,0.106428,0.117462,0.0960763,0.10113,0.0818481,0.095632,0.100199,0.100226
0.103199,0.0938507,0.110693,0.115177,0.0990224,0.0978987,0.0820724,0.0972784,0.0985327,0.102276
0.103874,0.0943495,0.11062,0.120549,0.0945803,0.101855,0.0792254,0.097718,0.0970953,0.100134
0.106307,0.103475,0.101578,0.112721,0.0906693,0.111861,0.0820693,0.100076,0.0942793,0.0969637
0.106443,0.103563,0.101383,0.109804,0.0928986,0.110245,0.0836926,0.0993943,0.0956411,0.0969347
0.105452,0.103403,0.101035,0.107058,0.0936288,0.109445,0.0855372,0.100553,0.0959585,0.09793
0.104177,0.104363,0.101215,0.110699,0.0916614,0.111097,0.0839606,0.102144,0.0939416,0.0967418
0.103601,0.104917,0.0992744,0.110734,0.0914496,0.111081,0.0843562,0.103917,0.0934532,0.0972172
0.101923,0.105623,0.0959767,0.11161,0.0926045,0.109202,0.0867479,0.106122,0.093336,0.0968546
0.102612,0.103992,0.0983719,0.10432,0.0955193,0.10692,0.0908918,0.101458,0.0967014,0.0992144
0.100739,0.103777,0.0979106,0.103948,0.095633,0.105984,0.0928846,0.103066,0.0963072,0.0997512
0.101593,0.103984,0.0982033,0.104649,0.0932369,0.107951,0.0911514,0.104717,0.094104,0.10041
0.100963,0.103989,0.0989363,0.104892,0.0931718,0.10767,0.09165,0.1049,0.0935766,0.100251
0.101555,0.103243,0.0982234,0.100111,0.0969584,0.104857,0.0943878,0.102277,0.0969311,0.101456
0.101155,0.103325,0.0985731,0.101002,0.0963834,0.105283,0.0941057,0.10254,0.0964606,0.101172
0.100971,0.102549,0.0987032,0.101619,0.0958812,0.105478,0.0935651,0.103656,0.0960299,0.101547
0.100835,0.101744,0.0996319,0.101045,0.0961767,0.104226,0.0953181,0.102321,0.0972228,0.10148
0.101707,0.102921,0.0978589,0.0995811,0.0965693,0.105691,0.0930397,0.103404,0.0966689,0.102559
0.10201,0.103869,0.0973813,0.0994623,0.0957992,0.107277,0.0914785,0.103975,0.0958409,0.102907
0.101315,0.102458,0.0985765,0.100228,0.0972255,0.104124,0.0952405,0.10205,0.0973903,0.101392
0.100896,0.100302,0.101547,0.101879,0.097461,0.102782,0.0921377,0.101816,0.0981755,0.103004
0.101412,0.101425,0.098028,0.102244,0.098121,0.103568,0.0949499,0.100923,0.0987322,0.100596
0.101154,0.103173,0.0968139,0.101709,0.0976288,0.106141,0.0934812,0.101429,0.0977713,0.100699
0.100496,0.102782,0.096933,0.100333,0.0975211,0.105528,0.0946949,0.102359,0.0976711,0.101682
0.100895,0.10384,0.0962807,0.101277,0.0972525,0.107359,0.0927965,0.10193,0.097315,0.101055
0.101755,0.101734,0.0976447,0.103102,0.0979532,0.104601,0.0937252,0.100517,0.0985743,0.100392
0.102593,0.100846,0.0992975,0.104475,0.0988554,0.103696,0.0924121,0.0987076,0.0993243,0.0997929
0.103276,0.101019,0.0991251,0.106153,0.0983311,0.105283,0.0897044,0.0981687,0.099027,0.0999123
0.102653,0.0994051,0.102629,0.105011,0.0987229,0.103297,0.0888271,0.0986091,0.0990094,0.101837
0.10344,0.102604,0.0986245,0.100172,0.0949711,0.109609,0.0870399,0.103244,0.095957,0.104339
0.103135,0.101196,0.0988478,0.101334,0.0972747,0.107681,0.0886974,0.100905,0.0978121,0.103118
0.10285,0.0997831,0.100628,0.100866,0.0984088,0.106153,0.08899,0.0999393,0.098666,0.103716
0.102665,0.0989066,0.101071,0.100916,0.100064,0.104216,0.0908911,0.0989737,0.0994484,0.102848
0.10275,0.101586,0.0983068,0.10229,0.0979202,0.105603,0.0916826,0.100473,0.0981895,0.101198
0.102739,0.0995766,0.100494,0.101156,0.0971309,0.103733,0.0917361,0.101472,0.0986354,0.103327
0.105029,0.0963752,0.103594,0.100512,0.096656,0.104013,0.0876536,0.100418,0.0989525,0.106796
0.101012,0.099591,0.101631,0.100724,0.0984039,0.101866,0.093746,0.101306,0.0989425,0.102777
0.100265,0.0975821,0.102976,0.102223,0.0988096,0.100065,0.0944709,0.100812,0.0995212,0.103277
0.0991402,0.0992927,0.10201,0.102732,0.0975887,0.102853,0.0950389,0.101402,0.0977585,0.102184
0.101069,0.096619,0.105023,0.106645,0.0982012,0.100272,0.0916063,0.0989051,0.0990696,0.10259
0.100679,0.0943277,0.109832,0.106712,0.0987076,0.0993724,0.0876879,0.0990721,0.0983473,0.105262
0.102272,0.100144,0.104028,0.106558,0.0966676,0.103864,0.0892327,0.100076,0.0970015,0.100157
0.102912,0.101799,0.0997706,0.100961,0.093411,0.107798,0.0917745,0.10232,0.0968988,0.102356
0.105219,0.100367,0.100072,0.106392,0.0940894,0.10693,0.0884548,0.0996223,0.098389,0.100464
0.101159,0.103059,0.0972214,0.102936,0.0958662,0.106277,0.0940972,0.101947,0.0972443,0.100193
0.101754,0.102229,0.0969707,0.102219,0.0956096,0.105336,0.0946702,0.102772,0.0976098,0.10083
0.101574,0.10243,0.0966216,0.102293,0.0963231,0.104792,0.0951158,0.102585,0.097797,0.100469
0.100862,0.10126,0.0982814,0.100319,0.0975788,0.102968,0.0974256,0.101558,0.0987551,0.100992
0.103419,0.0970787,0.101081,0.100704,0.0970043,0.103431,0.0915576,0.101087,0.10016,0.104478
0.105782,0.0963382,0.102101,0.0996858,0.0942154,0.106821,0.0849653,0.102395,0.0988995,0.108797
0.105814,0.100994,0.100411,0.0996067,0.0949696,0.108218,0.0863639,0.101944,0.0961471,0.105533
0.107376,0.0998327,0.101533,0.0996278,0.0946936,0.110007,0.0821418,0.101409,0.0960902,0.107289
0.106565,0.0999974,0.103008,0.100115,0.0978924,0.107586,0.0837547,0.099273,0.0965124,0.105295
0.106347,0.0990149,0.0995922,0.103716,0.100935,0.105942,0.0853917,0.0976617,0.0994245,0.101976
0.102527,0.10039,0.0998322,0.1022,0.0975567,0.104203,0.0909459,0.10124,0.0987309,0.102375
0.102672,0.0994369,0.100431,0.103867,0.0978137,0.102931,0.0917023,0.100189,0.0995145,0.101442
0.101521,0.0986034,0.101928,0.103336,0.0991817,0.100721,0.0940939,0.0996619,0.099816,0.101138
0.101798,0.0977944,0.106932,0.103401,0.0977569,0.101729,0.0868553,0.1007,0.0979597,0.105074
0.100761,0.0964894,0.110648,0.110285,0.0985705,0.100099,0.0846181,0.100084,0.0963613,0.102083
0.0990236,0.099131,0.103678,0.108651,0.0981939,0.101949,0.0901441,0.101527,0.0964467,0.101256
0.10003,0.0960953,0.10739,0.11392,0.0987774,0.100459,0.0830018,0.100882,0.0959836,0.103461
0.10031,0.0964272,0.106453,0.114395,0.0987648,0.100678,0.0829577,0.100798,0.0960009,0.103216
0.101616,0.096608,0.106127,0.114188,0.0985452,0.101179,0.0829148,0.0995434,0.0967387,0.102539
0.101146,0.0944234,0.108325,0.115657,0.0986989,0.0995179,0.0812376,0.100101,0.0969635,0.103929
0.103946,0.0923261,0.108151,0.111774,0.0979195,0.099195,0.081669,0.0980901,0.100175,0.106754
0.102524,0.0923198,0.105903,0.109999,0.0959679,0.0993779,0.0878263,0.0985709,0.101233,0.106279
0.102186,0.0951256,0.105802,0.106622,0.0989514,0.0991601,0.089187,0.0982596,0.100447,0.104259
0.102624,0.0959801,0.101972,0.105707,0.0983161,0.100019,0.0932705,0.0981733,0.101367,0.102571
0.102262,0.097272,0.101804,0.1045,0.0985548,0.100149,0.094632,0.098594,0.100506,0.101726
0.10162,0.0946236,0.107573,0.100131,0.0991231,0.0986576,0.0927292,0.0990601,0.0998056,0.106677
0.101171,0.0950354,0.106878,0.0988471,0.100037,0.098514,0.0939209,0.099505,0.100694,0.105397
0.100888,0.0948078,0.106992,0.100447,0.0994045,0.0992601,0.093597,0.0992812,0.100287,0.105034
0.101167,0.0936578,0.108941,0.100645,0.0991491,0.0982771,0.0921165,0.0986617,0.100701,0.106684
0.100189,0.0975506,0.101574,0.10009,0.0991208,0.100472,0.0979685,0.100222,0.100337,0.102477
0.101201,0.095748,0.100665,0.100379,0.0962597,0.102508,0.0968014,0.101049,0.100339,0.10505
0.101541,0.0958611,0.106645,0.0999173,0.100464,0.0987584,0.0938544,0.0989035,0.100531,0.103525
0.100975,0.0955843,0.108348,0.101533,0.0995885,0.0992713,0.0908787,0.0996436,0.0992387,0.104939
0.100507,0.098033,0.104313,0.100908,0.0987237,0.100463,0.0934696,0.100612,0.0990837,0.103887
0.101637,0.0949428,0.108802,0.104754,0.0987952,0.0990816,0.0881592,0.0991668,0.0992579,0.105403
0.102331,0.0956592,0.107748,0.10532,0.0989574,0.0998533,0.0879286,0.098663,0.0993607,0.104179
0.101285,0.0994834,0.101963,0.10193,0.0988313,0.101329,0.0938254,0.100062,0.0992669,0.102025
0.100783,0.102582,0.0985156,0.0998865,0.0975719,0.103764,0.0955212,0.102138,0.0979052,0.101332
0.100038,0.101431,0.101071,0.0991947,0.0971626,0.10328,0.0944455,0.10266,0.09778,0.102938
0.100566,0.0976095,0.106181,0.101501,0.0983349,0.100953,0.0897558,0.10118,0.0983791,0.10554
0.101545,0.0999094,0.102439,0.103203,0.0985087,0.101652,0.092903,0.0998051,0.0988935,0.101142
0.100496,0.0996292,0.101694,0.101173,0.0989428,0.101034,0.0953589,0.100656,0.0992126,0.101803
0.100595,0.101513,0.0990288,0.0999915,0.0984667,0.102388,0.0970925,0.1014,0.0986471,0.100878
0.101855,0.100208,0.0997251,0.104447,0.0977643,0.102665,0.0945249,0.0997886,0.0991384,0.0998842
0.100755,0.099408,0.0993041,0.101907,0.0977726,0.102358,0.0967024,0.100663,0.0994847,0.101646
0.101055,0.0981148,0.101156,0.104973,0.0983693,0.100715,0.0955991,0.0993072,0.0999076,0.100804
0.100004,0.0965394,0.102708,0.108957,0.0972234,0.101062,0.0931457,0.09977,0.0988132,0.101777
0.101198,0.0970454,0.101962,0.109276,0.0977394,0.101003,0.0925185,0.0990749,0.0993309,0.100851
0.102972,0.0961851,0.10215,0.107516,0.0980419,0.101249,0.0911347,0.0984621,0.100753,0.101536
0.104296,0.0961037,0.103449,0.107064,0.0995721,0.0999736,0.0898601,0.0971874,0.101338,0.101157
0.105911,0.0973167,0.102914,0.109687,0.0994077,0.101002,0.0880235,0.0960044,0.101047,0.0986868
0.104754,0.0972105,0.101955,0.107508,0.0991557,0.101193,0.0897335,0.0972221,0.100984,0.100284
0.105991,0.0966016,0.103713,0.109847,0.0994077,0.100619,0.087275,0.0959184,0.101171,0.0994558
0.104693,0.10048,0.0994312,0.110049,0.0980834,0.103187,0.0898609,0.0979775,0.099347,0.0968912
0.102966,0.101039,0.0983562,0.107745,0.0987044,0.102367,0.0934295,0.0991689,0.0992276,0.096997
0.101855,0.102632,0.0971312,0.104096,0.0975819,0.104378,0.0941333,0.101188,0.0981569,0.0988468
0.10337,0.101837,0.0973906,0.104991,0.0992149,0.102643,0.0937223,0.0997175,0.099358,0.0977554
0.103136,0.101272,0.0998916,0.109381,0.096255,0.104482,0.0913454,0.099238,0.0979621,0.0970377
0.102115,0.100448,0.100399,0.105937,0.0965091,0.103909,0.0924686,0.10025,0.0979661,0.0999986
0.100921,0.101837,0.09693,0.106876,0.0963447,0.103281,0.094397,0.105091,0.0966468,0.0976767
0.101195,0.101005,0.0995036,0.100069,0.0973547,0.105406,0.093185,0.102009,0.0980474,0.102225
0.10204,0.102441,0.0945982,0.107094,0.0974841,0.102441,0.0950357,0.106002,0.0964722,0.096391
0.101326,0.100398,0.0997394,0.101036,0.0978196,0.103823,0.0942404,0.101531,0.0982857,0.1018
0.101356,0.10161,0.098854,0.100129,0.0971344,0.104026,0.0950108,0.102119,0.0975979,0.102162
0.101713,0.101206,0.0992641,0.0999592,0.0971376,0.103524,0.0961882,0.10145,0.0979651,0.101593
0.101298,0.0992402,0.0991358,0.101595,0.0987864,0.101393,0.097316,0.0999826,0.100126,0.101126
0.100833,0.0999765,0.0996826,0.100855,0.0969164,0.103183,0.0958459,0.101511,0.0985756,0.10262
0.101007,0.0976202,0.104248,0.103082,0.0987483,0.10057,0.0918036,0.100065,0.0993611,0.103495
0.10174,0.102481,0.0992685,0.101789,0.096877,0.10474,0.0933259,0.101893,0.097278,0.100608
0.102732,0.10285,0.0966522,0.103195,0.0965756,0.105797,0.0910405,0.102493,0.0972921,0.101373
0.101066,0.102769,0.0989425,0.104672,0.0954168,0.105577,0.0927252,0.103754,0.095388,0.0996903
0.101765,0.102581,0.0990885,0.101405,0.0965151,0.105554,0.0929491,0.102417,0.0966723,0.101054
0.100941,0.103569,0.0994665,0.112729,0.0915265,0.109776,0.0867357,0.105199,0.0931879,0.0968703
0.101715,0.10402,0.101385,0.114003,0.0901923,0.111232,0.0853765,0.103314,0.0926106,0.0961505
0.103963,0.101735,0.10107,0.115962,0.0917743,0.108872,0.0851151,0.0997189,0.0949276,0.0968615
0.103816,0.102249,0.102223,0.110902,0.0945802,0.106252,0.0858789,0.0997796,0.0962449,0.0980737
0.102495,0.103508,0.10004,0.110266,0.0952707,0.105953,0.0900173,0.100644,0.0959633,0.0958434
0.101156,0.102982,0.100468,0.105608,0.0952441,0.105945,0.0921297,0.101623,0.096258,0.0985875
0.103109,0.0982336,0.10562,0.107818,0.0976127,0.102153,0.087089,0.098631,0.0983033,0.10143
0.103548,0.0981996,0.103039,0.108411,0.0980357,0.10195,0.0884742,0.0984766,0.0991027,0.100764
0.103161,0.0962296,0.1065,0.106513,0.099142,0.10066,0.0873839,0.0982543,0.0993067,0.10285
0.104847,0.100243,0.0992036,0.108843,0.0974166,0.104566,0.0888625,0.0977472,0.0990704,0.0992013
0.103045,0.101012,0.0977933,0.10405,0.096558,0.106558,0.0912889,0.0995843,0.0991174,0.100993
0.103726,0.0983612,0.100736,0.105462,0.098284,0.102387,0.0920181,0.0984083,0.100183,0.100434
0.103505,0.0963558,0.104639,0.104453,0.0999783,0.0997011,0.0914315,0.0977107,0.100813,0.101412
0.1027,0.0995626,0.100293,0.107212,0.097626,0.102516,0.09334,0.098761,0.0993896,0.0985991
0.101288,0.0968151,0.10168,0.106615,0.0968084,0.101939,0.0932407,0.0996845,0.0996622,0.102267
0.0992812,0.0966948,0.106356,0.109471,0.0982366,0.100151,0.088837,0.100634,0.0972823,0.103056
0.0998803,0.0977157,0.102733,0.103591,0.0994986,0.0992969,0.0945906,0.100339,0.0997744,0.102581
0.101318,0.0992757,0.100631,0.102193,0.100002,0.0998996,0.0963992,0.0997266,0.0998911,0.100663
0.102665,0.101114,0.0985107,0.104314,0.0994783,0.101671,0.0945531,0.100593,0.0977267,0.0993751
