0,1,2,3,4,5,6,7,8,9
1,1,1,1,1,1,1,1,1,1
0.997176,1.00796,1.00638,1.00595,1.00527,0.9865,1.01454,1.00235,0.987365,1.02619
1.00457,1.01778,1.01892,1.0193,1.00326,0.988782,1.01016,1.01133,0.982986,1.03678
0.99905,1.02091,1.00871,1.02463,1.01291,0.984708,1.01499,1.01505,0.980374,1.0254
1.00963,1.00659,1.01387,1.01232,0.986552,0.9933,1.01728,1.00987,0.985384,1.01851
1.00817,1.01291,1.02202,1.00417,0.979444,0.982924,1.03412,1.01496,0.979026,1.01215
1.00727,1.01975,1.03042,0.998014,0.982056,0.989879,1.03228,1.00677,0.974341,1.0166
1.01581,1.01661,1.03505,1.00677,0.979355,1.00077,1.02191,1.02161,0.987378,1.03076
1.00172,1.01066,1.03461,1.00236,1.00652,0.998636,1.01814,1.02102,0.9915,1.01802
0.989991,1.00133,1.03881,0.989664,1.01849,0.996109,1.02195,1.03085,0.988207,1.01246
0.99051,0.999074,1.03811,1.00236,1.02085,1.00094,1.01659,1.01424,0.980672,1.00641
0.988264,0.998814,1.03363,0.995148,1.03278,1.01065,1.00579,1.02094,0.973438,1.00705
0.981494,0.985819,1.03139,1.00285,1.04803,1.01123,1.00932,1.01509,0.963207,1.01813
0.991346,0.979588,1.04723,1.00366,1.03662,1.00373,1.02173,1.0121,0.97081,1.01633
0.979824,0.974913,1.04667,1.0082,1.06287,1.00167,1.01938,1.02641,0.981958,1.01368
0.978942,0.986477,1.03901,1.01458,1.04979,1.00181,1.01063,1.016,0.983965,1.0322
0.974796,0.982467,1.03328,1.01854,1.0504,0.971762,1.01215,1.01918,0.999383,1.02795
0.975096,0.979356,1.03703,1.02345,1.06176,0.979265,1.01647,1.01897,1.01188,1.01486
0.975269,0.977579,1.05114,1.01517,1.04763,0.983365,1.01593,1.03138,1.0166,1.01846
0.985225,0.972478,1.04175,1.01524,1.03663,0.990271,1.01679,1.04065,1.02362,1.011
0.990597,0.985176,1.05203,1.01999,1.06024,0.985764,1.0141,1.04103,1.02808,1.0152
0.996324,0.990434,1.05523,1.03533,1.04496,1.00194,1.01613,1.01901,1.01682,1.0138
1.00683,0.973492,1.05189,1.03242,1.05316,0.982528,1.01144,1.02133,1.01952,0.997988
1.02514,0.978336,1.02636,1.01506,1.05669,0.989304,1.00462,1.03707,1.02656,0.989757
1.02362,0.995018,1.03015,1.02605,1.05922,0.968243,0.995294,1.05126,1.03633,1.00961
1.00781,0.987048,1.02749,1.02578,1.06739,0.966306,1.00014,1.06169,1.03973,1.01234
1.01217,0.970402,1.03439,1.0398,1.07228,0.955634,1.01106,1.0825,1.04076,1.00257
1.00527,0.972918,1.04038,1.03871,1.08464,0.962544,1.01056,1.09372,1.05102,1.0245
1.01216,0.963127,1.03832,1.05756,1.0838,0.961597,0.999316,1.07583,1.06388,1.0278
1.00536,0.966941,1.03557,1.05424,1.10071,0.963004,0.996561,1.06761,1.07164,1.01704
0.999698,0.979673,1.03689,1.0672,1.10723,0.964761,1.00456,1.07491,1.07,1.02107
1.01077,0.958628,1.05003,1.06768,1.1265,0.986014,1.01136,1.0701,1.08029,1.01864
1.00627,0.950418,1.05361,1.07599,1.10264,0.99125,1.00845,1.0549,1.09903,1.02958
0.999367,0.966051,1.06163,1.06232,1.10017,0.988923,1.02506,1.05241,1.09661,1.03389
0.99279,0.944774,1.07152,1.0603,1.0835,0.99452,1.0292,1.04981,1.10609,1.03294
1.00469,0.945232,1.07943,1.06447,1.09984,0.984353,1.03459,1.04199,1.08027,1.03517
1.01153,0.929121,1.06798,1.07229,1.09143,0.992681,1.04473,1.03008,1.06735,1.02201
1.00844,0.928555,1.08424,1.07246,1.08261,0.985515,1.03977,1.02882,1.09382,1.0046
1.03291,0.943983,1.09795,1.09561,1.07491,0.983468,1.04332,1.02388,1.08629,1.0045
1.03111,0.929057,1.11196,1.08776,1.05849,0.981143,1.04062,1.02808,1.07666,1.00959
1.01146,0.929001,1.11276,1.10179,1.0731,0.990587,1.05778,1.01348,1.07293,1.00476
1.01871,0.92104,1.11233,1.10438,1.09071,0.986176,1.05722,1.02143,1.07498,0.994781
1.01228,0.918275,1.12595,1.10772,1.06961,0.997537,1.06105,1.01235,1.06966,0.996157
1.01967,0.916359,1.11676,1.0993,1.06167,1.01118,1.06775,1.02549,1.0693,1.0009
1.02224,0.908299,1.11938,1.08823,1.06706,1.01912,1.06194,1.033,1.07287,1.01822
1.01715,0.919161,1.09894,1.0903,1.06003,1.02042,1.05943,1.03022,1.05742,1.02573
0.99391,0.899556,1.10195,1.10922,1.0551,1.02065,1.06015,1.0335,1.06543,1.02319
0.997324,0.892235,1.10303,1.1149,1.06585,1.01629,1.07435,1.04037,1.0627,1.04368
0.98934,0.890054,1.07788,1.10252,1.0528,1.0282,1.06554,1.04551,1.04457,1.04323
0.98311,0.886618,1.0699,1.08768,1.063,1.01166,1.04952,1.04439,1.05896,1.0504
0.969301,0.887083,1.05286,1.08684,1.06036,1.00523,1.0653,1.05475,1.05724,1.07132
0.969936,0.885416,1.05522,1.10116,1.05296,1.01591,1.05557,1.06069,1.06547,1.06871
0.971273,0.880425,1.05511,1.11011,1.05425,1.02188,1.05474,1.06876,1.05912,1.06621
0.972585,0.877139,1.04706,1.09434,1.07229,1.04418,1.06047,1.08073,1.07552,1.07826
0.989333,0.893724,1.05583,1.09847,1.07201,1.04391,1.06644,1.0564,1.08326,1.07307
0.985285,0.890176,1.07069,1.08724,1.05617,1.04343,1.06751,1.05079,1.07855,1.06014
1.00417,0.911856,1.06535,1.07919,1.05225,1.03265,1.07856,1.05388,1.05933,1.04855
1.01472,0.908715,1.0688,1.06166,1.0558,1.02607,1.07897,1.05103,1.06472,1.04864
1.0061,0.910801,1.07078,1.0654,1.06284,1.02967,1.06281,1.03472,1.06618,1.05255
0.993079,0.894817,1.07172,1.05388,1.07083,1.03293,1.0778,0.997161,1.0631,1.0555
0.985201,0.907651,1.0771,1.05664,1.07102,1.01578,1.07873,1.00809,1.07099,1.0619
0.968133,0.911059,1.08212,1.07245,1.07742,1.01668,1.08515,1.02701,1.07666,1.03786
0.984661,0.918603,1.05865,1.08262,1.09595,1.02477,1.0968,1.02782,1.07097,1.0237
0.983676,0.914152,1.04168,1.07014,1.09504,1.01492,1.10471,1.03659,1.0742,1.02113
0.98244,0.910837,1.04196,1.06447,1.08229,1.01419,1.10857,1.0142,1.09047,1.00917
0.986634,0.905479,1.03086,1.06856,1.09125,1.01776,1.11454,1.02143,1.10168,0.998561
0.982037,0.905404,1.02274,1.08211,1.09674,1.02023,1.11725,1.03993,1.10498,1.01202
0.994568,0.927719,1.02365,1.08084,1.10754,1.01557,1.12082,1.03881,1.09196,0.999217
0.987376,0.916409,1.02609,1.07945,1.11765,1.00163,1.11795,1.04158,1.0915,0.989356
0.987278,0.914767,1.02293,1.08496,1.11185,1.00113,1.11933,1.03685,1.07732,0.988697
0.995155,0.908881,1.02275,1.08897,1.10202,0.98029,1.11593,1.03602,1.07947,0.98571
0.987057,0.910987,1.01551,1.09717,1.10669,0.978494,1.11877,1.02603,1.09131,0.980754
0.981693,0.908961,1.00557,1.10045,1.10776,0.988643,1.1152,1.03154,1.09529,0.975158
1.00137,0.908375,1.00235,1.11246,1.10194,0.99893,1.11475,1.0304,1.093,0.989614
1.00563,0.895216,0.995892,1.12622,1.09458,1.00901,1.1032,1.03,1.11295,0.990815
1.02204,0.884453,1.00537,1.14145,1.08521,1.01229,1.12136,1.01667,1.11676,0.994457
1.00578,0.884092,1.01507,1.14278,1.07645,1.00533,1.13169,1.00125,1.09906,0.975238
0.983205,0.883195,1.02211,1.16433,1.08092,1.01216,1.12424,1.00164,1.08855,0.987638
0.968376,0.88169,1.0209,1.17104,1.09312,1.00532,1.13893,1.00238,1.09285,0.993731
0.976356,0.871434,1.02815,1.20462,1.0968,0.999739,1.15734,0.997765,1.10416,1.00318
0.991666,0.884512,1.04605,1.21394,1.08925,1.0092,1.16321,1.00115,1.10604,1.00015
0.991202,0.882793,1.05027,1.23767,1.09798,1.01867,1.16041,1.00444,1.09935,1.01885
0.998177,0.881911,1.05019,1.22017,1.11283,1.01982,1.16131,1.01151,1.09926,1.03528
1.00634,0.886053,1.04331,1.21721,1.12913,1.00617,1.17257,1.02267,1.08533,1.06309
1.02358,0.883155,1.03332,1.20935,1.13351,1.00278,1.17939,1.00496,1.07582,1.05817
1.01966,0.871154,1.02415,1.21317,1.12009,1.00641,1.1797,0.99599,1.07562,1.06622
1.015,0.87577,1.02108,1.20809,1.12735,1.00133,1.18762,0.989788,1.09304,1.0872
1.00925,0.882619,1.01741,1.19865,1.1107,1.00284,1.20062,0.990896,1.12697,1.10239
1.00137,0.874468,1.02599,1.1908,1.11241,1.01112,1.22402,0.990947,1.11779,1.09266
0.992065,0.864968,1.02168,1.20652,1.10312,0.997529,1.22023,0.981363,1.1046,1.10126
0.984212,0.859624,1.01174,1.2039,1.11243,0.988207,1.20817,0.972076,1.09762,1.10992
0.990717,0.847818,1.01688,1.20411,1.12181,0.968119,1.19366,0.971638,1.1005,1.10307
0.985481,0.842746,1.02168,1.22497,1.11574,0.967185,1.17451,0.974559,1.09623,1.11425
0.987647,0.838742,1.01865,1.22273,1.10556,0.956195,1.18257,0.992498,1.08309,1.09914
0.990157,0.839663,1.01495,1.1931,1.12221,0.945469,1.15485,0.984702,1.07974,1.11163
0.962419,0.836525,1.01707,1.19727,1.13967,0.94062,1.14771,0.992898,1.07276,1.1269
0.960818,0.846062,1.01016,1.18902,1.15677,0.947539,1.13168,1.01367,1.07104,1.12746
0.954749,0.851896,0.996602,1.18871,1.16708,0.948629,1.11409,1.00333,1.09061,1.11578
0.960614,0.846331,0.998926,1.1862,1.15514,0.946698,1.13448,0.993813,1.08419,1.11894
0.939146,0.854063,0.995572,1.18839,1.14785,0.94589,1.11587,1.00555,1.09223,1.1549
0.941359,0.846313,0.991644,1.18081,1.15173,0.94926,1.09984,1.02684,1.10339,1.15271
0.939701,0.850446,1.01039,1.20091,1.16818,0.958861,1.10819,1.02837,1.11757,1.14653
0.953535,0.855315,1.02041,1.18447,1.15241,0.954581,1.13528,1.01532,1.11028,1.15518
0.948116,0.859193,1.01878,1.20387,1.14488,0.944351,1.1209,1.01415,1.10316,1.1388
0.952002,0.856115,1.01549,1.19146,1.13341,0.95424,1.12204,1.01031,1.107,1.13332
0.949765,0.852726,1.01268,1.17756,1.13789,0.9658,1.10894,0.991607,1.08519,1.12534
0.945789,0.853445,1.01538,1.1704,1.14967,0.952946,1.12083,0.985037,1.07203,1.12859
0.942738,0.858731,1.02292,1.18088,1.14888,0.967893,1.0978,1.00191,1.07031,1.12607
0.929788,0.861323,1.02625,1.17864,1.15526,0.94986,1.10111,1.00715,1.0602,1.12728
0.927593,0.878585,1.04008,1.17166,1.14363,0.943654,1.10362,1.00055,1.07577,1.1375
0.922545,0.87873,1.06146,1.16074,1.14687,0.942885,1.12022,0.99163,1.07808,1.14298
0.914613,0.894409,1.0609,1.16336,1.15514,0.94889,1.12874,1.0026,1.08311,1.14334
0.915676,0.900583,1.06344,1.18595,1.16009,0.956899,1.12115,0.992551,1.08237,1.135
0.933435,0.904801,1.06803,1.17054,1.1836,0.962658,1.11654,0.981079,1.07348,1.15697
0.925413,0.905904,1.05675,1.15504,1.1942,0.965149,1.10146,0.982095,1.08199,1.14014
0.921458,0.91319,1.0297,1.16505,1.18918,0.981073,1.10605,0.982823,1.08768,1.15053
0.916482,0.924044,1.0291,1.19737,1.18361,0.980696,1.11413,0.978488,1.09593,1.15456
0.914462,0.925931,1.03616,1.20786,1.18045,0.980494,1.11926,0.993093,1.10901,1.13863
0.912393,0.920187,1.03304,1.22919,1.15918,0.986033,1.12236,0.989173,1.11172,1.12668
0.887716,0.914841,1.02976,1.2175,1.14611,0.97859,1.13773,1.00338,1.07767,1.12498
0.888794,0.911176,1.026,1.23014,1.14702,0.970636,1.13773,1.01736,1.09306,1.13715
0.903908,0.911597,1.00332,1.20653,1.15212,0.971208,1.14415,1.03096,1.08556,1.14279
0.898458,0.917291,0.995607,1.19255,1.15294,0.956101,1.14656,1.03436,1.07534,1.15706
0.884931,0.918566,1.00012,1.20653,1.13864,0.954536,1.15148,1.04575,1.05806,1.17008
0.884943,0.901979,1.00219,1.21639,1.14357,0.954198,1.1339,1.04987,1.0683,1.18475
0.886277,0.888678,0.995379,1.2163,1.15072,0.945061,1.13507,1.06867,1.07699,1.19405
0.906531,0.883589,0.986933,1.20784,1.1422,0.935338,1.12996,1.06544,1.06734,1.20475
0.909812,0.865301,0.990521,1.21439,1.12429,0.937405,1.10489,1.0714,1.06076,1.20268
0.920405,0.865225,0.990905,1.18911,1.13815,0.928701,1.12002,1.08208,1.06003,1.20555
0.907099,0.869919,1.00873,1.19545,1.11721,0.938348,1.12303,1.06932,1.06784,1.20541
0.918212,0.891269,1.01875,1.19165,1.10829,0.942624,1.11186,1.07596,1.05632,1.21044
0.919928,0.902617,1.02551,1.18973,1.10455,0.934019,1.10797,1.07567,1.04295,1.20298
0.924348,0.914721,1.04009,1.18245,1.09906,0.947963,1.09057,1.08262,1.04157,1.18737
0.928958,0.931215,1.04323,1.206,1.10055,0.942997,1.07878,1.0878,1.0562,1.17313
0.919812,0.932144,1.05216,1.19723,1.09851,0.948926,1.09162,1.08709,1.04951,1.16175
0.929821,0.92236,1.06687,1.21072,1.09462,0.951007,1.0931,1.07508,1.0388,1.1708
0.940944,0.932461,1.06024,1.20732,1.0908,0.95319,1.07412,1.08156,1.03246,1.16438
0.947501,0.935362,1.04614,1.21223,1.08827,0.963816,1.08141,1.07841,1.0362,1.17772
0.941378,0.943376,1.01688,1.21241,1.11235,0.964188,1.09193,1.06467,1.03146,1.18433
0.936356,0.943035,1.01673,1.21365,1.12105,0.971113,1.09722,1.05972,1.02009,1.19284
0.943857,0.942516,1.0103,1.21114,1.10887,0.950733,1.11517,1.05427,1.01546,1.19558
0.940312,0.924026,1.02094,1.18735,1.11092,0.933906,1.12752,1.06746,1.01593,1.20267
0.95761,0.919372,1.01049,1.19843,1.13991,0.947151,1.12344,1.06776,1.01833,1.20982
0.964108,0.916743,1.0109,1.19511,1.12772,0.930357,1.11993,1.09583,1.02751,1.21794
0.947718,0.935843,1.0124,1.21652,1.13829,0.916255,1.12735,1.10286,1.05523,1.22743
0.959989,0.934036,1.01222,1.20212,1.1373,0.909395,1.13858,1.09287,1.0524,1.2382
0.955528,0.936581,1.01141,1.198,1.13365,0.909429,1.14408,1.11376,1.05032,1.2459
0.947851,0.944284,1.01037,1.21545,1.142,0.910767,1.13592,1.11437,1.05358,1.26259
0.960373,0.936243,1.03656,1.22138,1.13236,0.91222,1.1279,1.13851,1.04997,1.26799
0.942742,0.940712,1.03738,1.21708,1.12066,0.923006,1.13651,1.15343,1.05859,1.25552
0.939056,0.94393,1.04208,1.19524,1.11263,0.917479,1.14546,1.17278,1.07256,1.26917
0.926891,0.94032,1.05899,1.19095,1.11535,0.915324,1.1559,1.16625,1.05204,1.25695
0.92272,0.93876,1.05477,1.18712,1.13823,0.919572,1.15838,1.16533,1.07897,1.24555
0.912707,0.928931,1.04945,1.20135,1.12573,0.935128,1.1384,1.16469,1.08732,1.25481
0.914875,0.935014,1.05643,1.19593,1.128,0.928894,1.14061,1.1549,1.07608,1.2567
0.926544,0.940928,1.0691,1.22121,1.13726,0.927653,1.1456,1.17898,1.06028,1.26356
0.933559,0.93634,1.07339,1.22706,1.13553,0.913097,1.16256,1.17015,1.06309,1.23515
0.935625,0.947649,1.07493,1.22759,1.13723,0.903005,1.14451,1.17411,1.06709,1.24699
0.934402,0.950056,1.07494,1.25397,1.14034,0.90177,1.14847,1.17194,1.06039,1.24946
0.930069,0.934301,1.048,1.26039,1.15781,0.909911,1.15852,1.1646,1.0632,1.24431
0.936093,0.936817,1.0459,1.25186,1.16339,0.914977,1.15988,1.15672,1.05613,1.23378
0.934606,0.927263,1.04852,1.26055,1.151,0.910375,1.17696,1.16116,1.05822,1.22884
0.933336,0.923201,1.04012,1.25617,1.13967,0.905925,1.18376,1.17565,1.04854,1.22401
0.955399,0.919632,1.02259,1.25626,1.14294,0.900252,1.17799,1.17828,1.03399,1.21951
0.962462,0.918547,1.0161,1.27498,1.1274,0.90748,1.20217,1.17991,1.05002,1.22809
0.941096,0.917492,1.01258,1.28114,1.10801,0.89739,1.18672,1.17498,1.04689,1.22731
0.943555,0.923367,1.02316,1.29084,1.11497,0.904871,1.19928,1.17067,1.03752,1.22786
0.941781,0.937257,1.02026,1.28931,1.12627,0.909217,1.19001,1.17342,1.02693,1.24934
0.968883,0.917328,1.00371,1.30022,1.11018,0.916778,1.19448,1.17726,1.0094,1.24372
0.961641,0.911538,0.992631,1.31053,1.10863,0.943505,1.21325,1.17104,1.00415,1.24031
0.972004,0.91656,0.991351,1.32768,1.08434,0.941403,1.21878,1.18617,1.00527,1.25117
0.963858,0.90503,1.00586,1.31061,1.08737,0.941201,1.23871,1.15926,1.00425,1.22379
0.955414,0.892563,1.02465,1.31035,1.07296,0.947703,1.26006,1.18619,1.0168,1.2126
0.971673,0.861707,1.04322,1.3081,1.07815,0.943911,1.26415,1.16853,1.0177,1.20457
0.954668,0.856304,1.05406,1.30283,1.10048,0.957953,1.26254,1.15052,1.00985,1.20643
0.950876,0.857422,1.06244,1.30048,1.11459,0.946845,1.2664,1.17085,1.01525,1.21852
0.950851,0.868085,1.05366,1.26778,1.11165,0.929536,1.26034,1.17784,0.999626,1.21665
0.95683,0.872668,1.0593,1.25445,1.10853,0.932885,1.25759,1.15496,0.985842,1.23979
0.936916,0.85594,1.0753,1.23419,1.09467,0.925612,1.26055,1.16798,0.990311,1.25374
0.935358,0.84849,1.07376,1.24347,1.07342,0.91307,1.27398,1.1898,0.989642,1.2453
0.941359,0.848225,1.08906,1.24841,1.06241,0.902725,1.25356,1.19724,0.978456,1.25835
0.953571,0.850036,1.08897,1.26264,1.06011,0.906395,1.24723,1.21522,0.999242,1.24459
0.947891,0.834882,1.08648,1.29562,1.05982,0.904592,1.23197,1.23634,0.984114,1.23345
0.943539,0.828691,1.09464,1.30145,1.07544,0.902595,1.21784,1.24895,0.984227,1.22757
0.942387,0.83533,1.0948,1.3078,1.07807,0.897103,1.23403,1.25621,0.968546,1.21736
0.928433,0.835856,1.10176,1.30381,1.05516,0.888608,1.25613,1.27129,0.958552,1.22241
0.925281,0.833623,1.09344,1.29604,1.07223,0.914521,1.25501,1.29113,0.960524,1.2342
0.934136,0.833297,1.09377,1.29796,1.0826,0.899431,1.24848,1.28164,0.957237,1.24254
0.942811,0.829498,1.08762,1.3188,1.08992,0.90436,1.25577,1.32165,0.954127,1.24568
0.944045,0.832189,1.08163,1.32394,1.11358,0.902204,1.27235,1.29931,0.976466,1.25112
0.942776,0.843626,1.07792,1.30282,1.11253,0.892402,1.27303,1.28975,0.956646,1.27085
0.934951,0.840175,1.09846,1.32166,1.11492,0.884964,1.26704,1.29074,0.954243,1.25506
0.920637,0.84615,1.10137,1.32509,1.10261,0.884714,1.27937,1.30915,0.935717,1.26505
0.945425,0.841326,1.10844,1.31026,1.11255,0.886616,1.29414,1.30836,0.94332,1.24739
0.965965,0.845526,1.08148,1.32112,1.13187,0.886513,1.30438,1.32585,0.950314,1.25856
0.959518,0.839634,1.10301,1.31868,1.13,0.892058,1.29648,1.34098,0.954159,1.24929
0.964593,0.812998,1.10669,1.30997,1.12928,0.89982,1.28108,1.33305,0.949971,1.24126
0.960651,0.815124,1.1134,1.2922,1.10228,0.885251,1.28248,1.36201,0.966916,1.24538
0.961884,0.819958,1.11977,1.26873,1.10471,0.887485,1.29769,1.36748,0.96762,1.24474
0.968042,0.826743,1.12453,1.25959,1.11527,0.897654,1.30848,1.35449,0.969276,1.25979
0.973739,0.821196,1.10067,1.26183,1.1032,0.896299,1.30996,1.35228,0.971043,1.235
0.987722,0.826325,1.10506,1.24328,1.10183,0.889842,1.31494,1.35613,0.973963,1.23582
0.974433,0.827179,1.11514,1.23717,1.1134,0.873441,1.31089,1.34357,0.977791,1.22842
0.96988,0.820566,1.11059,1.23315,1.1267,0.872062,1.29261,1.34476,0.988816,1.24815
0.978836,0.82617,1.11295,1.24054,1.12437,0.868228,1.27567,1.33665,1.01209,1.23986
0.974684,0.845801,1.11488,1.23101,1.11682,0.856538,1.24631,1.33512,0.998459,1.23928
0.974504,0.840949,1.11836,1.21518,1.1227,0.860474,1.24137,1.33939,1.00024,1.24089
0.96824,0.828174,1.14093,1.22061,1.14023,0.860937,1.23187,1.34012,0.994266,1.23257
0.954905,0.819427,1.1273,1.21436,1.12858,0.871518,1.24612,1.34569,1.00545,1.25478
0.955475,0.803542,1.11924,1.21113,1.1167,0.88846,1.26135,1.34012,1.00762,1.27687
0.985386,0.819215,1.12133,1.20626,1.12102,0.881528,1.2634,1.33573,0.996961,1.29091
0.981931,0.829636,1.12098,1.20558,1.11702,0.879508,1.25371,1.31946,0.994374,1.27947
0.965141,0.832559,1.11825,1.19692,1.11593,0.871061,1.2518,1.29893,0.980891,1.29788
0.951676,0.854524,1.10945,1.19478,1.1248,0.8782,1.2477,1.27229,0.983981,1.30247
0.956543,0.865855,1.11088,1.20038,1.10838,0.881079,1.26009,1.27731,0.977768,1.30097
0.956798,0.866997,1.12018,1.20665,1.11594,0.885037,1.25799,1.28362,0.989579,1.29861
0.964479,0.862309,1.12173,1.22754,1.11385,0.878855,1.26092,1.29885,0.983,1.29199
0.972046,0.853467,1.13133,1.24418,1.12122,0.882219,1.23296,1.29557,0.982153,1.29945
0.959197,0.863625,1.13943,1.24096,1.12255,0.871222,1.22731,1.27579,0.967816,1.28586
0.95821,0.862146,1.12363,1.25722,1.11544,0.86762,1.2163,1.28497,0.963973,1.28903
0.944503,0.854299,1.12757,1.25669,1.11351,0.871497,1.23778,1.28563,0.972619,1.27743
0.939075,0.84174,1.12787,1.26829,1.10732,0.865771,1.24515,1.26015,0.97053,1.29537
0.951036,0.837454,1.11497,1.26743,1.1188,0.883213,1.24742,1.24582,0.96367,1.30975
0.9547,0.829736,1.1217,1.26205,1.11452,0.873556,1.22695,1.23301,0.959943,1.31366
0.944899,0.819353,1.13379,1.24671,1.12263,0.868916,1.24444,1.23857,0.944693,1.311
0.93921,0.817275,1.11294,1.24093,1.12253,0.873729,1.23593,1.24847,0.941723,1.2982
0.932914,0.809206,1.1003,1.22232,1.12598,0.856334,1.23366,1.25407,0.947151,1.30488
0.919185,0.795558,1.10534,1.22887,1.12784,0.855533,1.23968,1.2676,0.944183,1.28191
0.921145,0.800563,1.10723,1.24342,1.12338,0.845308,1.24674,1.28245,0.941817,1.27353
0.922099,0.804039,1.1024,1.23274,1.11388,0.840119,1.23402,1.29421,0.939909,1.28423
0.924615,0.813669,1.10795,1.22707,1.12595,0.840097,1.25769,1.31313,0.945474,1.26982
0.928504,0.813847,1.1045,1.21504,1.12592,0.836142,1.25382,1.31101,0.947539,1.28003
0.924419,0.813307,1.08778,1.21768,1.14352,0.821608,1.249,1.30754,0.935116,1.28364
0.925404,0.793895,1.08029,1.21384,1.14881,0.817542,1.25081,1.30672,0.932876,1.29444
0.922223,0.786068,1.07368,1.20443,1.14476,0.823142,1.27756,1.31787,0.930824,1.28868
0.912361,0.774352,1.08536,1.20435,1.15842,0.820978,1.2696,1.32897,0.934367,1.29548
0.919297,0.77352,1.08013,1.2121,1.1459,0.824234,1.2741,1.30662,0.915296,1.29701
0.933496,0.779058,1.10198,1.20845,1.13078,0.835417,1.26664,1.2951,0.921123,1.29861
0.954866,0.786392,1.09958,1.20169,1.12449,0.835625,1.28004,1.31481,0.931662,1.27092
0.954017,0.78338,1.10319,1.1992,1.11604,0.831438,1.30503,1.3075,0.926378,1.28351
0.946808,0.783512,1.09968,1.18645,1.11919,0.830794,1.28413,1.33422,0.933729,1.27037
0.96792,0.77079,1.09348,1.17407,1.11324,0.823741,1.28758,1.34006,0.950276,1.26923
0.957135,0.775125,1.09193,1.1861,1.11771,0.83108,1.28021,1.31421,0.953096,1.2404
0.95703,0.786452,1.08072,1.18497,1.11894,0.82435,1.29367,1.30249,0.949392,1.24818
0.958011,0.792386,1.0836,1.1796,1.12857,0.825725,1.30024,1.26478,0.95356,1.2648
0.936941,0.778185,1.11101,1.18456,1.13146,0.83149,1.31573,1.2623,0.960988,1.28077
0.939087,0.767001,1.10873,1.18158,1.13218,0.827463,1.31023,1.27774,0.970198,1.27571
0.930314,0.771483,1.12138,1.1998,1.12991,0.813688,1.31757,1.27549,0.981583,1.27481
0.924192,0.766411,1.13243,1.17397,1.1405,0.81452,1.33639,1.27456,0.988395,1.29612
0.92067,0.759212,1.12747,1.17544,1.12873,0.818775,1.3415,1.2682,0.993875,1.29033
0.93177,0.763329,1.12709,1.16858,1.13501,0.816234,1.31969,1.28291,0.99325,1.29208
0.92063,0.762632,1.10602,1.18428,1.11276,0.823693,1.31023,1.29698,0.991971,1.27843
0.925988,0.769434,1.1009,1.16995,1.11789,0.821872,1.3133,1.29788,0.987144,1.27442
0.928391,0.768064,1.10665,1.17264,1.11177,0.813159,1.31026,1.29978,0.983406,1.26342
0.92563,0.780974,1.11902,1.17277,1.12021,0.828502,1.35269,1.2997,0.996738,1.2733
0.912383,0.774959,1.11025,1.19948,1.12021,0.819654,1.34911,1.31478,1.00347,1.26339
0.924862,0.789184,1.09993,1.19619,1.11033,0.809591,1.34307,1.32355,0.996235,1.2767
0.928503,0.784178,1.08356,1.19793,1.0876,0.813925,1.33615,1.33307,1.01008,1.27591
0.92874,0.777758,1.08012,1.187,1.08896,0.794264,1.33132,1.30858,1.0148,1.29386
0.915397,0.782092,1.08394,1.18611,1.08801,0.805984,1.32445,1.31857,1.0237,1.30106
0.915863,0.792653,1.10095,1.2007,1.07478,0.801863,1.31508,1.32109,1.01116,1.31274
0.912673,0.789425,1.10838,1.20451,1.06142,0.812501,1.3022,1.3336,1.02136,1.34716
0.904443,0.791421,1.11023,1.19308,1.07365,0.804774,1.30013,1.36051,1.0228,1.36062
0.905516,0.778136,1.09167,1.18003,1.06369,0.811738,1.3015,1.33942,1.03682,1.36695
0.888785,0.787145,1.07772,1.16448,1.07993,0.824257,1.29159,1.34736,1.05152,1.38783
0.893053,0.784066,1.06621,1.14695,1.07403,0.819767,1.30651,1.33868,1.05706,1.36749
0.899016,0.777054,1.05996,1.17011,1.08441,0.824774,1.28947,1.32832,1.06751,1.37212
0.888868,0.788114,1.06568,1.16604,1.08145,0.827135,1.29797,1.32512,1.05778,1.37385
0.892171,0.789828,1.05342,1.16958,1.07922,0.827513,1.31861,1.33263,1.06426,1.36827
0.894299,0.797403,1.04433,1.18625,1.08385,0.844635,1.33654,1.34416,1.05975,1.37102
0.894284,0.805045,1.05699,1.1947,1.0674,0.829993,1.37238,1.32047,1.07577,1.36047
0.886094,0.81238,1.06103,1.19615,1.05761,0.830135,1.38484,1.33075,1.0709,1.35052
0.898151,0.817538,1.06322,1.17786,1.05021,0.827135,1.40426,1.3391,1.0961,1.35331
0.913901,0.817311,1.04906,1.165,1.03966,0.822147,1.4079,1.32613,1.10525,1.35612
0.916656,0.789829,1.05704,1.15247,1.04127,0.821121,1.39912,1.33175,1.10069,1.35201
0.908281,0.798073,1.03772,1.153,1.04675,0.829243,1.40904,1.32559,1.10124,1.35303
0.901882,0.799664,1.03534,1.16199,1.05493,0.839499,1.38392,1.33972,1.1038,1.38121
0.894853,0.789116,1.04948,1.16576,1.05719,0.824653,1.38098,1.35219,1.09718,1.384
0.900119,0.788575,1.03662,1.16506,1.04114,0.81719,1.36109,1.35021,1.08576,1.39504
0.904726,0.777065,1.02578,1.15475,1.04374,0.82151,1.37965,1.31635,1.09299,1.4133
0.915668,0.779063,1.02988,1.14506,1.04667,0.819829,1.39356,1.31527,1.10544,1.41221
0.905871,0.763578,1.02654,1.12733,1.03207,0.823553,1.41037,1.34147,1.11042,1.41116
0.902437,0.760315,1.04359,1.11908,1.04499,0.83322,1.41581,1.37305,1.11444,1.39626
0.90314,0.759567,1.03449,1.12409,1.049,0.832284,1.42633,1.38167,1.1168,1.42067
0.906816,0.77003,1.03616,1.12028,1.05543,0.840417,1.4231,1.39086,1.1073,1.42776
0.906997,0.775848,1.04741,1.12962,1.02874,0.839703,1.42186,1.39019,1.11771,1.43762
0.914386,0.793324,1.04752,1.10732,1.03163,0.847548,1.42273,1.39127,1.12487,1.44897
0.910311,0.797049,1.05567,1.09859,1.03856,0.852525,1.44265,1.39198,1.14401,1.44077
0.918025,0.788238,1.05744,1.09181,1.03273,0.859254,1.44184,1.38848,1.1464,1.45003
0.910919,0.785004,1.06779,1.0871,1.01775,0.863681,1.45172,1.37834,1.13044,1.45788
0.901275,0.79791,1.06253,1.08192,1.01839,0.860081,1.44392,1.39574,1.13113,1.45151
0.898095,0.797665,1.07875,1.09829,1.02127,0.862673,1.4284,1.38855,1.14134,1.46806
0.893412,0.793672,1.06463,1.10761,1.00599,0.879202,1.43119,1.42001,1.14004,1.46306
0.889258,0.808592,1.08657,1.1035,1.02132,0.864037,1.43588,1.44051,1.15113,1.47044
0.882495,0.821134,1.07022,1.10027,1.01036,0.861902,1.44422,1.45725,1.1501,1.47454
0.88042,0.822501,1.08433,1.09016,1.01496,0.867794,1.45436,1.46458,1.14063,1.4934
0.887123,0.818407,1.10716,1.09317,1.00882,0.865002,1.43332,1.44559,1.15187,1.50552
0.892145,0.802057,1.11076,1.08554,1.01818,0.863738,1.41887,1.43453,1.14474,1.49184
0.900785,0.789386,1.10391,1.0715,1.00812,0.853191,1.43159,1.40982,1.15456,1.48331
0.894292,0.789044,1.10961,1.07487,0.999776,0.858173,1.41575,1.40511,1.16332,1.48494
0.901243,0.781129,1.12995,1.07334,0.998712,0.867324,1.42179,1.39413,1.15809,1.48355
0.908465,0.774983,1.13533,1.06736,1.00341,0.872047,1.43207,1.38656,1.14531,1.51086
0.905259,0.761602,1.13204,1.05666,1.0092,0.866001,1.43282,1.38209,1.11704,1.51771
0.904223,0.775071,1.12875,1.04144,1.00848,0.873772,1.42426,1.39433,1.11146,1.5005
0.904531,0.776232,1.11489,1.04499,0.992541,0.893669,1.41994,1.40169,1.12031,1.48411
0.891898,0.774111,1.13615,1.05399,0.987786,0.888013,1.43394,1.41833,1.1209,1.49047
0.891,0.775789,1.14229,1.05031,0.981472,0.898276,1.44538,1.39632,1.12543,1.50439
0.88537,0.774509,1.12142,1.05891,0.975747,0.895415,1.43583,1.39776,1.12223,1.53505
0.885405,0.788326,1.12307,1.07399,0.97487,0.914734,1.42206,1.42652,1.12809,1.52921
0.892973,0.786968,1.11986,1.06935,0.970148,0.904596,1.41848,1.43315,1.12429,1.53024
0.892376,0.794089,1.10147,1.06445,0.970501,0.892399,1.41746,1.417,1.13376,1.54051
0.89547,0.791987,1.1043,1.05734,0.970457,0.880934,1.4148,1.43699,1.12687,1.53482
0.895672,0.777539,1.11154,1.04708,0.980025,0.886373,1.39913,1.41856,1.14048,1.53217
0.895662,0.779264,1.1037,1.0464,0.994284,0.893362,1.41602,1.42684,1.12293,1.53694
0.896463,0.77791,1.10506,1.04487,1.01083,0.901838,1.42379,1.41673,1.1116,1.56281
0.88931,0.778708,1.1005,1.04215,1.01953,0.889753,1.40634,1.39051,1.10849,1.554
0.894895,0.7895,1.10452,1.05498,1.01539,0.874565,1.43657,1.38076,1.10339,1.55812
0.90105,0.803679,1.08281,1.05661,1.0099,0.874638,1.4202,1.38034,1.12019,1.55685
0.904428,0.797675,1.07202,1.06413,1.02064,0.872342,1.42722,1.37976,1.11704,1.5575
0.895139,0.793572,1.08117,1.06582,1.01295,0.869167,1.43825,1.38977,1.10903,1.55433
0.904658,0.787042,1.07867,1.06589,1.01216,0.880194,1.42604,1.3886,1.09731,1.54485
0.905444,0.788991,1.07768,1.06533,1.00715,0.87904,1.38841,1.41286,1.10764,1.55072
0.908834,0.79049,1.07243,1.0579,1.00958,0.873883,1.38799,1.40544,1.10776,1.54137
0.91135,0.796914,1.06009,1.05725,1.00844,0.866838,1.37191,1.43024,1.10158,1.51627
0.924325,0.796767,1.05952,1.05696,1.0192,0.850212,1.39953,1.42738,1.10491,1.51099
0.917274,0.789047,1.04458,1.07128,1.01404,0.849551,1.38803,1.44912,1.1194,1.53288
0.929526,0.788189,1.05588,1.06817,1.00545,0.837594,1.36804,1.45699,1.11872,1.54448
0.933077,0.787102,1.06782,1.08167,1.01491,0.831403,1.38186,1.45987,1.12169,1.54174
0.937483,0.78515,1.07577,1.08085,1.04184,0.815379,1.39179,1.45052,1.12173,1.56143
0.931259,0.778282,1.07809,1.09358,1.04523,0.814029,1.39606,1.44422,1.12563,1.56349
0.940222,0.770455,1.07531,1.08742,1.04726,0.810127,1.37639,1.42734,1.12253,1.54168
0.931665,0.770781,1.0689,1.09749,1.04276,0.808312,1.40774,1.43897,1.13545,1.5462
0.943838,0.781461,1.08565,1.11416,1.04351,0.802602,1.39899,1.43798,1.1608,1.53146
0.963286,0.791646,1.09575,1.10635,1.0285,0.798181,1.37748,1.43954,1.15647,1.55033
0.946838,0.7896,1.09751,1.09846,1.02667,0.812884,1.37906,1.42088,1.18253,1.54524
0.935624,0.802472,1.12116,1.10787,1.03195,0.808303,1.38339,1.42902,1.16775,1.53382
0.942221,0.799545,1.12083,1.08964,1.03961,0.803151,1.38977,1.45216,1.17367,1.55733
0.934662,0.803421,1.12078,1.1047,1.05826,0.798463,1.37452,1.46593,1.17739,1.5554
0.94271,0.807445,1.12108,1.11839,1.07169,0.803769,1.38209,1.46131,1.18271,1.54464
0.942947,0.797151,1.11206,1.09442,1.05793,0.795169,1.37978,1.46553,1.17305,1.54605
0.938489,0.778767,1.0987,1.07615,1.05806,0.781226,1.38577,1.47082,1.18044,1.54021
0.929689,0.780059,1.07211,1.09494,1.06976,0.781096,1.38822,1.47509,1.18622,1.51131
0.934999,0.771734,1.07695,1.08625,1.07329,0.78782,1.3716,1.47476,1.1731,1.49778
0.941476,0.779627,1.0736,1.07908,1.08145,0.785297,1.37536,1.46869,1.17241,1.49709
0.926993,0.781231,1.07483,1.07355,1.06097,0.789522,1.36666,1.47657,1.19116,1.49364
0.911753,0.786793,1.08282,1.06852,1.04803,0.799822,1.3695,1.46264,1.17298,1.51969
0.911992,0.78011,1.08112,1.07722,1.02632,0.800057,1.39488,1.47047,1.17707,1.54401
0.917642,0.776288,1.07836,1.06269,1.04831,0.814323,1.37377,1.44332,1.17814,1.56033
0.900497,0.765385,1.08209,1.06615,1.04475,0.812,1.36274,1.42396,1.15945,1.56564
0.889916,0.761333,1.09947,1.06394,1.04356,0.814482,1.32485,1.42152,1.17665,1.57851
0.880969,0.760192,1.09209,1.05748,1.04595,0.805859,1.3435,1.44727,1.17645,1.54174
0.881276,0.748003,1.0966,1.05993,1.04905,0.806841,1.33529,1.45366,1.18372,1.53005
0.872677,0.746958,1.09221,1.062,1.03795,0.794627,1.32426,1.45637,1.19214,1.56538
0.857317,0.741892,1.10753,1.0549,1.05098,0.794341,1.33686,1.44744,1.20061,1.55681
0.879618,0.750893,1.08243,1.05926,1.06803,0.785352,1.34206,1.43851,1.2005,1.53724
0.87209,0.758289,1.06611,1.06643,1.05463,0.762394,1.33006,1.43687,1.21388,1.53934
0.866876,0.750661,1.07507,1.06819,1.06435,0.752814,1.36182,1.43553,1.22853,1.5304
0.861538,0.751578,1.06368,1.0653,1.06501,0.744292,1.37547,1.43826,1.21646,1.54988
0.86154,0.746265,1.07076,1.07862,1.06816,0.743507,1.3558,1.44561,1.20647,1.56669
0.883607,0.741203,1.08275,1.08315,1.08706,0.730358,1.35463,1.43619,1.20264,1.57693
0.880959,0.756879,1.09608,1.08971,1.08024,0.738421,1.34652,1.43733,1.20847,1.58938
0.880003,0.764331,1.09689,1.07749,1.05642,0.739874,1.36727,1.45251,1.20851,1.58677
0.873212,0.765681,1.0987,1.10994,1.05245,0.739188,1.34864,1.46356,1.21152,1.59748
0.876814,0.761023,1.10088,1.08664,1.04566,0.739744,1.33761,1.44517,1.1983,1.60011
0.86355,0.757012,1.10049,1.09795,1.04945,0.728812,1.32796,1.42902,1.22594,1.59156
0.856111,0.748371,1.11138,1.10901,1.05628,0.739795,1.30615,1.41214,1.2261,1.58015
0.856663,0.741895,1.11142,1.11192,1.04012,0.735481,1.31945,1.44035,1.23137,1.56729
0.86326,0.744448,1.11794,1.10962,1.04047,0.733936,1.32364,1.47281,1.2492,1.57443
0.862195,0.738745,1.13144,1.11643,1.03843,0.728554,1.33328,1.48941,1.25166,1.61144
0.865756,0.735687,1.1477,1.12104,1.03537,0.730019,1.32641,1.48232,1.25645,1.59226
0.867239,0.718701,1.15292,1.12775,1.03554,0.738087,1.34624,1.50086,1.25433,1.61616
0.864821,0.716163,1.17353,1.11723,1.01629,0.738873,1.3461,1.50509,1.26105,1.62986
0.875225,0.721811,1.17497,1.09999,1.00655,0.73977,1.33892,1.53392,1.25854,1.62333
0.879115,0.729373,1.162,1.09968,0.99663,0.745634,1.33213,1.51764,1.27802,1.64558
0.871157,0.722408,1.15624,1.10016,1.01765,0.753518,1.3279,1.53342,1.26234,1.62576
0.872663,0.712067,1.15621,1.07979,1.00506,0.741915,1.3026,1.51607,1.2664,1.63996
0.863481,0.711461,1.14192,1.09115,1.00411,0.754525,1.30584,1.5003,1.25095,1.63611
0.869848,0.704063,1.14261,1.08961,1.01154,0.740027,1.30118,1.52475,1.26042,1.61908
0.876605,0.705464,1.13731,1.09374,1.01627,0.742264,1.28842,1.54664,1.25047,1.65977
0.880803,0.710682,1.1324,1.08104,1.0192,0.730911,1.28444,1.53871,1.2308,1.66885
0.883279,0.715452,1.13218,1.08776,1.03332,0.730007,1.29498,1.54268,1.24996,1.65482
0.88428,0.714057,1.14148,1.09918,1.03824,0.733055,1.32251,1.53477,1.25237,1.67025
0.895379,0.718395,1.14352,1.08942,1.03765,0.726643,1.32776,1.54178,1.27598,1.66454
0.912075,0.729035,1.13891,1.07278,1.04671,0.721525,1.32093,1.56402,1.27665,1.65351
0.924871,0.725751,1.14304,1.07812,1.04191,0.713166,1.31249,1.53481,1.27596,1.65425
0.936301,0.719178,1.1705,1.07634,1.0507,0.716336,1.3249,1.54951,1.30336,1.68266
0.945646,0.72674,1.19611,1.0667,1.02508,0.720435,1.32908,1.55638,1.29101,1.70389
0.927801,0.723336,1.20048,1.06978,1.01148,0.729094,1.32672,1.57023,1.31299,1.70538
0.936182,0.728889,1.19197,1.0507,1.01293,0.734133,1.33476,1.57172,1.27789,1.72109
0.926319,0.733477,1.20053,1.06233,1.03515,0.748537,1.35384,1.56321,1.28137,1.72859
0.923947,0.727282,1.20572,1.05181,1.02188,0.748773,1.33121,1.55615,1.30144,1.71603
0.918283,0.720129,1.21025,1.04447,1.02754,0.748504,1.3606,1.55614,1.29739,1.70056
0.924228,0.715585,1.22188,1.05292,1.00024,0.754713,1.35692,1.54241,1.29479,1.71887
0.912284,0.706571,1.23551,1.04503,0.986537,0.757994,1.36047,1.54254,1.31786,1.71654
0.911716,0.709072,1.23362,1.04309,0.989669,0.755735,1.37731,1.53479,1.31358,1.7274
0.927821,0.704589,1.22881,1.01529,0.97941,0.754884,1.36917,1.52661,1.3085,1.7367
0.914335,0.712965,1.22233,1.02223,0.97859,0.745533,1.35783,1.50179,1.30316,1.74522
0.91217,0.70704,1.21984,1.02978,0.976737,0.755362,1.3382,1.48089,1.30873,1.76554
0.90263,0.713651,1.22272,1.02655,0.98086,0.761522,1.33207,1.49499,1.32922,1.75502
0.918321,0.710199,1.22169,1.03835,0.984922,0.765577,1.34289,1.49503,1.32358,1.75066
0.918976,0.706,1.22511,1.01093,0.975831,0.763313,1.36945,1.48213,1.3056,1.75188
0.918969,0.709995,1.20363,1.00705,0.986533,0.760102,1.35235,1.50479,1.30453,1.77317
0.924641,0.709341,1.19178,1.01639,0.980671,0.767174,1.34588,1.50584,1.317,1.78946
0.937888,0.696441,1.15734,1.01875,0.968854,0.766088,1.31701,1.51196,1.30566,1.76852
0.940693,0.704238,1.17839,1.00625,0.971426,0.761966,1.31098,1.53288,1.31017,1.77403
0.941927,0.72149,1.1722,0.994552,0.969134,0.770557,1.30046,1.54946,1.31577,1.78507
0.949447,0.714727,1.20073,0.994151,0.971882,0.774745,1.28309,1.54373,1.30229,1.78276
0.938573,0.717524,1.21535,1.00217,0.979785,0.77913,1.29194,1.5415,1.3281,1.78362
0.936619,0.722647,1.22005,1.0213,0.96934,0.79376,1.3076,1.51993,1.33828,1.78215
0.937834,0.722181,1.24967,1.00628,0.960352,0.808008,1.31642,1.52225,1.32062,1.75676
0.945934,0.720069,1.2321,1.01275,0.961958,0.81347,1.3202,1.53795,1.34336,1.70381
0.930725,0.719081,1.23007,1.00514,0.957236,0.800342,1.3307,1.53029,1.33958,1.72181
0.938575,0.711097,1.1981,1.02635,0.949813,0.788288,1.33531,1.53557,1.3451,1.72951
0.934901,0.711878,1.20584,1.03226,0.944593,0.782175,1.33953,1.53851,1.35412,1.72117
0.927026,0.720498,1.21127,1.03691,0.951717,0.783638,1.34444,1.52811,1.34647,1.76029
0.937831,0.724037,1.2123,1.05671,0.963569,0.791568,1.33225,1.552,1.35915,1.75641
0.935772,0.723593,1.22558,1.05704,0.968865,0.799614,1.32517,1.55737,1.36817,1.75344
0.934036,0.733527,1.23999,1.05297,0.972172,0.789926,1.33925,1.54899,1.35479,1.75302
0.925705,0.717439,1.23912,1.05243,0.984137,0.787075,1.34856,1.5552,1.34614,1.74106
0.921993,0.718452,1.22967,1.0496,0.985769,0.793116,1.33021,1.56899,1.35458,1.75915
0.930756,0.727026,1.23954,1.04913,0.973482,0.793284,1.32717,1.53688,1.33266,1.77217
0.932838,0.728517,1.23462,1.04062,0.975501,0.778337,1.32985,1.54191,1.33563,1.76908
0.931738,0.732376,1.22941,1.05555,0.979629,0.777145,1.31592,1.54986,1.31553,1.78282
0.936411,0.73998,1.22518,1.05546,0.967142,0.770452,1.33553,1.54817,1.31378,1.78732
0.945182,0.730518,1.22423,1.05577,0.972925,0.753854,1.33333,1.56559,1.31696,1.79688
0.943394,0.733453,1.23114,1.05323,0.969704,0.763464,1.34763,1.56456,1.3149,1.81242
0.938104,0.734965,1.2255,1.04212,0.961442,0.764032,1.35194,1.58669,1.30749,1.82114
0.929371,0.728683,1.22184,1.04021,0.971569,0.771833,1.36229,1.58542,1.30044,1.8163
0.93058,0.736279,1.19629,1.05728,0.974104,0.787432,1.35597,1.5917,1.32009,1.80501
0.916574,0.742161,1.19187,1.07929,0.980317,0.785558,1.32737,1.57971,1.31307,1.79029
0.925038,0.732843,1.19785,1.07567,0.982058,0.796402,1.29738,1.5915,1.30398,1.78932
0.924303,0.739526,1.21117,1.07516,0.967151,0.800719,1.30609,1.59981,1.29534,1.80328
0.924472,0.736298,1.19963,1.07067,0.972283,0.809581,1.34023,1.57168,1.29255,1.79524
0.933816,0.740984,1.19609,1.0783,0.982477,0.816944,1.33395,1.56147,1.29431,1.79484
0.932071,0.737635,1.18573,1.07998,0.982486,0.811248,1.32899,1.55494,1.2926,1.77132
0.930294,0.736709,1.19791,1.08623,0.987515,0.827348,1.34348,1.53708,1.27867,1.76422
0.928097,0.742227,1.21495,1.08297,0.981237,0.821585,1.36475,1.50356,1.27803,1.78881
0.929551,0.754666,1.20625,1.07104,0.975085,0.817793,1.38585,1.52547,1.26516,1.84078
0.929165,0.751876,1.19714,1.05205,0.976194,0.809761,1.38883,1.53124,1.252,1.83741
0.940952,0.773915,1.1928,1.03353,0.969687,0.815603,1.38271,1.52282,1.23847,1.82884
0.944416,0.786637,1.19613,1.04243,0.978061,0.807352,1.3827,1.49865,1.22238,1.82755
0.940783,0.793043,1.20377,1.03682,0.99216,0.800479,1.39875,1.48939,1.21814,1.80032
0.940384,0.803768,1.19964,1.02545,0.990603,0.793545,1.39665,1.50488,1.2095,1.8148
0.943071,0.791743,1.20765,1.01012,0.993015,0.787523,1.39799,1.50688,1.20086,1.79381
0.952014,0.784209,1.18612,1.00885,0.990164,0.787663,1.39418,1.49156,1.21577,1.78722
0.941632,0.780428,1.18378,0.996326,0.985245,0.783016,1.38555,1.51136,1.21565,1.80121
0.933084,0.764761,1.17654,1.00059,0.988314,0.808347,1.36929,1.51962,1.20221,1.79079
0.936702,0.755461,1.19482,0.992028,0.974747,0.801838,1.35747,1.50128,1.19207,1.79423
0.926946,0.751381,1.19282,0.986108,0.966697,0.812804,1.36868,1.54576,1.20475,1.82053
0.923016,0.760015,1.18501,0.985189,0.948115,0.809189,1.38717,1.56896,1.19449,1.78646
0.923842,0.748252,1.18463,0.970477,0.960662,0.813574,1.35828,1.5836,1.17296,1.78442
0.91947,0.752755,1.19427,0.972751,0.952876,0.830688,1.35513,1.60967,1.16568,1.80048
0.918369,0.754463,1.1694,0.966831,0.930896,0.834188,1.33188,1.59329,1.17392,1.79365
0.912204,0.752652,1.1874,0.953552,0.928207,0.836903,1.33875,1.60962,1.15712,1.79177
0.908655,0.767031,1.19316,0.961048,0.934997,0.844035,1.33209,1.59391,1.16279,1.79881
0.906191,0.767707,1.1896,0.950742,0.936385,0.844316,1.32904,1.59862,1.15378,1.81002
0.896198,0.770013,1.18682,0.944617,0.925911,0.856291,1.30211,1.57629,1.14613,1.80019
0.897132,0.769897,1.1957,0.953104,0.925344,0.860395,1.30465,1.56401,1.14974,1.80725
0.882845,0.764407,1.20501,0.96136,0.918404,0.853429,1.28665,1.54701,1.1275,1.81934
0.875271,0.767352,1.21669,0.969822,0.912409,0.858422,1.27845,1.52648,1.12667,1.824
0.8771,0.770778,1.23095,0.976055,0.913035,0.856189,1.28449,1.53011,1.12753,1.82822
0.88855,0.777357,1.21136,0.976694,0.915868,0.842955,1.31166,1.52832,1.12103,1.84218
0.894113,0.772242,1.21223,0.967821,0.898297,0.85606,1.32724,1.53869,1.12201,1.84547
0.89988,0.774755,1.21519,0.95588,0.904032,0.857325,1.34018,1.5349,1.11971,1.85002
0.893819,0.777817,1.21083,0.956085,0.899206,0.855064,1.35481,1.52921,1.11903,1.85783
0.880676,0.755556,1.21245,0.948346,0.915915,0.851257,1.35533,1.53855,1.12889,1.85565
0.886127,0.757205,1.23384,0.954909,0.914048,0.848284,1.36015,1.52747,1.10519,1.86515
0.891934,0.757956,1.22323,0.947493,0.916949,0.855575,1.37427,1.53601,1.09352,1.87688
0.894827,0.744772,1.21247,0.945169,0.904853,0.845794,1.37101,1.5332,1.06633,1.91627
0.899502,0.738172,1.20054,0.951669,0.903355,0.838496,1.38952,1.51518,1.07526,1.8948
0.906311,0.750847,1.1837,0.939311,0.909861,0.836657,1.39635,1.50975,1.06814,1.88082
0.912055,0.747875,1.18477,0.919005,0.900602,0.840418,1.38139,1.50948,1.0769,1.87849
0.922234,0.746848,1.18687,0.900779,0.908393,0.834653,1.38826,1.55036,1.06567,1.84949
0.907928,0.741351,1.18652,0.915925,0.893338,0.833532,1.38404,1.55923,1.0732,1.881
0.906913,0.741912,1.17844,0.927503,0.886381,0.824723,1.36033,1.54455,1.08637,1.89637
0.902061,0.743221,1.1721,0.925819,0.898162,0.825294,1.37389,1.5381,1.0935,1.89436
0.899626,0.741388,1.19116,0.91443,0.918851,0.817131,1.36623,1.56565,1.09454,1.89706
0.915281,0.728528,1.1976,0.904317,0.908759,0.820077,1.37378,1.56067,1.10969,1.86473
0.919014,0.719348,1.17772,0.905781,0.893767,0.81932,1.36731,1.54317,1.11262,1.86532
0.919954,0.717291,1.19595,0.921051,0.883269,0.818491,1.35267,1.5404,1.10138,1.87706
0.911606,0.713748,1.18062,0.904945,0.872754,0.827309,1.33847,1.57624,1.10379,1.86858
0.912831,0.709702,1.16033,0.901912,0.85924,0.826529,1.35462,1.5955,1.10389,1.82404
0.92442,0.726691,1.17934,0.911685,0.877204,0.847173,1.3513,1.60726,1.10859,1.8451
0.910663,0.720759,1.1738,0.921678,0.88615,0.856866,1.35095,1.59753,1.11849,1.83802
0.90784,0.723811,1.16892,0.908848,0.887675,0.855328,1.33861,1.6037,1.10384,1.84826
0.895024,0.734962,1.19285,0.921051,0.876331,0.869699,1.35348,1.63125,1.08667,1.83791
0.886812,0.732247,1.20666,0.92296,0.886644,0.84939,1.34467,1.63908,1.0799,1.86677
0.863505,0.738212,1.20899,0.909086,0.888859,0.864643,1.35146,1.64303,1.08994,1.87248
0.85867,0.747035,1.20594,0.886877,0.877009,0.87007,1.36363,1.67034,1.08617,1.88246
0.86361,0.75596,1.19791,0.886537,0.875412,0.860899,1.354,1.67382,1.1042,1.89685
0.86739,0.767227,1.21479,0.905066,0.880219,0.863418,1.35848,1.67532,1.09069,1.87873
0.865854,0.769319,1.2098,0.905299,0.888455,0.863932,1.34223,1.67109,1.0918,1.88882
0.855444,0.754714,1.212,0.904252,0.877334,0.860493,1.32577,1.66107,1.09439,1.87367
0.85675,0.751398,1.20685,0.894029,0.878582,0.866595,1.32362,1.66579,1.08946,1.89043
0.852058,0.744873,1.20656,0.881353,0.877775,0.864594,1.32817,1.65052,1.07967,1.91234
0.855833,0.75428,1.22233,0.891845,0.890499,0.867714,1.34099,1.63547,1.09203,1.8843
0.877495,0.757637,1.21791,0.894435,0.905462,0.873603,1.36436,1.63056,1.11156,1.87845
0.859272,0.76253,1.22753,0.874443,0.890857,0.884919,1.37544,1.66546,1.12992,1.89316
0.853381,0.757661,1.24589,0.874221,0.873144,0.891835,1.39321,1.67621,1.13527,1.89595
0.842935,0.764469,1.24908,0.884281,0.876381,0.885542,1.38275,1.66907,1.12782,1.87301
0.842625,0.769327,1.24907,0.878815,0.879139,0.894982,1.37355,1.66828,1.12284,1.88118
0.840887,0.764684,1.25324,0.878517,0.891224,0.891287,1.37417,1.6389,1.14064,1.89586
0.83355,0.766047,1.22974,0.87735,0.892146,0.890197,1.37194,1.64164,1.15625,1.91733
0.827898,0.758961,1.2347,0.880108,0.870531,0.892169,1.36138,1.6386,1.15636,1.92001
0.827796,0.759772,1.2406,0.881157,0.849014,0.892575,1.35008,1.62651,1.15171,1.9246
0.82487,0.765161,1.22761,0.877861,0.867149,0.895648,1.35315,1.63695,1.15542,1.90025
0.833824,0.776873,1.25041,0.873167,0.864295,0.878189,1.33742,1.62999,1.15836,1.93916
0.831085,0.77932,1.27042,0.87294,0.876677,0.885108,1.33506,1.62143,1.14569,1.9522
0.829632,0.781694,1.26925,0.876989,0.868986,0.876165,1.33426,1.61501,1.13846,1.99589
0.853012,0.778969,1.25579,0.887369,0.865397,0.877038,1.35653,1.61556,1.13107,1.99561
0.852644,0.780567,1.24114,0.876701,0.862381,0.883212,1.35915,1.61488,1.12452,2.00726
0.853651,0.778334,1.21461,0.882718,0.847434,0.873253,1.34881,1.61677,1.13018,2.03512
0.853435,0.789442,1.21841,0.875988,0.854464,0.866924,1.33668,1.61731,1.13686,2.04048
0.868328,0.792193,1.22107,0.878617,0.855633,0.877231,1.33786,1.6158,1.15683,2.05342
0.867209,0.795216,1.22063,0.887389,0.844132,0.878575,1.34759,1.61268,1.17077,2.08316
0.875648,0.797509,1.21497,0.900081,0.831473,0.874741,1.35599,1.60667,1.16561,2.06072
0.891152,0.7999,1.20507,0.881291,0.836025,0.88967,1.34534,1.62015,1.14795,2.04383
0.883598,0.809196,1.1862,0.89475,0.82845,0.87633,1.34641,1.64216,1.1344,2.01878
0.884937,0.803853,1.18549,0.896686,0.82942,0.881613,1.3351,1.6291,1.12319,1.98139
0.899208,0.798237,1.17195,0.884638,0.834099,0.867323,1.32646,1.62331,1.13021,1.96583
0.900504,0.789601,1.16943,0.885015,0.814105,0.864711,1.32421,1.62531,1.13251,1.95736
0.89711,0.77729,1.18037,0.864412,0.813631,0.860228,1.32991,1.61431,1.15,1.93019
0.907531,0.77785,1.19391,0.872732,0.828865,0.858384,1.34066,1.62428,1.14283,1.95855
0.903478,0.789401,1.17472,0.867937,0.824379,0.851304,1.34221,1.62511,1.17288,1.96028
0.899469,0.788212,1.17729,0.86171,0.814656,0.845339,1.36835,1.59527,1.16814,1.95537
0.900788,0.783005,1.18976,0.859628,0.817108,0.838497,1.35076,1.60239,1.14579,1.96392
0.905272,0.780088,1.18117,0.862548,0.807101,0.828689,1.3485,1.58648,1.15756,1.96368
0.907011,0.774763,1.19483,0.847856,0.814424,0.833878,1.32725,1.59665,1.14447,1.96439
0.896541,0.784183,1.2075,0.837251,0.801324,0.863129,1.31033,1.61844,1.12779,1.94639
0.895378,0.78896,1.21248,0.83494,0.798009,0.863878,1.30042,1.61183,1.12807,1.9659
0.882118,0.787619,1.24289,0.831115,0.796174,0.851708,1.28734,1.61489,1.11449,1.94065
0.871829,0.786634,1.23685,0.837961,0.802285,0.840221,1.31785,1.63686,1.11236,1.94351
0.853512,0.790848,1.22717,0.849456,0.816036,0.841627,1.33264,1.61903,1.10939,1.94826
0.855956,0.79096,1.21744,0.847275,0.8188,0.838323,1.32393,1.63347,1.1062,1.96629
0.863267,0.785585,1.22724,0.83087,0.824811,0.835341,1.34377,1.62593,1.10599,1.93366
0.851071,0.782784,1.21659,0.837488,0.839069,0.818377,1.33836,1.63072,1.11339,1.94851
0.871294,0.78834,1.22445,0.831783,0.833572,0.829356,1.34356,1.62342,1.12968,1.94839
0.869625,0.790702,1.22841,0.842312,0.817636,0.838341,1.32957,1.6469,1.16065,1.97556
0.870177,0.789234,1.22959,0.838065,0.832358,0.837333,1.32529,1.62673,1.15523,1.93319
0.867301,0.786034,1.23568,0.853155,0.825524,0.832463,1.32685,1.63919,1.15174,1.91803
0.871574,0.787499,1.23944,0.838081,0.826747,0.837725,1.34395,1.61315,1.17914,1.91125
0.861653,0.784976,1.24425,0.837509,0.837812,0.829386,1.34333,1.64251,1.18608,1.88616
0.850176,0.78489,1.25495,0.840025,0.839973,0.838238,1.34469,1.64694,1.19306,1.87358
0.848402,0.793814,1.23478,0.861596,0.827756,0.84435,1.3476,1.65283,1.19314,1.86819
0.856355,0.794955,1.24747,0.877607,0.838602,0.854739,1.33453,1.64268,1.2028,1.83075
0.86974,0.794477,1.26276,0.880291,0.832695,0.857783,1.32268,1.61015,1.21288,1.83929
0.873663,0.790435,1.26066,0.868064,0.836646,0.85965,1.33843,1.57611,1.22239,1.82469
0.862604,0.786662,1.26807,0.867834,0.831494,0.861198,1.30914,1.54183,1.21055,1.83395
0.866163,0.782628,1.27806,0.87163,0.841871,0.86232,1.28441,1.55212,1.21195,1.8432
0.880594,0.786978,1.26026,0.867599,0.844437,0.869234,1.27831,1.55329,1.19756,1.84817
0.883705,0.789292,1.27617,0.871851,0.856804,0.862649,1.26961,1.57022,1.19503,1.86849
0.880511,0.793357,1.28178,0.889055,0.856386,0.881208,1.25803,1.58109,1.18568,1.86596
0.881092,0.791891,1.27339,0.89399,0.854405,0.879991,1.25404,1.5726,1.19494,1.85711
0.868705,0.786511,1.27996,0.90393,0.845668,0.874763,1.23056,1.57208,1.18217,1.89162
0.863609,0.78696,1.29036,0.889013,0.858136,0.857849,1.22704,1.57813,1.17073,1.87879
0.857392,0.795808,1.27999,0.874104,0.860512,0.863267,1.22474,1.57918,1.16249,1.91841
0.856493,0.802268,1.28977,0.87219,0.858523,0.873317,1.21441,1.58852,1.15532,1.93195
0.854454,0.818637,1.3006,0.870041,0.866388,0.866395,1.2255,1.58511,1.15686,1.91059
0.849677,0.812466,1.309,0.875018,0.853541,0.867588,1.23652,1.56997,1.15695,1.93626
0.858844,0.821663,1.31915,0.864515,0.844038,0.866491,1.24482,1.53316,1.1595,1.95605
0.846617,0.823689,1.31723,0.860346,0.834682,0.85382,1.24887,1.52542,1.15958,1.96915
0.85449,0.81621,1.30155,0.852297,0.828529,0.852667,1.23691,1.5083,1.1493,1.95711
0.855484,0.813244,1.31168,0.845346,0.823383,0.843611,1.25978,1.5096,1.15123,1.95837
0.861282,0.811761,1.33766,0.826056,0.824671,0.830219,1.25582,1.53397,1.15134,1.97605
0.86878,0.815741,1.31311,0.838786,0.828623,0.81789,1.25438,1.53956,1.15985,2.00235
0.871241,0.817168,1.32363,0.823365,0.828144,0.826246,1.24835,1.53985,1.15905,1.98748
0.884075,0.814447,1.33396,0.816652,0.830676,0.842048,1.25269,1.55039,1.16754,1.97455
0.899533,0.808677,1.34693,0.81433,0.819382,0.848261,1.24833,1.53049,1.16376,1.9638
0.909573,0.812702,1.35403,0.805562,0.828524,0.860557,1.25303,1.54362,1.16294,1.96536
0.916834,0.811359,1.38116,0.811886,0.8151,0.862479,1.2458,1.53959,1.16265,1.9691
0.927175,0.80329,1.39575,0.807854,0.826843,0.876743,1.24205,1.50869,1.1715,2.00636
0.920467,0.801869,1.40103,0.808297,0.821713,0.889637,1.22109,1.50486,1.17607,2.01588
0.934181,0.80941,1.41085,0.823296,0.821029,0.87417,1.2452,1.50246,1.18528,2.00309
0.931478,0.809669,1.39477,0.816565,0.821686,0.874676,1.24064,1.54259,1.17939,2.01505
0.941003,0.803244,1.39292,0.807913,0.827708,0.863851,1.23492,1.53084,1.18424,2.00336
0.938932,0.803807,1.38689,0.809657,0.834426,0.871722,1.21409,1.52009,1.18241,2.00905
0.95563,0.80615,1.39092,0.805925,0.839131,0.86921,1.21493,1.53077,1.18377,2.00975
0.947989,0.811257,1.38808,0.811781,0.843724,0.885417,1.21395,1.52931,1.17797,1.99617
0.941317,0.826749,1.38224,0.811274,0.838875,0.89114,1.22738,1.51797,1.18523,1.97086
0.938728,0.839504,1.37048,0.820784,0.834942,0.893002,1.26078,1.51933,1.18783,1.96354
0.952247,0.826463,1.3836,0.820387,0.835867,0.89949,1.23487,1.52268,1.16719,2.00264
0.951501,0.825481,1.34972,0.814106,0.838759,0.907309,1.22658,1.5234,1.17108,2.00013
0.938945,0.831023,1.3751,0.819703,0.827177,0.922433,1.21997,1.54605,1.163,2.0336
0.927303,0.82521,1.38175,0.816376,0.827979,0.935893,1.22194,1.5494,1.16413,2.05214
0.948648,0.82918,1.38233,0.810013,0.816632,0.942968,1.21219,1.53253,1.16427,2.10206
0.948851,0.817347,1.40049,0.822652,0.821553,0.949072,1.21546,1.5152,1.18429,2.10257
0.939559,0.813573,1.40647,0.830012,0.820288,0.961311,1.2181,1.54097,1.19845,2.08748
0.940127,0.808662,1.41637,0.824376,0.828481,0.966528,1.22065,1.55809,1.18117,2.07843
0.914341,0.807375,1.4119,0.823556,0.824762,0.951584,1.24178,1.57294,1.16852,2.08128
0.914599,0.800403,1.42296,0.822039,0.82293,0.957676,1.25882,1.56112,1.17758,2.07778
0.940314,0.80808,1.43015,0.820931,0.817367,0.962278,1.25286,1.55225,1.19022,2.05893
0.94482,0.811037,1.43257,0.811169,0.819173,0.96524,1.24699,1.52196,1.17614,2.07478
0.94117,0.810993,1.42804,0.814446,0.810413,0.961998,1.23881,1.53583,1.17088,2.03869
0.940385,0.81278,1.43071,0.811301,0.815262,0.955927,1.23344,1.5205,1.17355,2.04171
0.944691,0.81551,1.43664,0.820626,0.820079,0.968604,1.24645,1.51872,1.1688,2.0297
0.943423,0.803992,1.42148,0.816272,0.817692,0.973805,1.23139,1.53279,1.1717,2.00115
0.9572,0.799045,1.43752,0.814133,0.830609,0.99223,1.24623,1.53591,1.1652,2.00596
0.945781,0.798927,1.43166,0.818543,0.827894,0.991487,1.25417,1.54472,1.16387,1.98979
0.942196,0.802581,1.43025,0.805074,0.816387,1.01716,1.25995,1.57365,1.15572,1.97529
0.934466,0.819197,1.41834,0.805154,0.821712,1.00249,1.25418,1.59925,1.16688,2.00408
0.934113,0.816143,1.42412,0.801186,0.820738,1.01049,1.26766,1.59808,1.14532,1.96287
0.928612,0.818367,1.44353,0.803424,0.811722,1.00723,1.26725,1.5941,1.15935,1.9469
0.941616,0.819248,1.46119,0.797862,0.817737,1.01616,1.24761,1.58932,1.14507,1.92313
0.934571,0.818989,1.45595,0.804355,0.81739,1.01764,1.24974,1.57875,1.13676,1.91424
0.943944,0.817112,1.46433,0.794041,0.812562,1.01351,1.23861,1.55893,1.1328,1.93914
0.955976,0.82088,1.46718,0.793638,0.821112,1.02287,1.25059,1.55924,1.11836,1.96305
0.93138,0.818869,1.43147,0.801712,0.811252,1.02814,1.26888,1.56871,1.0972,1.98443
0.93345,0.818729,1.44658,0.794227,0.809326,1.0411,1.26986,1.56191,1.08526,1.99852
0.926079,0.821254,1.44788,0.788401,0.796294,1.03906,1.27118,1.56371,1.07517,2.01901
0.919133,0.805817,1.47392,0.784202,0.805827,1.02335,1.28242,1.53557,1.08019,2.0293
0.915383,0.806982,1.48073,0.797435,0.822877,1.02252,1.29138,1.50857,1.08348,2.05441
0.918031,0.825372,1.48765,0.791038,0.825232,1.03858,1.27499,1.52072,1.08637,2.05848
0.912171,0.820109,1.50576,0.80238,0.846293,1.04665,1.29858,1.50885,1.0724,2.09829
0.923728,0.807592,1.52146,0.804971,0.832098,1.051,1.30057,1.52284,1.08566,2.09956
0.923692,0.806792,1.54067,0.812446,0.833651,1.03099,1.28725,1.53515,1.07779,2.10076
0.916776,0.805009,1.5243,0.803814,0.83146,1.04316,1.29255,1.54208,1.08035,2.11441
0.917977,0.803761,1.54922,0.795728,0.83961,1.04887,1.27991,1.54282,1.08006,2.13014
0.925442,0.805071,1.56249,0.781808,0.835971,1.05494,1.29119,1.53488,1.10637,2.09571
0.93234,0.808607,1.57146,0.767034,0.829045,1.04975,1.27878,1.53284,1.09197,2.11214
0.924266,0.803039,1.56157,0.769769,0.817983,1.05089,1.28505,1.51706,1.09767,2.11649
0.923639,0.786795,1.5701,0.763719,0.80679,1.05001,1.29719,1.53002,1.10118,2.08317
0.929189,0.776266,1.59597,0.773887,0.801669,1.06497,1.26688,1.51989,1.11449,2.09046
0.936107,0.782442,1.59127,0.781246,0.795157,1.0877,1.24273,1.5529,1.10988,2.07475
0.908205,0.783873,1.58569,0.77646,0.790623,1.09945,1.22806,1.54391,1.12696,2.05347
0.91662,0.783917,1.56959,0.773492,0.788011,1.10485,1.25193,1.53001,1.11379,2.02042
0.911728,0.792081,1.59223,0.777558,0.789447,1.11121,1.25532,1.52642,1.11896,2.0164
0.907306,0.783896,1.59092,0.783233,0.778988,1.10048,1.24835,1.48116,1.1025,2.00696
0.91514,0.784346,1.62364,0.77889,0.776966,1.09947,1.25622,1.46452,1.09507,2.00763
0.917938,0.783833,1.62528,0.764733,0.77029,1.11122,1.25816,1.45476,1.09034,2.01319
0.913304,0.782436,1.65974,0.766758,0.770379,1.11946,1.27911,1.46129,1.06647,1.99131
0.904567,0.783825,1.64514,0.769054,0.765019,1.13192,1.28533,1.448,1.07879,1.99541
0.903821,0.783849,1.66639,0.758202,0.766565,1.12869,1.27655,1.45937,1.09108,1.98851
0.929915,0.789107,1.65668,0.755758,0.764833,1.12983,1.24616,1.45765,1.0981,2.00732
0.945428,0.802554,1.65424,0.764386,0.76288,1.11738,1.22984,1.45476,1.09125,1.97113
0.943953,0.808733,1.66211,0.764127,0.767415,1.12678,1.22742,1.46081,1.08722,1.96803
0.945706,0.802816,1.66049,0.767868,0.759998,1.11484,1.25425,1.45717,1.09056,1.97352
0.949336,0.792747,1.6646,0.770647,0.763059,1.09976,1.24545,1.50146,1.09018,1.96809
0.93025,0.796256,1.63783,0.771346,0.771452,1.12393,1.25469,1.50225,1.08129,1.97979
0.926254,0.788248,1.64205,0.780039,0.774665,1.13298,1.2619,1.48571,1.07756,1.97029
0.915855,0.788179,1.67644,0.770881,0.75829,1.13621,1.27422,1.5048,1.08385,1.97225
0.913786,0.798651,1.63816,0.758515,0.762867,1.12647,1.27606,1.48148,1.07667,1.94921
0.906868,0.79201,1.62097,0.763555,0.762503,1.11698,1.27933,1.48912,1.08829,1.96581
0.899016,0.788937,1.60988,0.771641,0.74413,1.12766,1.29303,1.47736,1.08976,1.95762
0.901214,0.797339,1.62476,0.768321,0.738132,1.11494,1.29824,1.48977,1.10767,1.9673
0.905398,0.806743,1.6332,0.758524,0.736611,1.1128,1.29294,1.49557,1.10916,1.95649
0.910146,0.81308,1.62535,0.760426,0.735881,1.11205,1.28852,1.49076,1.15167,1.96873
0.910833,0.814195,1.62267,0.75507,0.726659,1.12448,1.26687,1.48593,1.1604,1.95854
0.90855,0.813566,1.60887,0.767617,0.71709,1.12541,1.27966,1.47184,1.15631,1.96641
0.916538,0.815729,1.5967,0.757358,0.726425,1.14579,1.27922,1.48085,1.13589,1.96313
0.914735,0.813916,1.58716,0.757175,0.735806,1.1454,1.27339,1.49844,1.13306,1.96357
0.937482,0.813504,1.57726,0.744139,0.732175,1.15047,1.2694,1.53075,1.1497,1.97065
0.953029,0.805497,1.60166,0.751805,0.73024,1.1549,1.28666,1.53474,1.14631,1.98725
0.967457,0.792889,1.61858,0.737732,0.729769,1.16524,1.29026,1.55019,1.15455,1.9989
0.94922,0.793785,1.62231,0.737099,0.73284,1.18269,1.30007,1.53882,1.15994,1.99706
0.94176,0.784655,1.65163,0.723381,0.743253,1.20661,1.29864,1.54895,1.1736,2.0013
0.92845,0.783435,1.6279,0.719038,0.734431,1.2013,1.29923,1.55439,1.17958,1.98347
0.919278,0.784637,1.61475,0.717847,0.744889,1.18093,1.31065,1.54166,1.17595,1.98801
0.918881,0.790226,1.624,0.71475,0.747977,1.18205,1.29266,1.51678,1.16307,1.96561
0.935573,0.795264,1.63087,0.720275,0.747009,1.17106,1.26245,1.52112,1.16092,1.97373
0.933075,0.788519,1.64258,0.722247,0.742441,1.18936,1.25513,1.55287,1.15142,2.00123
0.92944,0.796499,1.63642,0.727622,0.74245,1.1999,1.26138,1.55484,1.16748,2.01779
0.931992,0.789348,1.64629,0.726113,0.75344,1.19939,1.27946,1.53898,1.17067,2.038
0.927498,0.77928,1.64073,0.711452,0.755479,1.20154,1.28176,1.53733,1.16159,2.03034
0.941351,0.784902,1.64778,0.709374,0.754701,1.19528,1.29856,1.54452,1.15016,2.0147
0.953319,0.779935,1.64072,0.707544,0.76234,1.2136,1.27422,1.55466,1.14275,2.01251
0.9577,0.777538,1.65269,0.712276,0.763622,1.21253,1.27154,1.54469,1.13903,2.03252
0.964611,0.781054,1.65505,0.694043,0.75712,1.21004,1.29949,1.57174,1.1508,2.03853
0.968981,0.777213,1.68411,0.702351,0.776012,1.19746,1.29827,1.59992,1.15283,2.04977
0.990261,0.788816,1.68392,0.708596,0.763586,1.19857,1.308,1.62315,1.14717,2.05841
1.00838,0.77,1.70569,0.699576,0.749267,1.19231,1.314,1.64218,1.15337,2.05375
1.01759,0.777121,1.71392,0.713808,0.751843,1.2028,1.32706,1.64274,1.13047,2.04523
1.02917,0.761151,1.71328,0.72426,0.748012,1.20371,1.31289,1.63317,1.12398,2.03352
1.02894,0.765789,1.74245,0.744534,0.744639,1.19537,1.30908,1.60348,1.14208,2.08463
1.03888,0.766184,1.74875,0.750758,0.730026,1.18716,1.30452,1.5772,1.13206,2.10032
1.04735,0.768531,1.77918,0.750445,0.741636,1.17265,1.30452,1.55215,1.13149,2.11879
1.0341,0.766629,1.79587,0.767292,0.741378,1.17625,1.29052,1.54027,1.11873,2.13062
1.05952,0.76916,1.78578,0.765922,0.744431,1.18532,1.29365,1.53352,1.11533,2.13906
1.06024,0.774759,1.77182,0.770079,0.734582,1.17132,1.28925,1.54769,1.12373,2.12353
1.05319,0.774,1.80009,0.75803,0.738206,1.16614,1.28798,1.54653,1.12065,2.12916
1.02855,0.767801,1.84534,0.755715,0.746297,1.15482,1.29045,1.55371,1.10876,2.12251
1.05063,0.763031,1.8411,0.761866,0.759092,1.1513,1.28663,1.58655,1.08486,2.13915
1.03392,0.767545,1.85009,0.756242,0.742943,1.15899,1.28215,1.61168,1.07465,2.14222
1.03481,0.783291,1.84736,0.760193,0.738819,1.15868,1.29363,1.60573,1.0774,2.13395
1.03666,0.778429,1.86394,0.761669,0.745589,1.14233,1.26698,1.57134,1.07692,2.11569
1.02418,0.787065,1.85297,0.750434,0.753836,1.16084,1.26736,1.55377,1.05998,2.10756
1.04053,0.783472,1.85638,0.749769,0.752216,1.15969,1.27627,1.56973,1.05383,2.0766
1.04413,0.776179,1.87662,0.757917,0.754871,1.16687,1.28878,1.57956,1.04439,2.10977
1.03468,0.774112,1.87282,0.758655,0.753219,1.16869,1.30248,1.53882,1.04606,2.11947
1.0484,0.771583,1.8547,0.755797,0.753633,1.14908,1.33063,1.55538,1.05198,2.1331
1.05788,0.764896,1.85381,0.765644,0.760538,1.1444,1.32479,1.53862,1.05496,2.14333
1.05507,0.757376,1.83774,0.759295,0.781918,1.14358,1.33997,1.54068,1.05183,2.1202
1.05223,0.755094,1.85881,0.759729,0.800708,1.14192,1.37356,1.5509,1.04712,2.13341
1.04687,0.756728,1.88245,0.747386,0.793233,1.13529,1.38991,1.55284,1.05985,2.13923
1.04809,0.749197,1.92009,0.734449,0.787405,1.11415,1.38966,1.5682,1.07239,2.18122
1.06552,0.749949,1.94622,0.725886,0.790731,1.11488,1.40947,1.57449,1.06463,2.21593
1.08715,0.75205,1.94045,0.710141,0.784969,1.11694,1.39158,1.55583,1.05681,2.25291
1.08882,0.764881,1.95709,0.72007,0.781152,1.11078,1.39656,1.54286,1.05374,2.24842
1.06813,0.764731,1.96741,0.708353,0.773301,1.10565,1.39026,1.53469,1.053,2.28106
1.07281,0.770399,1.98014,0.706095,0.76754,1.1386,1.38973,1.55568,1.08083,2.29568
1.06523,0.764713,1.97605,0.707303,0.763087,1.1315,1.38072,1.5506,1.0819,2.31196
1.07558,0.741463,1.99613,0.713569,0.754713,1.11507,1.38011,1.52865,1.08345,2.34077
1.07692,0.74211,2.00366,0.721597,0.768317,1.11135,1.38207,1.52776,1.08541,2.31843
1.09452,0.747844,2.02099,0.719702,0.766038,1.12406,1.39634,1.5211,1.07958,2.30861
1.10116,0.746488,1.99845,0.722352,0.761941,1.11277,1.38978,1.51689,1.08344,2.31428
1.09519,0.742365,1.99627,0.728741,0.772511,1.10908,1.3818,1.52342,1.08251,2.31124
1.09075,0.740392,1.98043,0.739297,0.770873,1.10413,1.38167,1.52512,1.08011,2.30586
1.08253,0.751773,2.0157,0.741553,0.769408,1.11141,1.36816,1.51769,1.09138,2.33992
1.0643,0.750132,2.02943,0.745692,0.764273,1.10574,1.36968,1.51525,1.09449,2.38612
1.06499,0.746868,2.03121,0.748736,0.750802,1.10606,1.38063,1.52596,1.08233,2.43189
1.04907,0.751259,2.02107,0.758154,0.743939,1.10595,1.35993,1.51235,1.08816,2.43997
1.03994,0.762812,1.99091,0.777817,0.744634,1.11132,1.39442,1.54267,1.07448,2.43817
1.04051,0.759102,1.95365,0.777977,0.750922,1.12603,1.40276,1.56521,1.06873,2.47609
1.04038,0.752632,1.91338,0.787166,0.74795,1.13725,1.42145,1.57654,1.05944,2.45491
1.04367,0.75907,1.93731,0.788323,0.740806,1.14003,1.4179,1.58065,1.06643,2.48877
1.03658,0.766633,1.92987,0.794261,0.743672,1.14567,1.39594,1.57999,1.07294,2.48171
1.03489,0.761665,1.9164,0.785996,0.743341,1.15005,1.4132,1.56614,1.06977,2.45438
1.04084,0.754594,1.86897,0.783714,0.741466,1.146,1.39199,1.57028,1.05883,2.49534
1.04766,0.753687,1.87697,0.774679,0.744198,1.13848,1.38622,1.58512,1.0523,2.51414
1.05046,0.753437,1.8853,0.770333,0.749186,1.17256,1.37543,1.57788,1.05701,2.52019
1.03259,0.750209,1.88719,0.76702,0.75378,1.14584,1.39,1.56664,1.06193,2.53051
1.03713,0.750611,1.88645,0.766895,0.751835,1.13896,1.39783,1.56136,1.08134,2.54339
1.03637,0.746672,1.88404,0.767203,0.749811,1.14766,1.3976,1.57131,1.09041,2.53241
1.03486,0.755594,1.88307,0.762417,0.746742,1.14963,1.40116,1.56718,1.11599,2.5255
1.03845,0.752278,1.86263,0.750176,0.738847,1.16276,1.404,1.58052,1.10827,2.45753
1.01808,0.743456,1.84777,0.753677,0.747509,1.17075,1.3988,1.58406,1.11653,2.44187
1.01488,0.745395,1.87712,0.758051,0.750759,1.16183,1.40345,1.57036,1.09612,2.44157
1.01183,0.75285,1.93416,0.76385,0.745896,1.14386,1.41774,1.55889,1.09117,2.40462
1.00988,0.748453,1.92642,0.770426,0.748607,1.1275,1.41819,1.58025,1.08688,2.39023
1.0258,0.758915,1.92673,0.775153,0.746863,1.11773,1.41827,1.59395,1.09714,2.39855
1.03732,0.764011,1.94682,0.783606,0.742111,1.1172,1.4349,1.60745,1.09208,2.37799
1.02894,0.757215,1.92005,0.780715,0.735094,1.10673,1.44953,1.62065,1.12119,2.35524
1.02207,0.766944,1.93843,0.76657,0.736022,1.09528,1.45651,1.6181,1.13437,2.35653
1.02204,0.763253,1.93049,0.77255,0.723397,1.08774,1.4655,1.61144,1.15043,2.31601
1.03041,0.75604,1.92111,0.780606,0.72437,1.08505,1.47864,1.58785,1.14823,2.32805
1.02728,0.752368,1.9053,0.788424,0.733783,1.0636,1.49359,1.59802,1.14966,2.33848
1.04379,0.749745,1.90836,0.785267,0.740994,1.0845,1.50189,1.63983,1.15812,2.35408
1.04125,0.757262,1.90601,0.78538,0.748514,1.09321,1.49754,1.65383,1.1625,2.36308
1.04034,0.765688,1.91413,0.780838,0.748431,1.08093,1.51275,1.65689,1.18466,2.34537
1.01108,0.755843,1.92336,0.799921,0.754403,1.09779,1.50143,1.65541,1.20413,2.34337
1.02161,0.742477,1.94157,0.791608,0.742026,1.09842,1.49913,1.66009,1.22262,2.34243
1.02878,0.739838,1.92664,0.80407,0.749164,1.08763,1.51777,1.65186,1.2242,2.35704
1.03689,0.732012,1.94904,0.796575,0.737496,1.09,1.5051,1.65459,1.2162,2.34357
1.02365,0.732405,1.94066,0.787825,0.723486,1.09345,1.50141,1.65196,1.2033,2.31533
1.03181,0.731446,1.94194,0.787298,0.716519,1.10011,1.48627,1.63992,1.21475,2.31984
1.01982,0.743904,1.91784,0.784453,0.70555,1.10395,1.48978,1.63346,1.20834,2.32061
1.02546,0.732162,1.91911,0.791528,0.718749,1.09765,1.49053,1.61928,1.21211,2.3075
1.00868,0.731931,1.89598,0.799943,0.726315,1.11114,1.48948,1.6563,1.20225,2.27923
1.00515,0.728544,1.88886,0.785546,0.712329,1.13133,1.48424,1.65943,1.19174,2.27814
1.01495,0.738386,1.86029,0.7893,0.713996,1.13946,1.49939,1.68082,1.17309,2.29706
1.01526,0.733269,1.83249,0.786727,0.71382,1.16077,1.51514,1.69109,1.14231,2.29832
1.01557,0.736375,1.84808,0.784123,0.718002,1.17049,1.4911,1.7236,1.13877,2.28201
1.02196,0.729982,1.84609,0.789811,0.70521,1.2048,1.50595,1.72854,1.11791,2.2869
1.04049,0.730663,1.82471,0.795523,0.715038,1.20935,1.50455,1.72159,1.11616,2.27014
1.02122,0.726014,1.83103,0.792836,0.713705,1.19973,1.5074,1.72723,1.1148,2.28069
1.00315,0.731358,1.85317,0.782317,0.727911,1.19169,1.50129,1.71082,1.14891,2.28337
1.02192,0.735163,1.82572,0.778182,0.723431,1.19812,1.50149,1.72958,1.16706,2.27243
1.01208,0.735798,1.85419,0.774886,0.712714,1.20033,1.49089,1.71938,1.15441,2.25893
1.01495,0.74033,1.87044,0.769571,0.712501,1.19157,1.46679,1.71708,1.17246,2.27628
1.01811,0.74931,1.8773,0.762048,0.711292,1.20442,1.46053,1.7168,1.17096,2.24673
1.01179,0.735872,1.88955,0.771198,0.714597,1.20857,1.43755,1.70866,1.16464,2.284
1.01103,0.743845,1.8951,0.770635,0.704114,1.21432,1.42501,1.69954,1.16231,2.31434
1.00301,0.738142,1.88651,0.774926,0.702161,1.22349,1.44252,1.68561,1.16463,2.31028
1.0167,0.735657,1.88791,0.779632,0.702077,1.22155,1.45877,1.67541,1.1771,2.31159
1.01101,0.740573,1.91108,0.783605,0.702523,1.23028,1.44693,1.68332,1.17821,2.31163
1.00778,0.734008,1.90603,0.78463,0.705493,1.23124,1.43395,1.66852,1.19591,2.28276
1.0139,0.722902,1.91007,0.781253,0.710259,1.21039,1.43719,1.68273,1.16683,2.27074
1.00313,0.722928,1.89426,0.771024,0.72587,1.22457,1.45175,1.6726,1.16647,2.27705
1.0109,0.722226,1.92333,0.768401,0.735472,1.21813,1.42913,1.68644,1.1485,2.29265
1.01701,0.718727,1.93843,0.761033,0.750427,1.22448,1.44104,1.6972,1.13978,2.32554
1.01956,0.732121,1.9474,0.774009,0.742868,1.21917,1.43899,1.67851,1.1428,2.33292
1.03637,0.73666,1.94558,0.781141,0.734339,1.2277,1.45949,1.67984,1.14814,2.33615
1.04366,0.729156,1.95448,0.780463,0.743202,1.22114,1.43128,1.68365,1.12296,2.33663
1.03773,0.742878,1.95241,0.7851,0.745059,1.22403,1.42309,1.69361,1.11254,2.34191
1.03996,0.731733,1.92747,0.782882,0.745548,1.22943,1.40241,1.71456,1.12168,2.30069
1.03026,0.734826,1.93508,0.786308,0.742453,1.21733,1.38576,1.74307,1.14123,2.26551
1.0076,0.721699,1.94182,0.789827,0.735204,1.22349,1.36893,1.77055,1.14717,2.31528
1.01843,0.719534,1.97061,0.787685,0.732705,1.231,1.37173,1.76403,1.15668,2.29921
1.02339,0.712694,1.97098,0.794188,0.7324,1.21796,1.39362,1.73539,1.17218,2.32333
1.02053,0.718651,1.95209,0.791179,0.748825,1.2137,1.3806,1.74853,1.18172,2.32011
1.03194,0.718071,1.94772,0.781395,0.752448,1.21514,1.3787,1.72943,1.19188,2.30568
1.04626,0.720905,1.97146,0.772447,0.754689,1.2266,1.39367,1.73686,1.18554,2.29818
1.03848,0.724948,1.95968,0.768291,0.743721,1.22577,1.37865,1.74885,1.16734,2.26238
1.03579,0.725562,1.97328,0.77974,0.73194,1.21412,1.38917,1.77294,1.17935,2.2481
1.0451,0.720606,2.00011,0.792357,0.731305,1.20666,1.39202,1.78976,1.19402,2.22795
1.05184,0.727849,1.9811,0.806332,0.734304,1.2127,1.37983,1.83359,1.1625,2.24761
1.04806,0.723721,1.99807,0.797088,0.737355,1.20653,1.37611,1.82567,1.16297,2.23547
1.04875,0.713191,2.0158,0.802789,0.73212,1.17443,1.3816,1.83507,1.17432,2.24436
1.04321,0.709144,2.00239,0.805622,0.730226,1.17136,1.39267,1.81241,1.17134,2.24017
1.03003,0.692636,1.9917,0.807255,0.731498,1.16482,1.37915,1.81386,1.18621,2.24019
1.02196,0.698439,1.96786,0.808543,0.745616,1.1395,1.38431,1.7954,1.21364,2.22856
1.033,0.7045,1.9667,0.792876,0.738764,1.15105,1.37909,1.82313,1.22394,2.23038
1.04906,0.697764,1.97695,0.799184,0.738131,1.1569,1.36838,1.80369,1.22911,2.17554
1.06389,0.693623,1.9795,0.806143,0.741155,1.15575,1.39308,1.80664,1.22546,2.13676
1.06561,0.686611,1.96967,0.807506,0.739279,1.15854,1.37194,1.80056,1.23459,2.10195
1.08023,0.692566,1.98872,0.812934,0.73979,1.14489,1.35869,1.78882,1.22666,2.05785
1.06463,0.686288,1.96278,0.80303,0.726547,1.14072,1.33895,1.79699,1.2294,2.07934
1.07061,0.693324,1.96317,0.786859,0.729079,1.15404,1.37133,1.79771,1.24958,2.07463
1.06493,0.694133,1.98246,0.800505,0.726725,1.15943,1.37739,1.76453,1.24942,2.12096
1.08306,0.688144,1.99346,0.783739,0.735015,1.14854,1.37483,1.74432,1.27496,2.12186
1.07976,0.691263,1.98324,0.791144,0.740761,1.15915,1.36053,1.74971,1.26738,2.15846
1.07777,0.688609,1.98271,0.78824,0.739974,1.15375,1.36563,1.73166,1.2872,2.16915
1.06851,0.68456,1.99082,0.785173,0.728596,1.13398,1.38117,1.73839,1.30792,2.22169
1.0701,0.69123,2.00375,0.774488,0.73174,1.13506,1.38333,1.72887,1.29992,2.19356
1.07153,0.680103,1.97592,0.79337,0.733809,1.14774,1.36049,1.74653,1.27992,2.20636
1.08201,0.680692,1.97338,0.800519,0.723159,1.15678,1.38262,1.75789,1.28268,2.19037
1.07866,0.688915,2.00367,0.803483,0.733296,1.16489,1.3829,1.75763,1.27314,2.18002
1.08009,0.687621,2.00086,0.807772,0.743999,1.17989,1.35991,1.77374,1.2773,2.17746
1.06326,0.687015,1.99909,0.802733,0.751056,1.17105,1.36036,1.76702,1.27363,2.1663
1.04651,0.701912,2.04117,0.78904,0.746797,1.18463,1.35951,1.77518,1.25829,2.17807
1.04518,0.694172,2.05504,0.780612,0.756683,1.19101,1.36158,1.81607,1.27008,2.21146
1.05685,0.696886,2.05788,0.779072,0.759283,1.17364,1.36319,1.81063,1.26323,2.21096
1.05014,0.706551,2.0595,0.78155,0.762186,1.16237,1.34269,1.78949,1.284,2.20056
1.04135,0.697552,2.04622,0.777394,0.758583,1.16657,1.34542,1.77757,1.33943,2.25131
1.06011,0.700152,2.02908,0.767309,0.75421,1.17333,1.32876,1.79129,1.34517,2.29236
1.07191,0.706993,2.00825,0.757633,0.756715,1.16389,1.33518,1.751,1.34407,2.30502
1.10179,0.702259,2.05866,0.743252,0.754388,1.1685,1.32325,1.70106,1.334,2.33632
1.10256,0.705519,2.06238,0.730657,0.755581,1.17455,1.32952,1.70945,1.31941,2.3197
1.11245,0.721337,2.03937,0.732196,0.747291,1.2051,1.31771,1.72781,1.30444,2.33341
1.08995,0.706012,2.07251,0.73708,0.757526,1.18693,1.32317,1.69337,1.29001,2.29085
1.0936,0.705135,2.074,0.737499,0.759432,1.19631,1.30573,1.70165,1.29694,2.28601
1.0949,0.706568,2.08471,0.739126,0.753712,1.21652,1.29902,1.6961,1.30038,2.31265
1.09318,0.709124,2.10924,0.733587,0.761178,1.2109,1.31573,1.69694,1.3002,2.27197
1.09519,0.7124,2.0657,0.731346,0.767365,1.18776,1.3043,1.69075,1.30753,2.24593
1.10142,0.708905,2.07131,0.739379,0.762608,1.21588,1.3221,1.68463,1.31115,2.22646
1.11381,0.7176,2.1047,0.752642,0.761387,1.20092,1.30379,1.68598,1.30871,2.24276
1.10551,0.733017,2.0961,0.762562,0.737311,1.20215,1.30527,1.68896,1.30597,2.26174
1.12242,0.727395,2.10956,0.781455,0.742362,1.20474,1.29882,1.67904,1.30267,2.26236
1.11888,0.74793,2.08209,0.784119,0.740579,1.20331,1.29954,1.69679,1.29516,2.27068
1.13119,0.748871,2.07741,0.779008,0.734055,1.19172,1.2935,1.66656,1.29993,2.26758
1.1546,0.75148,2.07473,0.766194,0.723706,1.20011,1.28802,1.65561,1.29041,2.28229
1.16685,0.75914,2.07959,0.77207,0.720248,1.20996,1.28919,1.68506,1.30573,2.29365
1.16691,0.756798,2.10846,0.775417,0.71477,1.21036,1.26627,1.67916,1.33688,2.30876
1.15825,0.761605,2.11535,0.763677,0.724941,1.2115,1.28128,1.67377,1.31579,2.2825
1.1476,0.767657,2.13793,0.770743,0.743906,1.20984,1.27711,1.65287,1.31032,2.25857
1.14114,0.773243,2.14019,0.761743,0.736118,1.21765,1.27765,1.62286,1.30355,2.28339
1.13166,0.784519,2.16466,0.757469,0.739008,1.20738,1.28601,1.6271,1.30724,2.29417
1.12446,0.788547,2.17254,0.757606,0.736927,1.20775,1.28988,1.64631,1.31466,2.25872
1.13452,0.784326,2.18654,0.761511,0.740006,1.21148,1.27154,1.63488,1.29978,2.26231
1.1143,0.79457,2.18595,0.762054,0.732944,1.20617,1.23878,1.66149,1.30105,2.29249
1.12045,0.791098,2.20056,0.764878,0.733374,1.2033,1.22954,1.64415,1.31429,2.27626
1.12093,0.794572,2.18395,0.765891,0.725676,1.20629,1.21906,1.6564,1.30621,2.2577
1.10685,0.796076,2.16422,0.77481,0.72688,1.19117,1.21473,1.68754,1.30054,2.22228
1.10221,0.801769,2.15852,0.78967,0.72769,1.18283,1.21348,1.66789,1.30461,2.20844
1.10521,0.796736,2.14606,0.800991,0.743123,1.17659,1.20855,1.65283,1.28935,2.1968
1.10933,0.792517,2.12292,0.81893,0.750802,1.15101,1.21382,1.6503,1.27564,2.20174
1.0987,0.794421,2.13119,0.817799,0.756959,1.16031,1.21835,1.66206,1.27277,2.19564
1.09693,0.803364,2.12022,0.821019,0.763276,1.17539,1.20279,1.65552,1.28324,2.1699
1.08954,0.806596,2.08431,0.829786,0.766141,1.17294,1.20089,1.69333,1.28032,2.17767
1.09812,0.810512,2.10013,0.823742,0.764358,1.18672,1.21831,1.71739,1.27243,2.17267
1.09447,0.815266,2.07082,0.825385,0.768286,1.18917,1.22347,1.73092,1.28116,2.16428
1.07898,0.808717,2.11131,0.82182,0.76922,1.1887,1.23954,1.7273,1.27916,2.18935
1.08149,0.83196,2.12087,0.83885,0.76775,1.19656,1.24963,1.73119,1.27182,2.19767
1.07307,0.840533,2.09019,0.845994,0.761679,1.19473,1.2715,1.73151,1.27376,2.20027
1.07573,0.843777,2.10211,0.859558,0.764109,1.20997,1.28645,1.72515,1.27289,2.19362
1.09225,0.852418,2.07622,0.863084,0.771771,1.21333,1.32396,1.71532,1.26256,2.21172
1.0882,0.841045,2.05068,0.874,0.771153,1.2068,1.31871,1.70547,1.25864,2.22627
1.0973,0.836097,2.03361,0.86935,0.764718,1.19909,1.33136,1.66397,1.26077,2.21965
1.08735,0.835192,2.03465,0.870273,0.782127,1.19841,1.33737,1.67949,1.23812,2.23709
1.08649,0.828204,2.02058,0.878518,0.773898,1.18639,1.3312,1.69156,1.25441,2.23711
1.07729,0.816456,2.01305,0.881192,0.772896,1.18369,1.32759,1.69212,1.25119,2.26445
1.09791,0.811272,2.00537,0.871159,0.773452,1.16337,1.33514,1.68235,1.23671,2.24839
1.08458,0.810623,1.97038,0.871127,0.794169,1.19204,1.3394,1.66165,1.24337,2.23798
1.08129,0.802674,1.98159,0.865476,0.777948,1.19446,1.35493,1.67285,1.24441,2.29453
1.09077,0.787263,1.98358,0.86068,0.795325,1.19576,1.33038,1.68989,1.24413,2.30653
1.09627,0.78333,1.9805,0.857593,0.80138,1.1919,1.34845,1.69663,1.24986,2.27712
1.11152,0.780214,2.02243,0.865088,0.816797,1.19811,1.33561,1.7013,1.24213,2.30214
1.11205,0.773934,2.03299,0.859302,0.801231,1.21037,1.33326,1.72219,1.26395,2.2744
1.12332,0.777191,2.03379,0.855848,0.812779,1.2236,1.33185,1.74099,1.24959,2.27034
1.13235,0.787456,2.03146,0.852976,0.819445,1.2348,1.34258,1.75786,1.24558,2.28907
1.13159,0.783393,2.04499,0.841727,0.823196,1.24508,1.34089,1.7718,1.23733,2.30805
1.15053,0.774693,2.05218,0.846937,0.816734,1.24816,1.3428,1.77929,1.24422,2.28469
1.14204,0.774851,2.08256,0.848657,0.811704,1.25754,1.34324,1.77055,1.24756,2.29454
1.15727,0.772603,2.08644,0.844209,0.801141,1.27029,1.34153,1.75913,1.24572,2.34386
1.15311,0.772918,2.07674,0.844444,0.816336,1.27924,1.33366,1.77372,1.24055,2.36716
1.13775,0.776245,2.05624,0.8493,0.80239,1.28374,1.34712,1.78257,1.24827,2.35587
1.14583,0.782766,2.07003,0.841351,0.80481,1.29057,1.33974,1.75181,1.23023,2.37661
1.14209,0.788724,2.06235,0.843121,0.816574,1.29651,1.3295,1.76163,1.21729,2.35386
1.13154,0.790462,2.0788,0.82054,0.806245,1.28337,1.34614,1.77457,1.2007,2.35567
1.14524,0.788712,2.04591,0.822352,0.80578,1.29522,1.32258,1.77218,1.20485,2.3275
1.15247,0.787053,2.06997,0.828927,0.803007,1.29855,1.30706,1.76067,1.18109,2.32609
1.14333,0.7853,2.04275,0.815151,0.810938,1.29906,1.32572,1.80054,1.17421,2.33283
1.14568,0.778756,2.06091,0.813888,0.814723,1.30739,1.32871,1.79965,1.1809,2.32916
1.14714,0.787862,2.0423,0.819173,0.813624,1.29386,1.32099,1.79677,1.17324,2.31882
1.15229,0.776965,2.08738,0.814975,0.814131,1.2979,1.32971,1.81332,1.181,2.29425
1.1451,0.776803,2.08431,0.812215,0.821643,1.30957,1.31841,1.79063,1.18129,2.3348
1.13291,0.777733,2.08729,0.809326,0.816852,1.31177,1.32069,1.7993,1.20339,2.2897
1.12999,0.781303,2.12288,0.79315,0.830383,1.31814,1.34347,1.77979,1.19052,2.32434
1.12422,0.792196,2.16022,0.789847,0.833681,1.31518,1.31961,1.79231,1.19782,2.3364
1.11525,0.781051,2.20055,0.799116,0.846015,1.29857,1.31253,1.81769,1.19857,2.32764
1.12625,0.783341,2.19881,0.79272,0.862907,1.30441,1.32305,1.82623,1.19142,2.35191
1.12851,0.783768,2.17409,0.808357,0.865153,1.31533,1.32914,1.81352,1.19052,2.37392
1.13062,0.789371,2.21462,0.806554,0.873175,1.35243,1.35681,1.80525,1.21928,2.37542
1.1258,0.809224,2.19055,0.805609,0.896897,1.35692,1.34739,1.80931,1.23886,2.39723
1.13782,0.802153,2.19515,0.80545,0.883212,1.37525,1.35414,1.8152,1.24911,2.40115
1.15079,0.803901,2.18218,0.803711,0.879502,1.37135,1.34961,1.81364,1.24818,2.387
1.15777,0.799186,2.2106,0.803649,0.883973,1.36292,1.36394,1.81875,1.24976,2.39727
1.15157,0.814524,2.21057,0.808479,0.893831,1.36027,1.35771,1.83702,1.26476,2.41593
1.16371,0.819617,2.23394,0.804307,0.891749,1.36022,1.37388,1.85103,1.25552,2.4112
1.17756,0.813672,2.24276,0.794292,0.883147,1.37087,1.36149,1.83297,1.24115,2.41313
1.18422,0.81444,2.26949,0.800733,0.882551,1.37604,1.38156,1.82572,1.2493,2.39289
1.19736,0.809562,2.2818,0.788869,0.880166,1.38817,1.39217,1.85818,1.28018,2.40544
1.20172,0.807905,2.27896,0.778183,0.886876,1.37317,1.38095,1.87899,1.2739,2.3911
1.20275,0.80484,2.24862,0.780289,0.88686,1.36826,1.39637,1.89994,1.29285,2.41418
1.18509,0.806624,2.29643,0.775295,0.883385,1.34604,1.42682,1.90348,1.2913,2.44852
1.19436,0.800537,2.33394,0.78428,0.878653,1.35928,1.42779,1.90101,1.26916,2.48221
1.18131,0.799684,2.34827,0.783305,0.899762,1.35662,1.45005,1.88921,1.28146,2.49793
1.19065,0.793572,2.32448,0.773761,0.911824,1.35684,1.45248,1.90004,1.27271,2.53319
1.1627,0.798247,2.31448,0.778683,0.910186,1.34566,1.46347,1.87669,1.28588,2.53127
1.15894,0.789014,2.34803,0.766979,0.914318,1.34719,1.46995,1.88727,1.31445,2.51037
1.15537,0.788855,2.35334,0.763948,0.905855,1.3368,1.46361,1.90454,1.31301,2.51334
1.15379,0.793723,2.33969,0.768753,0.912492,1.31841,1.46024,1.88552,1.33611,2.51688
1.13419,0.801466,2.32151,0.7795,0.911585,1.32263,1.44142,1.88567,1.33612,2.51827
1.14955,0.796764,2.37664,0.778528,0.91077,1.31915,1.43545,1.89369,1.32608,2.53318
1.15994,0.794104,2.36145,0.774791,0.905447,1.33876,1.43967,1.87415,1.32868,2.55542
1.16184,0.786084,2.34932,0.769683,0.922341,1.33476,1.43733,1.89056,1.34097,2.57647
1.1829,0.786644,2.34837,0.780725,0.921991,1.35885,1.42476,1.88163,1.3314,2.58424
1.18248,0.801273,2.3595,0.778905,0.917867,1.3662,1.45648,1.88222,1.33186,2.60947
1.19595,0.798409,2.39125,0.778744,0.919439,1.35945,1.45899,1.89044,1.33177,2.63641
1.1973,0.811577,2.39103,0.783617,0.922014,1.34802,1.46754,1.86378,1.3399,2.62838
1.19597,0.804592,2.34702,0.779596,0.922279,1.34739,1.45826,1.85274,1.32902,2.61708
1.19376,0.816105,2.33861,0.778145,0.93662,1.35479,1.44733,1.85568,1.32657,2.61772
1.20315,0.817019,2.33727,0.778279,0.928548,1.34959,1.43873,1.8404,1.33365,2.58599
1.20798,0.818029,2.34455,0.774696,0.923401,1.34157,1.44133,1.82151,1.30956,2.61019
1.20452,0.810192,2.3341,0.773998,0.914799,1.32286,1.44101,1.79102,1.29351,2.63664
1.21118,0.807655,2.32409,0.761496,0.920724,1.33662,1.45267,1.78796,1.27939,2.59499
1.20754,0.813593,2.32176,0.760194,0.934343,1.32183,1.44321,1.79151,1.27743,2.6069
1.20457,0.805295,2.3157,0.758672,0.945554,1.32054,1.43199,1.7731,1.27281,2.6109
1.21913,0.810998,2.29479,0.761116,0.954683,1.33492,1.4258,1.75801,1.28114,2.61252
1.21756,0.805511,2.28727,0.753865,0.950525,1.35465,1.41221,1.7384,1.27076,2.63072
1.23573,0.788205,2.2831,0.73759,0.946042,1.36846,1.40407,1.71908,1.27678,2.62778
1.24304,0.787269,2.25858,0.733992,0.938514,1.3492,1.41574,1.70134,1.28779,2.63818
1.21618,0.787869,2.28054,0.731347,0.9547,1.37513,1.39319,1.68714,1.29556,2.59149
1.21568,0.773908,2.24954,0.728537,0.958615,1.38776,1.4035,1.67749,1.29039,2.60819
1.22663,0.769693,2.25155,0.73079,0.946066,1.39436,1.3834,1.67388,1.27189,2.62749
1.2393,0.777017,2.25696,0.729091,0.958797,1.38837,1.36863,1.65531,1.26615,2.59609
1.23155,0.782448,2.27619,0.727391,0.957387,1.40095,1.38512,1.66494,1.26684,2.60769
1.25003,0.781826,2.27244,0.726677,0.963716,1.39963,1.4195,1.66899,1.25042,2.6032
1.25366,0.795083,2.2602,0.72494,0.977264,1.39837,1.40603,1.68265,1.25396,2.59651
1.26751,0.793849,2.22443,0.73474,0.988618,1.38506,1.39423,1.69713,1.24812,2.64695
1.27213,0.789779,2.20549,0.742164,1.00087,1.37333,1.38944,1.68622,1.24957,2.65036
1.27735,0.777325,2.17861,0.749454,1.01331,1.38677,1.38763,1.66645,1.2431,2.68402
1.26092,0.779088,2.18113,0.762243,1.01148,1.36639,1.38361,1.66378,1.22817,2.66164
1.25395,0.779153,2.17283,0.768629,1.01777,1.37524,1.40068,1.68596,1.23442,2.66978
1.23556,0.784529,2.13173,0.773354,1.02768,1.36865,1.39264,1.69366,1.25006,2.67678
1.23769,0.782203,2.12861,0.767713,1.03024,1.3679,1.39947,1.71751,1.24005,2.65246
1.23405,0.783215,2.14828,0.770472,1.03348,1.36833,1.36826,1.6968,1.25878,2.64708
1.23846,0.784592,2.18709,0.776134,1.03151,1.37112,1.36372,1.68212,1.24929,2.60549
1.2242,0.787217,2.23527,0.780899,1.02029,1.37452,1.37828,1.68393,1.23595,2.58407
1.24033,0.782675,2.22479,0.787409,1.01429,1.38398,1.37004,1.68455,1.24617,2.55031
1.23449,0.790976,2.22685,0.790694,1.00627,1.38628,1.37778,1.69335,1.2353,2.51643
1.24569,0.783748,2.21604,0.79582,0.990294,1.37696,1.37617,1.72115,1.24407,2.52106
1.23853,0.780627,2.25528,0.804728,0.997654,1.37135,1.3614,1.70009,1.23727,2.5056
1.25289,0.785829,2.24674,0.798992,1.0092,1.35626,1.38157,1.70581,1.23545,2.47579
1.25985,0.799426,2.26891,0.802757,1.0064,1.38108,1.37868,1.72617,1.23288,2.54061
1.23466,0.802701,2.25015,0.808506,1.01055,1.37606,1.38546,1.68271,1.24544,2.49454
1.22813,0.794095,2.23061,0.802354,1.00592,1.40167,1.39009,1.66203,1.24727,2.51374
1.2341,0.790918,2.2715,0.798516,1.00771,1.40252,1.38642,1.65166,1.24548,2.52094
1.23383,0.773183,2.30104,0.790382,1.01593,1.43217,1.39405,1.67404,1.27049,2.4485
1.24166,0.76502,2.29322,0.774348,1.02853,1.45378,1.38063,1.66597,1.25789,2.44925
1.23957,0.760023,2.27104,0.771423,1.03522,1.44234,1.3654,1.65251,1.25063,2.38992
1.22852,0.776275,2.27532,0.776292,1.03061,1.44473,1.38013,1.63663,1.24431,2.38272
1.2206,0.781395,2.28828,0.782625,1.0332,1.4647,1.39459,1.65749,1.2459,2.37366
1.22849,0.782562,2.26567,0.772135,1.04426,1.48357,1.39197,1.6551,1.24587,2.39905
1.23734,0.795512,2.24919,0.774692,1.04569,1.51228,1.38352,1.67363,1.27854,2.37209
1.25032,0.775712,2.21083,0.781577,1.04272,1.49546,1.39659,1.68074,1.30623,2.40106
1.23206,0.77496,2.21331,0.787188,1.02629,1.50612,1.3901,1.66904,1.29374,2.41515
1.23384,0.763231,2.20687,0.780894,1.03877,1.49072,1.38572,1.70034,1.29558,2.40836
1.23912,0.753286,2.23736,0.779789,1.03365,1.48471,1.36764,1.7034,1.30908,2.42245
1.24993,0.748303,2.27308,0.781694,1.02474,1.44925,1.37945,1.74087,1.28844,2.43566
1.23873,0.747558,2.28206,0.784465,1.03644,1.45098,1.36011,1.71832,1.29062,2.38928
1.21756,0.737253,2.26012,0.784006,1.0135,1.44179,1.35764,1.74211,1.29693,2.41055
1.21793,0.744001,2.27969,0.784242,1.01467,1.43234,1.35568,1.75339,1.28671,2.40595
1.20399,0.749107,2.29128,0.787021,0.994364,1.43877,1.37179,1.75254,1.28929,2.42188
1.22319,0.745245,2.2608,0.794103,0.994272,1.44104,1.37667,1.71992,1.28516,2.42824
1.2222,0.746458,2.27337,0.80763,0.991558,1.43849,1.38108,1.70219,1.28864,2.42141
1.20037,0.747072,2.28712,0.796804,1.00806,1.44131,1.3678,1.71325,1.28514,2.3975
1.19437,0.753948,2.24583,0.805611,1.00256,1.40764,1.38557,1.69137,1.2767,2.36511
1.1829,0.757108,2.26406,0.810944,1.00546,1.42123,1.39089,1.69371,1.28424,2.36646
1.18534,0.750264,2.26202,0.820754,1.00812,1.42636,1.38678,1.7011,1.27681,2.35022
1.18015,0.74365,2.27,0.825743,0.998223,1.42519,1.36729,1.6847,1.28314,2.32174
1.1977,0.738469,2.25629,0.811388,0.994086,1.4171,1.35517,1.67441,1.29078,2.28711
1.19626,0.741274,2.28439,0.827602,0.999927,1.41617,1.35141,1.652,1.29049,2.26954
1.20434,0.746831,2.27888,0.824264,1.0177,1.41171,1.35532,1.64795,1.27315,2.28433
1.19597,0.763027,2.25575,0.827143,1.0191,1.40186,1.34796,1.63371,1.26947,2.28093
1.19792,0.765489,2.21946,0.828178,1.02542,1.41426,1.33353,1.63546,1.2848,2.29976
1.20063,0.757572,2.2266,0.819624,1.02868,1.39248,1.32519,1.64934,1.29955,2.27514
1.20584,0.768579,2.20497,0.827741,1.03441,1.39128,1.33052,1.66103,1.285,2.28815
1.21328,0.759278,2.19543,0.822057,1.04545,1.39367,1.33756,1.66119,1.2854,2.2784
1.19905,0.764776,2.1838,0.823117,1.0482,1.37929,1.32781,1.68115,1.26866,2.29063
1.2066,0.7694,2.18216,0.836089,1.0337,1.38925,1.34981,1.69298,1.27521,2.31236
1.18939,0.76885,2.13236,0.830022,1.05897,1.38825,1.34312,1.72566,1.27344,2.3317
1.17718,0.78534,2.12421,0.831007,1.06085,1.38594,1.34089,1.71336,1.27473,2.33176
1.17335,0.797489,2.13222,0.823842,1.06973,1.39954,1.34763,1.73734,1.2839,2.33865
1.17652,0.793092,2.10286,0.832959,1.06038,1.38855,1.3607,1.74877,1.2863,2.35858
1.16957,0.79439,2.07354,0.825103,1.07344,1.38119,1.35244,1.74834,1.28757,2.34916
1.1557,0.785501,2.09163,0.832159,1.07574,1.38301,1.34623,1.74486,1.27947,2.36743
1.14409,0.786208,2.14673,0.833744,1.09404,1.37093,1.36032,1.76076,1.27347,2.37609
1.1295,0.783547,2.15879,0.819744,1.08347,1.34911,1.38186,1.75232,1.28257,2.39475
1.14059,0.783293,2.17201,0.83081,1.07619,1.35559,1.39827,1.72187,1.27801,2.34631
1.12604,0.784636,2.1697,0.833106,1.09429,1.34968,1.41903,1.74953,1.29318,2.38587
1.13975,0.78522,2.1766,0.83344,1.09038,1.36731,1.41652,1.73604,1.28364,2.3533
