0,1,2,3,4,5,6,7,8,9
0,0,0,0,0,0,0,0,0,0
0,0,0,0,0,0,0,0,0,0
0,0,0,0,0,0,0,0,0,0
0,0,0,0,0,0,0,0,0,0
0,0,0,0,0,0,0,0,0,0
0,0,0,0,0,0,0,0,0,0
0,0,0,0,0,0,0,0,0,0
0,0,0,0,0,0,0,0,0,0
0,0,0,0,0,0,0,0,0,0
0.102163,0.0953147,0.104374,0.098113,0.0969382,0.104276,0.1061,0.091998,0.10069,0.100033
0.107561,0.0887835,0.103294,0.0934695,0.101164,0.100727,0.119659,0.0877883,0.0974906,0.100063
0.107005,0.0886523,0.103799,0.0931812,0.102945,0.101086,0.118619,0.0883678,0.0969206,0.0994244
0.108636,0.0873462,0.102965,0.0935599,0.102457,0.103784,0.119468,0.0878169,0.0963149,0.0976503
0.108032,0.0899087,0.102413,0.0961968,0.100885,0.10163,0.114463,0.0932625,0.0962655,0.0969421
0.107727,0.0903153,0.100671,0.0968091,0.0986865,0.103339,0.110175,0.0955782,0.0977949,0.0989042
0.108074,0.0915327,0.0982737,0.0965237,0.105164,0.0994125,0.110409,0.0949873,0.0973831,0.0982409
0.110129,0.0908731,0.0963138,0.0964602,0.106332,0.0970102,0.108094,0.0982164,0.0993931,0.0971784
0.108065,0.0913692,0.0976515,0.0947715,0.105877,0.0982891,0.108685,0.095145,0.0997798,0.100368
0.105811,0.0923258,0.100396,0.0940567,0.104453,0.100192,0.109541,0.0937692,0.0978947,0.101561
0.106351,0.0915958,0.100183,0.0926539,0.104038,0.0989734,0.114864,0.0914558,0.0976045,0.102281
0.105377,0.0922626,0.100335,0.0940597,0.102919,0.0995744,0.114235,0.0912524,0.0971697,0.102816
0.110839,0.0946069,0.0982739,0.093127,0.103933,0.0968111,0.108776,0.0976557,0.100604,0.0953732
0.109814,0.0942482,0.0988656,0.0950473,0.104635,0.0963233,0.108015,0.0985916,0.099687,0.0947732
0.11095,0.093448,0.0973124,0.0957222,0.10727,0.0956647,0.107975,0.0986521,0.101274,0.0917323
0.108954,0.0906774,0.0986274,0.0949398,0.109176,0.0966954,0.109374,0.0962456,0.0994653,0.095845
0.110306,0.0902616,0.0968965,0.0943173,0.111262,0.097291,0.10893,0.0979689,0.0990547,0.0937115
0.110902,0.0895295,0.0967649,0.094626,0.112321,0.0969943,0.110167,0.0977828,0.0989942,0.0919189
0.112052,0.0900245,0.0985931,0.0949134,0.107198,0.0963702,0.109359,0.0986303,0.100461,0.0923973
0.11428,0.0898491,0.0964468,0.0953809,0.111262,0.0943896,0.10842,0.0997404,0.100655,0.0895761
0.115655,0.0886961,0.0969599,0.0946064,0.108944,0.0942994,0.11133,0.0978602,0.101936,0.0897127
0.111433,0.0902182,0.0968869,0.0951259,0.109109,0.0956796,0.110582,0.0975232,0.100569,0.0928738
0.108665,0.092145,0.0986581,0.0943593,0.104214,0.0976338,0.112213,0.0951222,0.0999106,0.0970788
0.108459,0.0929333,0.098576,0.0945548,0.105775,0.0983847,0.111879,0.0939782,0.099316,0.096144
0.110631,0.0930199,0.0984155,0.0937286,0.100216,0.102455,0.107612,0.0952221,0.102243,0.0964576
0.113795,0.0898412,0.0975083,0.0925543,0.0971314,0.107702,0.10634,0.0944583,0.105539,0.0951299
0.114046,0.0875171,0.0961447,0.0944383,0.101384,0.109343,0.104353,0.094912,0.103926,0.0939351
0.116411,0.0847046,0.0963567,0.0938808,0.100999,0.111483,0.105244,0.0931627,0.104355,0.0934025
0.118601,0.0831335,0.0967169,0.0917134,0.0986113,0.111645,0.108872,0.091589,0.106551,0.0925661
0.117941,0.0819124,0.0963287,0.0934423,0.0985206,0.112862,0.106597,0.0936478,0.105028,0.0937209
0.119942,0.0801254,0.0966089,0.090005,0.0972481,0.113275,0.110967,0.0915396,0.106576,0.0937134
0.122993,0.0763169,0.0979397,0.0875228,0.0948342,0.11473,0.115275,0.0894416,0.106305,0.0946415
0.121206,0.0720765,0.0991843,0.0862033,0.0892604,0.121126,0.11583,0.0871378,0.106719,0.101257
0.119321,0.0718087,0.098072,0.091328,0.0909297,0.122733,0.113893,0.0876891,0.108621,0.0956042
0.111832,0.0756808,0.100625,0.0967412,0.0921341,0.11981,0.111893,0.090381,0.104597,0.0963058
0.110655,0.0776085,0.102284,0.0980194,0.0925537,0.117236,0.11091,0.0912808,0.101962,0.0974911
0.111015,0.075497,0.100671,0.0959802,0.0952574,0.115691,0.115984,0.0912734,0.100044,0.0985873
0.10733,0.0815206,0.101156,0.101565,0.0951815,0.109912,0.112341,0.0945805,0.0981112,0.098303
0.103619,0.0892487,0.100762,0.105898,0.0960552,0.107371,0.106894,0.0984812,0.0984818,0.0931889
0.10405,0.0898528,0.0999207,0.104068,0.0944802,0.106976,0.108834,0.0986867,0.0988555,0.0942753
0.102159,0.0900979,0.0994032,0.105565,0.0971429,0.106116,0.107089,0.0995474,0.0983212,0.0945584
0.102998,0.0932322,0.0980058,0.1055,0.0978718,0.101489,0.105431,0.101942,0.096867,0.0966635
0.103939,0.0954971,0.0980315,0.103821,0.0963533,0.102066,0.10379,0.10078,0.0967047,0.0990174
0.104939,0.0949504,0.0999692,0.102917,0.0922563,0.103447,0.107572,0.0980708,0.0968275,0.0990512
0.1034,0.0944394,0.0993126,0.102561,0.0978154,0.102788,0.104347,0.099702,0.097806,0.0978292
0.102395,0.0947606,0.102446,0.102254,0.09359,0.105188,0.105847,0.099656,0.0950628,0.0988003
0.102526,0.0931956,0.103447,0.10271,0.0941388,0.104803,0.105102,0.100165,0.0946542,0.099258
0.10222,0.0925764,0.10259,0.10222,0.096782,0.105304,0.105694,0.100315,0.0934205,0.0988788
0.103786,0.0937039,0.100724,0.101371,0.0976574,0.103942,0.102611,0.101223,0.0955393,0.0994433
0.105638,0.093449,0.0991929,0.0996357,0.102944,0.101281,0.10111,0.101588,0.0982721,0.0968888
0.104485,0.0933623,0.0979584,0.0996425,0.100987,0.100673,0.0999072,0.103073,0.100263,0.0996482
0.104175,0.0959216,0.0980591,0.0991682,0.0996917,0.0996929,0.101531,0.102207,0.100988,0.0985656
0.103717,0.0962237,0.099623,0.0980175,0.100001,0.100875,0.101373,0.100196,0.100662,0.0993125
0.104228,0.0987155,0.101466,0.0957633,0.0994401,0.101233,0.101895,0.0983317,0.0988025,0.100124
0.106495,0.0992321,0.101273,0.0974074,0.100251,0.101118,0.10213,0.0964999,0.100294,0.0953001
0.113101,0.0997837,0.10145,0.094674,0.0995213,0.0993608,0.10542,0.0961408,0.0988779,0.09167
0.11265,0.0993322,0.0996031,0.0958657,0.102551,0.0978568,0.104691,0.0985502,0.0991663,0.0897343
0.110417,0.0974112,0.096235,0.0947213,0.103508,0.0977525,0.107686,0.0997192,0.100888,0.0916616
0.108126,0.0946276,0.0952255,0.0945036,0.103268,0.101785,0.104032,0.100695,0.100574,0.0971626
0.106129,0.0916218,0.0976071,0.0974925,0.103691,0.0996379,0.104843,0.100655,0.0999215,0.0984019
0.104206,0.0936067,0.101072,0.0978132,0.0977362,0.102525,0.104678,0.0997321,0.0989498,0.0996808
0.108683,0.0884491,0.102097,0.0941935,0.091634,0.110293,0.105515,0.0960927,0.0992419,0.103801
0.108834,0.088431,0.103858,0.0930562,0.0891418,0.111299,0.106247,0.0957022,0.096989,0.106441
0.109814,0.0876186,0.104348,0.0913123,0.0872621,0.113415,0.108013,0.094893,0.0952848,0.108038
0.109649,0.0869192,0.102491,0.0939882,0.0854641,0.112409,0.106439,0.0960023,0.0980848,0.108554
0.106049,0.0893938,0.102927,0.0941477,0.085651,0.113042,0.108417,0.0971401,0.0952685,0.107964
0.10596,0.0906029,0.106703,0.0949,0.0885525,0.112711,0.109743,0.0914363,0.0957338,0.103658
0.105774,0.0914525,0.109623,0.0972461,0.0876621,0.113569,0.111808,0.0890814,0.0938116,0.0999723
0.104606,0.0926849,0.107002,0.0987639,0.0890567,0.110703,0.109225,0.0922906,0.0948179,0.10085
0.103754,0.0942753,0.104942,0.0997515,0.0918791,0.107283,0.107638,0.0961504,0.0935431,0.100783
0.102083,0.0951581,0.103974,0.102211,0.0939053,0.104824,0.106347,0.0968495,0.0963591,0.0982885
0.103852,0.0932879,0.103185,0.101874,0.0994538,0.100282,0.105602,0.0979961,0.0959882,0.0984796
0.104364,0.0943826,0.105098,0.101847,0.099352,0.100919,0.107081,0.0959835,0.0945661,0.0964067
0.107095,0.0932557,0.107502,0.101971,0.0943486,0.0986,0.108578,0.0974444,0.0945354,0.0966703
0.108425,0.0929828,0.109584,0.0986065,0.0961061,0.100354,0.110008,0.0939065,0.0922304,0.0977963
0.107555,0.0927203,0.10577,0.102693,0.0958465,0.102538,0.106555,0.0988008,0.0942883,0.0932341
0.107848,0.0922456,0.103341,0.103924,0.0940268,0.102697,0.106031,0.0997718,0.0971128,0.0930018
0.106206,0.0937213,0.104665,0.10328,0.0932514,0.102845,0.106297,0.0994544,0.0962778,0.0940014
0.104077,0.0936905,0.105543,0.100036,0.0953496,0.105454,0.106132,0.0982556,0.0951019,0.0963602
0.104605,0.0912782,0.101851,0.101933,0.0959779,0.104347,0.103848,0.100561,0.0992789,0.0963193
0.10528,0.0858219,0.100753,0.100555,0.0999873,0.104523,0.105801,0.101906,0.0999378,0.0954342
0.103669,0.0880834,0.102063,0.100309,0.0998994,0.104031,0.107636,0.100415,0.097189,0.0967053
0.104677,0.0918792,0.0998745,0.102421,0.0939086,0.101615,0.107245,0.10203,0.098775,0.0975756
0.103269,0.0922156,0.100635,0.102283,0.0967359,0.103597,0.104469,0.10118,0.0977019,0.0979143
0.103278,0.0964493,0.0998397,0.100575,0.0962449,0.102809,0.103019,0.099048,0.0970063,0.101731
0.101641,0.0973445,0.0999534,0.101321,0.0963739,0.102532,0.102559,0.0990045,0.0970682,0.102203
0.103737,0.0978244,0.100808,0.0987151,0.0964,0.101645,0.104875,0.0979751,0.0967037,0.101317
0.106547,0.0987352,0.0998687,0.0984224,0.0986587,0.099664,0.105798,0.0985646,0.0958487,0.0978926
0.104171,0.0979656,0.102221,0.101421,0.0912929,0.105195,0.106896,0.0982146,0.0920155,0.100607
0.102854,0.098957,0.0997707,0.10306,0.0944583,0.10115,0.10486,0.100424,0.093499,0.100968
0.104648,0.0993507,0.102043,0.100242,0.0941039,0.100636,0.106795,0.0980017,0.0932717,0.100908
0.104241,0.0983225,0.0998125,0.100678,0.093145,0.103061,0.104378,0.0990015,0.0947741,0.102587
0.105346,0.0931535,0.10394,0.0969061,0.099031,0.106185,0.106722,0.0955942,0.0923949,0.100728
0.108489,0.0952639,0.102873,0.0971688,0.0996454,0.10311,0.104154,0.0954834,0.0948833,0.0989286
0.104627,0.0926581,0.103069,0.0992102,0.101243,0.104405,0.105725,0.0962266,0.0929231,0.0999121
0.11118,0.0916547,0.101404,0.0965336,0.0990024,0.102668,0.107625,0.095346,0.0968873,0.0976979
0.112728,0.0886084,0.101075,0.0964585,0.0971582,0.102557,0.115323,0.0920027,0.0969809,0.0971087
0.110132,0.089612,0.103046,0.0949483,0.0952672,0.0992372,0.116838,0.0928672,0.0979628,0.100089
0.110288,0.0900973,0.104671,0.0928913,0.0953757,0.101196,0.114401,0.0935566,0.0969153,0.100607
0.110569,0.0871785,0.106356,0.0920276,0.0950567,0.103623,0.116839,0.0912862,0.0960135,0.101051
0.11414,0.0861999,0.10166,0.0943944,0.0969348,0.10068,0.117908,0.0920713,0.0976165,0.0983952
0.110656,0.0894213,0.0998239,0.0961752,0.101678,0.0964782,0.113796,0.0959288,0.0968631,0.0991799
0.109267,0.0929214,0.0976755,0.0973306,0.102735,0.0959719,0.107527,0.0999862,0.098632,0.0979529
0.111131,0.0923662,0.0977549,0.095808,0.102135,0.0938312,0.107566,0.100136,0.101092,0.0981786
0.112749,0.0902567,0.100004,0.0937428,0.100008,0.0925645,0.112447,0.0986009,0.101372,0.0982555
0.108748,0.0911856,0.0997535,0.0953235,0.100945,0.0951828,0.11014,0.0972276,0.10089,0.100604
0.113049,0.0903047,0.0987999,0.0947508,0.100109,0.0942172,0.111616,0.0986341,0.10167,0.0968496
0.109976,0.092671,0.101053,0.0949737,0.0974219,0.0970943,0.11076,0.0974394,0.0999207,0.0986901
0.115324,0.0919935,0.0972449,0.0949809,0.102423,0.0930472,0.10875,0.102831,0.100727,0.0926788
0.11534,0.0935571,0.0981041,0.0951267,0.103774,0.0942719,0.107096,0.101481,0.100206,0.0910431
0.111695,0.0968214,0.0983099,0.0958219,0.103903,0.0950038,0.104315,0.101223,0.100104,0.0928027
0.110531,0.0930798,0.0973498,0.0961361,0.107367,0.0953896,0.106426,0.101537,0.101335,0.0908502
0.105502,0.0933475,0.0983101,0.0971936,0.107646,0.097553,0.108104,0.0990171,0.0995715,0.0937556
0.102553,0.0953479,0.10425,0.0959144,0.0995432,0.0997566,0.111649,0.0913269,0.0962385,0.10342
0.102057,0.0964055,0.103195,0.0965566,0.0994556,0.0994937,0.109899,0.094209,0.0967361,0.101992
0.101069,0.0955397,0.104894,0.0968287,0.101751,0.100865,0.109689,0.0919621,0.0945596,0.102842
0.101062,0.0966813,0.105568,0.0955864,0.0976596,0.106031,0.105623,0.0943719,0.0920971,0.10532
0.102199,0.0938269,0.105122,0.0951598,0.0996768,0.10584,0.109679,0.0911626,0.0945972,0.102736
0.101619,0.0948828,0.106388,0.0939476,0.0997613,0.106147,0.110844,0.0890754,0.0924434,0.104892
0.103374,0.0931267,0.105687,0.0949941,0.100459,0.10534,0.114471,0.0898367,0.0917103,0.101002
0.103913,0.0915444,0.107319,0.0918975,0.0986677,0.109776,0.115628,0.0878165,0.0900006,0.103438
0.106813,0.087975,0.109745,0.0897792,0.0963111,0.112533,0.123159,0.0856021,0.0879782,0.100103
0.106951,0.0876774,0.107618,0.092437,0.0989711,0.109627,0.123951,0.0847449,0.0911566,0.0968657
0.111357,0.0870169,0.101135,0.096333,0.104408,0.104204,0.11776,0.0908413,0.0947629,0.0921819
0.107905,0.0854825,0.101617,0.0931411,0.108401,0.100435,0.124339,0.0877615,0.0941357,0.0967819
0.106618,0.0883329,0.100777,0.0944381,0.107569,0.100363,0.117986,0.090068,0.0955763,0.0982721
0.10816,0.0872162,0.101372,0.0917299,0.108517,0.0970622,0.117843,0.0891238,0.0964348,0.102541
0.105625,0.0906358,0.1017,0.092977,0.106486,0.0986793,0.113431,0.0908651,0.0956735,0.103927
0.106848,0.0896955,0.104637,0.0919533,0.10481,0.0958529,0.114538,0.0907602,0.0972918,0.103613
0.106984,0.0918894,0.10903,0.0912385,0.101063,0.0952701,0.112997,0.0911964,0.0958684,0.104463
0.110528,0.0907098,0.10969,0.0911784,0.0983389,0.0934022,0.115715,0.0905548,0.098826,0.101057
0.108335,0.0910543,0.11361,0.0964547,0.0969947,0.0953313,0.110987,0.0921618,0.0962869,0.0987847
0.104875,0.0942874,0.109453,0.0988078,0.0987276,0.0993119,0.110263,0.0948829,0.0924516,0.0969407
0.103186,0.0957994,0.110546,0.0984493,0.0972519,0.0984402,0.109257,0.0928735,0.0949802,0.0992179
0.103794,0.096158,0.109914,0.0983724,0.097679,0.0979353,0.107821,0.0917397,0.0968592,0.0997279
0.104798,0.0953259,0.109699,0.0988573,0.0974208,0.0972792,0.108942,0.0901682,0.0968023,0.100707
0.105471,0.0936109,0.107399,0.0994223,0.095788,0.0993669,0.109562,0.0914483,0.0984618,0.0994693
0.110655,0.0916678,0.106072,0.0935853,0.103181,0.100017,0.109562,0.0881586,0.0983651,0.0987362
0.108233,0.091175,0.105937,0.0935601,0.100464,0.0975152,0.11355,0.0913405,0.0979694,0.100256
0.108317,0.0920298,0.103046,0.0944744,0.100446,0.0990376,0.111241,0.093078,0.0993822,0.0989482
0.109633,0.0917622,0.102695,0.0959674,0.0993793,0.100353,0.107365,0.0934318,0.0996489,0.0997642
0.109664,0.0964671,0.1018,0.0947737,0.102062,0.0971643,0.108023,0.095706,0.0998635,0.094477
0.115976,0.0950748,0.100214,0.0920204,0.101695,0.0932213,0.112618,0.0970729,0.100799,0.0913077
0.117009,0.093607,0.0957032,0.092814,0.105396,0.0931313,0.111154,0.100875,0.102841,0.0874697
0.114073,0.0942202,0.0937131,0.0965782,0.105757,0.0914644,0.105881,0.102817,0.104592,0.0909042
0.111794,0.0941774,0.0923844,0.0972492,0.10475,0.093362,0.106451,0.102662,0.104616,0.0925531
0.111099,0.0939781,0.0939551,0.0979147,0.103812,0.0925526,0.103979,0.103678,0.105017,0.0940146
0.108106,0.0926477,0.0910548,0.0985708,0.103198,0.0955713,0.107053,0.104306,0.103881,0.0956109
0.113365,0.0949486,0.0944272,0.0960623,0.104921,0.0922185,0.104343,0.102179,0.105088,0.0924457
0.112503,0.0957586,0.0954574,0.0945907,0.100973,0.0942645,0.104328,0.103485,0.104588,0.0940524
0.11373,0.0934196,0.0962413,0.0941404,0.0982021,0.0939461,0.107495,0.103795,0.105131,0.0938993
0.112703,0.0957986,0.0979501,0.0957407,0.095138,0.0946925,0.105974,0.102841,0.10413,0.0950326
0.108478,0.0980378,0.0979204,0.0983004,0.0932841,0.0987781,0.102638,0.102256,0.101809,0.0984991
0.105283,0.0970061,0.0996331,0.0974092,0.093472,0.100683,0.101935,0.100074,0.0999141,0.10459
0.106841,0.0933065,0.0994249,0.0979279,0.0941789,0.101815,0.102276,0.100403,0.102032,0.101795
0.106369,0.0944158,0.101926,0.0949428,0.0922714,0.102095,0.105482,0.0983215,0.101449,0.102728
0.104695,0.0940324,0.100468,0.0963648,0.0917243,0.10117,0.105562,0.100836,0.100405,0.104742
0.105426,0.092808,0.101791,0.0922414,0.0922444,0.104367,0.107404,0.0984636,0.0992591,0.105996
0.10647,0.0907255,0.102172,0.0924107,0.0930327,0.107239,0.108778,0.0953813,0.0973024,0.106489
0.103738,0.0924445,0.102408,0.0950174,0.094625,0.105351,0.105734,0.0982691,0.0983729,0.10404
0.103716,0.0925702,0.102285,0.0946488,0.0949227,0.104862,0.105276,0.09909,0.0973951,0.105235
0.102025,0.0959486,0.102724,0.0969541,0.0951609,0.100891,0.102187,0.101425,0.0996108,0.103074
0.105852,0.0951762,0.100871,0.096163,0.0969794,0.100253,0.102407,0.100807,0.102054,0.0994379
0.104596,0.0985815,0.0992058,0.0974571,0.100939,0.0982466,0.101662,0.101023,0.101442,0.0968475
0.105161,0.0996436,0.0994296,0.0973345,0.101811,0.098447,0.102712,0.0997355,0.102791,0.0929341
0.105432,0.0996636,0.100316,0.0980789,0.100834,0.0991771,0.102279,0.0990795,0.101203,0.0939363
0.10899,0.0945852,0.102865,0.0956942,0.0993404,0.105143,0.105529,0.0944936,0.0976986,0.0956602
0.106243,0.0961654,0.102459,0.0977032,0.0992728,0.102567,0.104322,0.0950591,0.0996433,0.0965647
0.107643,0.0936265,0.099235,0.0986759,0.10168,0.103066,0.103865,0.0972086,0.100778,0.0942223
0.109999,0.0897424,0.100042,0.0974938,0.104142,0.104123,0.106215,0.097167,0.100669,0.0904062
0.114085,0.0892096,0.0983316,0.0945613,0.104526,0.104069,0.109959,0.0961757,0.101091,0.0879916
0.117697,0.0886168,0.0987898,0.0928691,0.102218,0.103586,0.111024,0.09571,0.101267,0.0882233
0.116096,0.0879091,0.101893,0.0941777,0.102557,0.104041,0.109326,0.0945915,0.10114,0.0882699
0.111145,0.0906748,0.101142,0.0972185,0.100995,0.102731,0.10591,0.0960936,0.100944,0.0931462
0.107845,0.0906496,0.100044,0.098451,0.1044,0.104454,0.103944,0.0994886,0.0971698,0.0935541
0.110527,0.0927952,0.0991065,0.0976815,0.103354,0.100527,0.102158,0.100246,0.0999337,0.09367
0.106036,0.0928407,0.0985302,0.0984903,0.103323,0.103208,0.103171,0.100953,0.0969375,0.0965103
0.107474,0.0927904,0.0984444,0.0984915,0.100047,0.102501,0.106792,0.0996875,0.0973814,0.0963903
0.109997,0.0919494,0.100949,0.0972639,0.0997572,0.102287,0.10835,0.0966194,0.096887,0.0959409
0.107281,0.0948889,0.102153,0.0974589,0.0995361,0.0999044,0.10638,0.0978543,0.0970088,0.0975347
0.107879,0.0929807,0.107458,0.0962018,0.0940458,0.101332,0.111553,0.0938111,0.0954388,0.0993001
0.110392,0.0894475,0.106648,0.0945275,0.0962949,0.0983917,0.115064,0.0931649,0.096517,0.0995513
0.111391,0.0893952,0.105216,0.0969591,0.0973207,0.0937421,0.115132,0.0958161,0.0987133,0.0963148
0.109316,0.0893558,0.104196,0.0970572,0.0964249,0.0981839,0.113898,0.0966954,0.0983583,0.0965144
0.107507,0.0908072,0.104473,0.0971068,0.0979824,0.0987209,0.111779,0.0953033,0.0980881,0.0982331
0.108994,0.0880175,0.106594,0.094362,0.0934202,0.104529,0.114264,0.0930748,0.0972228,0.0995223
0.114442,0.0847583,0.104601,0.0917086,0.0967002,0.107557,0.115997,0.0910887,0.0962717,0.0968749
0.113151,0.0844013,0.104691,0.0921604,0.098683,0.108276,0.11582,0.0906355,0.0960204,0.0961615
0.107988,0.086635,0.103461,0.0937507,0.0981025,0.105692,0.117856,0.0911042,0.0968811,0.0985291
0.106294,0.0892383,0.103511,0.0939291,0.0976744,0.105987,0.113355,0.0920522,0.0975604,0.100398
0.104485,0.0915211,0.104578,0.0949347,0.0973593,0.104396,0.111044,0.0955683,0.0942655,0.101849
0.10431,0.0923272,0.105433,0.0944138,0.0975505,0.105983,0.110861,0.094127,0.0935481,0.101446
0.103823,0.0921005,0.105717,0.093752,0.0959784,0.105851,0.110096,0.0952614,0.094273,0.103148
0.105665,0.0907042,0.104065,0.0953684,0.0970224,0.103993,0.110634,0.0947785,0.0973534,0.100417
0.102348,0.0925386,0.104984,0.0969531,0.0981689,0.102904,0.109571,0.0936691,0.0971478,0.101716
0.102742,0.0929317,0.101887,0.0962223,0.101419,0.102952,0.109528,0.0941612,0.0966729,0.101483
0.101985,0.0919603,0.10504,0.0959829,0.0989125,0.102335,0.11011,0.0936464,0.0958191,0.104209
0.103429,0.0890821,0.108164,0.0960611,0.0947558,0.104095,0.112624,0.0917139,0.0963344,0.103741
0.102093,0.0885476,0.108868,0.0953913,0.0954613,0.103327,0.113929,0.0916099,0.095827,0.104945
0.105932,0.0898497,0.107851,0.0959298,0.08821,0.107445,0.112924,0.0918241,0.0978826,0.102152
0.100817,0.0954292,0.108112,0.0964163,0.0929195,0.108043,0.108185,0.0935318,0.0938646,0.102682
0.102366,0.0962135,0.104961,0.0967498,0.0929166,0.105911,0.106163,0.0959488,0.0952131,0.103558
0.104353,0.0956666,0.107934,0.0948327,0.0918404,0.10761,0.108029,0.0927252,0.0928981,0.10411
0.101633,0.0982809,0.107952,0.0950555,0.0952206,0.106148,0.106785,0.0930147,0.0913336,0.104577
0.102821,0.0985308,0.106972,0.0965437,0.0966341,0.103279,0.109391,0.0937038,0.0916557,0.100469
0.107616,0.0979737,0.108287,0.0948486,0.0964589,0.105056,0.110678,0.0902493,0.0920359,0.0967954
0.11128,0.0931063,0.110003,0.0925151,0.0973303,0.102474,0.117027,0.0874055,0.092476,0.0963825
0.111017,0.0911668,0.109089,0.0926958,0.100477,0.097964,0.119113,0.0866131,0.094665,0.0971994
0.113969,0.0877739,0.107479,0.0936186,0.0991669,0.100135,0.120211,0.0887709,0.0942245,0.0946521
0.111788,0.0906432,0.10873,0.0945118,0.0972048,0.0994555,0.119435,0.0911027,0.0928163,0.0943129
0.110169,0.0914245,0.107166,0.0974849,0.0987635,0.0990287,0.114183,0.0949704,0.0934177,0.093392
0.108711,0.0920376,0.107513,0.0965777,0.0984301,0.0977247,0.115781,0.0946184,0.094789,0.0938175
0.108703,0.0925583,0.106649,0.0991611,0.0954214,0.0963209,0.112309,0.0963728,0.0975622,0.0949415
0.105256,0.0942034,0.102507,0.10082,0.0968335,0.100446,0.108274,0.0989232,0.0980061,0.0947315
0.103289,0.09541,0.101748,0.100632,0.0980658,0.101554,0.104035,0.0994954,0.0992666,0.0965034
0.104528,0.0946478,0.101476,0.102783,0.0987689,0.101291,0.101989,0.101419,0.0972576,0.0958393
0.105137,0.0929382,0.101492,0.103709,0.0986069,0.102031,0.101696,0.101811,0.0969948,0.0955833
0.104202,0.092437,0.101232,0.104929,0.0970707,0.101649,0.103137,0.101702,0.0970849,0.0965577
0.102762,0.0916463,0.10029,0.105104,0.0964873,0.102621,0.104658,0.101004,0.0968107,0.0986166
0.102582,0.0910514,0.10036,0.105964,0.0964536,0.103033,0.105361,0.101838,0.0959498,0.0974079
0.103877,0.091222,0.0995929,0.105289,0.0920353,0.103299,0.106793,0.0995467,0.0981979,0.100146
0.10412,0.0891985,0.0992577,0.105574,0.0937651,0.103528,0.108602,0.0989468,0.0974621,0.099546
0.103276,0.0912939,0.0986119,0.103208,0.0963732,0.103345,0.108226,0.0987603,0.0964076,0.100498
0.105714,0.0915968,0.0973771,0.100664,0.0990063,0.101091,0.107925,0.0974967,0.0978234,0.101306
0.108192,0.0929463,0.0962613,0.0997754,0.0991061,0.0979412,0.108541,0.0999429,0.0979174,0.0993758
0.109774,0.0954064,0.0987749,0.0991253,0.0977909,0.0987593,0.106057,0.0990076,0.0990973,0.0962076
0.113527,0.0917271,0.100341,0.0971212,0.0966173,0.103999,0.109166,0.0947416,0.0991839,0.0935752
0.113255,0.0916492,0.0997051,0.0976982,0.096529,0.10492,0.108954,0.0956288,0.0991018,0.0925586
0.119317,0.0915786,0.0951901,0.0954074,0.106692,0.0954951,0.109988,0.0993844,0.0981628,0.088785
0.118748,0.0936657,0.0968364,0.0939102,0.105686,0.0959899,0.107532,0.0996116,0.0989533,0.089067
0.117973,0.0896918,0.0960994,0.0934648,0.106188,0.0955403,0.113541,0.0986125,0.0987652,0.0901236
0.117562,0.0898315,0.0964287,0.0939214,0.107725,0.0943124,0.111897,0.100837,0.0993072,0.0881785
0.114673,0.0897388,0.0956438,0.0950803,0.108623,0.0935179,0.11076,0.103947,0.102793,0.0852239
0.109905,0.0924384,0.0988695,0.0965928,0.105852,0.0965642,0.109677,0.0992115,0.100701,0.0901874
0.108148,0.0922677,0.0995856,0.0965583,0.105551,0.0971368,0.111103,0.0983912,0.100097,0.091162
0.111981,0.0890903,0.0975352,0.0945229,0.106622,0.0974836,0.111527,0.0999752,0.100324,0.0909385
0.111569,0.0911837,0.0982348,0.0956265,0.105795,0.0949267,0.109954,0.100459,0.100994,0.0912578
0.110963,0.0908624,0.0971663,0.0965789,0.103758,0.0951107,0.108857,0.1003,0.103918,0.0924861
0.102354,0.0949359,0.101187,0.0969687,0.105069,0.101213,0.103881,0.0973805,0.0947619,0.10225
0.100629,0.0942358,0.103792,0.0960102,0.104268,0.102804,0.106471,0.0960901,0.0922362,0.103464
0.100168,0.0966449,0.102925,0.0979667,0.101625,0.101042,0.104218,0.0982628,0.0955362,0.101611
0.102147,0.0942317,0.104393,0.096912,0.102074,0.101377,0.105206,0.0959426,0.0944751,0.103241
0.100866,0.0955112,0.100782,0.10055,0.102338,0.10027,0.101649,0.0990021,0.0949285,0.104105
0.104284,0.0945564,0.0996045,0.0997746,0.102385,0.0994249,0.101353,0.0993755,0.0970359,0.102205
0.102849,0.0955411,0.0992322,0.10048,0.0987036,0.0988885,0.101967,0.100921,0.0994392,0.10198
0.105144,0.094779,0.100725,0.0982523,0.101774,0.0961906,0.104731,0.0974981,0.09966,0.101245
0.10359,0.0950318,0.101074,0.0982556,0.102404,0.0976774,0.103573,0.0974368,0.0991412,0.101815
0.103116,0.0926273,0.102501,0.0941272,0.106587,0.10164,0.109435,0.0926118,0.0924383,0.104916
0.103672,0.0926343,0.10232,0.0954719,0.106548,0.100086,0.107229,0.0943741,0.0947797,0.102885
0.105196,0.0922578,0.0985445,0.097205,0.107453,0.0985314,0.107414,0.0951843,0.0973616,0.100852
0.109021,0.0932473,0.0975218,0.0999894,0.10365,0.0958712,0.103668,0.0986064,0.101093,0.0973315
0.112436,0.0942833,0.0967878,0.0983067,0.102441,0.0936555,0.104559,0.101304,0.102162,0.0940656
0.109078,0.0950826,0.0978073,0.0983153,0.100172,0.0954612,0.107344,0.100221,0.100518,0.0959998
0.106323,0.0928352,0.100171,0.0997346,0.101214,0.0950506,0.106565,0.0991588,0.100651,0.0982984
0.104083,0.0922208,0.103239,0.0956723,0.105749,0.0977251,0.107929,0.0947466,0.0977418,0.100894
0.102504,0.0972675,0.103002,0.0974153,0.104743,0.09958,0.10492,0.0936905,0.0971203,0.0997582
0.102947,0.0987321,0.103409,0.0979935,0.102098,0.0984638,0.104442,0.0951734,0.0980023,0.0987382
0.102076,0.100146,0.103001,0.0983893,0.0999661,0.0994452,0.104166,0.0942011,0.0996055,0.0990041
0.0992423,0.0998968,0.103218,0.0984863,0.098304,0.101188,0.102463,0.0956582,0.102321,0.0992226
0.0997058,0.100698,0.104371,0.0982281,0.0970219,0.101918,0.103054,0.0966859,0.0985797,0.0997372
0.100771,0.0972861,0.105484,0.0981976,0.0965507,0.10396,0.105133,0.0974096,0.0954762,0.0997323
0.100227,0.0980391,0.107234,0.0973404,0.0957138,0.103965,0.10751,0.0959977,0.094371,0.0996014
0.100425,0.0987541,0.10623,0.0958995,0.0957261,0.10382,0.106839,0.0954278,0.0947805,0.102098
0.0995222,0.0966097,0.109203,0.0951464,0.0923171,0.108021,0.106201,0.0945972,0.0941757,0.104208
0.099244,0.0957262,0.112017,0.0969369,0.0921849,0.108397,0.108652,0.0953362,0.0891534,0.102353
0.0995797,0.0983862,0.111113,0.097367,0.0902227,0.107993,0.10638,0.0950861,0.0931134,0.100759
0.100613,0.0946259,0.107458,0.0986414,0.0928085,0.107534,0.105201,0.0978453,0.091539,0.103734
0.101917,0.0935926,0.105985,0.101983,0.0903782,0.10545,0.10695,0.0971122,0.093848,0.102783
0.102054,0.0931707,0.108409,0.0996173,0.0904187,0.107449,0.107844,0.0938686,0.0951915,0.101977
0.101597,0.095718,0.106648,0.0998768,0.0917207,0.106316,0.105887,0.0969477,0.0920428,0.103246
0.101249,0.097615,0.109788,0.0971522,0.0906459,0.107879,0.107362,0.0944222,0.0900976,0.10379
0.103208,0.0953437,0.10293,0.0972637,0.0900617,0.105882,0.10568,0.0982572,0.0955481,0.105826
0.102074,0.0955206,0.104477,0.101548,0.0924595,0.104338,0.105675,0.0986336,0.0932628,0.102011
0.102748,0.0940083,0.102596,0.102368,0.0957725,0.103717,0.10488,0.100052,0.0942897,0.0995681
0.103962,0.0933353,0.0998686,0.100292,0.098232,0.104184,0.103512,0.100085,0.0978461,0.0986841
0.108934,0.0878009,0.096636,0.0980758,0.100612,0.106251,0.10532,0.0993216,0.101572,0.0954772
0.11417,0.0878472,0.0969708,0.0959604,0.0995077,0.105946,0.109572,0.0956115,0.101281,0.0931325
0.110451,0.0901051,0.0999515,0.0990047,0.0994323,0.104324,0.109012,0.0937214,0.0990361,0.0949613
0.113824,0.0918801,0.0979182,0.0975048,0.0981745,0.102553,0.108658,0.0972068,0.100279,0.0920014
0.109192,0.0968278,0.0986472,0.0974561,0.0965214,0.100778,0.106274,0.0992951,0.1014,0.0936086
0.112054,0.094801,0.0977875,0.0964265,0.0985954,0.102025,0.106604,0.0978871,0.100882,0.092937
0.0999565,0.0986111,0.100837,0.099149,0.10084,0.0999044,0.102261,0.0968934,0.104289,0.0972589
0.106649,0.0972963,0.100335,0.0994481,0.0988609,0.101042,0.104272,0.0978257,0.102908,0.0913624
0.106384,0.0932986,0.101605,0.0978508,0.0974608,0.104223,0.107735,0.0945543,0.100733,0.0961555
0.110535,0.0927401,0.100291,0.0964641,0.0964668,0.103103,0.108164,0.0972594,0.0994716,0.0955055
0.105682,0.0929698,0.10273,0.0975434,0.0959286,0.10584,0.108085,0.0943162,0.0979106,0.0989939
0.105295,0.0914114,0.104146,0.0952265,0.0912016,0.107509,0.109213,0.0949193,0.0982259,0.102852
0.111451,0.0857037,0.101811,0.0916016,0.0916118,0.109667,0.111022,0.0965268,0.0983992,0.102207
0.112659,0.0836483,0.102638,0.0919523,0.0929815,0.108076,0.114401,0.0957963,0.0983302,0.0995179
0.112955,0.085034,0.102646,0.0914646,0.0912714,0.110198,0.114153,0.0950247,0.0975716,0.0996818
0.107771,0.0900336,0.103588,0.0948548,0.0932281,0.107694,0.109881,0.0960009,0.0974986,0.0994504
0.110545,0.0870375,0.102881,0.0915829,0.0905404,0.111149,0.110699,0.0945462,0.0984238,0.102594
0.108032,0.0924723,0.105729,0.0941863,0.0929542,0.11004,0.10757,0.0951636,0.0932681,0.100585
0.10727,0.0940967,0.103448,0.0966843,0.0960194,0.10687,0.106451,0.0967819,0.0955197,0.0968578
0.107532,0.0952372,0.103152,0.0970861,0.09452,0.107316,0.105866,0.0957558,0.097593,0.0959421
0.105776,0.0965944,0.102717,0.0971376,0.0964096,0.105989,0.104977,0.0972318,0.0969992,0.0961694
0.111216,0.0919916,0.10092,0.0952918,0.0994803,0.104798,0.108993,0.0970716,0.0994153,0.0908227
0.109483,0.091461,0.0994052,0.0956452,0.0980714,0.104818,0.108446,0.0985829,0.0984505,0.0956365
0.108867,0.0883414,0.0969677,0.0987368,0.0969148,0.103564,0.106613,0.0979004,0.102286,0.0998091
0.104875,0.0925667,0.0971495,0.0983037,0.0978051,0.101975,0.105022,0.100105,0.100894,0.101304
0.106598,0.0928643,0.0970565,0.0972592,0.0998296,0.101994,0.105675,0.0987978,0.10152,0.0984067
0.111924,0.0896469,0.0944671,0.0948696,0.101656,0.102285,0.107488,0.0999686,0.102182,0.0955126
0.116133,0.0870327,0.0954258,0.0931715,0.104716,0.100523,0.112277,0.0992662,0.100742,0.0907125
0.110709,0.0912772,0.0951592,0.0938723,0.0986504,0.104911,0.107942,0.0984054,0.10142,0.0976545
0.105846,0.0959969,0.098575,0.0957317,0.0989323,0.101974,0.105367,0.097632,0.0999498,0.0999948
0.107751,0.0919036,0.097289,0.0969963,0.102363,0.100293,0.107329,0.0994827,0.0996692,0.0969236
0.106453,0.0935692,0.0974712,0.0959407,0.101061,0.100354,0.105757,0.0998836,0.100004,0.0995064
0.109238,0.0919127,0.0978525,0.0963334,0.103924,0.098004,0.106854,0.0999673,0.0993299,0.0965843
0.109536,0.0956928,0.10017,0.0952195,0.104316,0.0970737,0.107387,0.0972093,0.100911,0.092485
0.112113,0.0957761,0.0979384,0.0942139,0.105027,0.0960383,0.110282,0.0988592,0.100668,0.0890834
0.111998,0.0966091,0.0979149,0.0940715,0.105047,0.0956918,0.108799,0.0993592,0.100757,0.0897532
0.108377,0.0968701,0.0966408,0.0957448,0.104483,0.0981298,0.105325,0.100672,0.100321,0.0934357
0.103759,0.0973021,0.0981659,0.0986352,0.100198,0.0999472,0.10347,0.100793,0.100121,0.0976087
0.106248,0.0971856,0.0977543,0.0975428,0.102289,0.0964324,0.104653,0.100438,0.101298,0.0961596
0.11275,0.0941184,0.0969439,0.0953967,0.102704,0.0935748,0.105861,0.0998716,0.10488,0.0938997
0.110478,0.0948569,0.0971828,0.0973779,0.100954,0.0961621,0.103737,0.103869,0.102298,0.0930837
0.112333,0.0973886,0.100039,0.0971999,0.0988802,0.0988376,0.103921,0.0995417,0.101189,0.0906688
0.113074,0.0948232,0.101689,0.0958578,0.0962742,0.103157,0.10667,0.0994781,0.0995312,0.0894458
0.106192,0.0965379,0.100421,0.09752,0.0948342,0.10259,0.103452,0.100838,0.10029,0.0973236
0.105581,0.0975591,0.100972,0.0985383,0.0950264,0.101585,0.101995,0.10033,0.0999433,0.0984686
0.107805,0.0937281,0.101784,0.0958269,0.0911055,0.10755,0.104104,0.097368,0.0994564,0.101272
0.114456,0.0858208,0.0994438,0.0918263,0.0891558,0.110934,0.108763,0.0968695,0.101558,0.101173
0.112397,0.088127,0.0988525,0.0909315,0.0884546,0.111206,0.106071,0.0977188,0.102504,0.103737
0.112116,0.0882886,0.0982589,0.0914955,0.0923522,0.107366,0.108534,0.0990353,0.100661,0.101893
0.107496,0.0894576,0.100193,0.093827,0.0943192,0.108315,0.106834,0.0953532,0.100598,0.103608
0.102674,0.096229,0.100517,0.0965048,0.0977717,0.102877,0.10398,0.0977002,0.0994544,0.102291
0.105278,0.0934047,0.102079,0.0958984,0.0953663,0.105734,0.104941,0.0958931,0.0986337,0.102772
0.105795,0.0917017,0.102032,0.0924443,0.0963599,0.105761,0.110195,0.0943219,0.0982639,0.103126
0.107018,0.091,0.100039,0.092541,0.0948419,0.106071,0.109204,0.0962165,0.098654,0.104414
0.108336,0.0923169,0.0977377,0.0934371,0.0962993,0.104111,0.107725,0.099064,0.100959,0.100014
0.102929,0.0956446,0.101277,0.0967084,0.098198,0.101676,0.105914,0.0976065,0.0997441,0.100303
0.102809,0.0961904,0.100602,0.0978527,0.102617,0.100147,0.105668,0.0958624,0.0986928,0.0995598
0.104774,0.0957472,0.100592,0.0985231,0.10447,0.0988739,0.104837,0.0978144,0.0992332,0.0951356
0.102769,0.0966904,0.102424,0.098708,0.100347,0.102002,0.105737,0.0962305,0.0951239,0.0999673
0.106238,0.0929381,0.103385,0.0963584,0.0985372,0.104754,0.109264,0.0968949,0.0933691,0.098261
0.1048,0.0925245,0.103775,0.0963231,0.0997638,0.104793,0.108996,0.0944518,0.0942439,0.10033
0.109667,0.0895813,0.10542,0.0946527,0.0989094,0.105178,0.111896,0.0914107,0.0967016,0.0965829
0.111435,0.0878782,0.106763,0.0953155,0.0975644,0.104124,0.11334,0.0957048,0.0933698,0.0945042
0.112493,0.0833697,0.104288,0.0955112,0.101785,0.104736,0.11485,0.0946792,0.0962279,0.0920605
0.115189,0.0817199,0.106383,0.0937778,0.0988125,0.108479,0.118025,0.0901736,0.0950817,0.0923586
0.117674,0.0807226,0.107942,0.0920647,0.0990772,0.110115,0.117875,0.0886699,0.093851,0.0920086
0.117974,0.0795765,0.105843,0.0919595,0.100414,0.109491,0.118111,0.0886966,0.095634,0.0923011
0.119222,0.0788572,0.104328,0.0913884,0.100566,0.109982,0.118265,0.0877622,0.0963765,0.0932517
0.119953,0.0804362,0.100046,0.0920021,0.102406,0.1072,0.116376,0.0889529,0.0999321,0.0926951
0.114785,0.0848982,0.101265,0.0920842,0.104439,0.104414,0.114885,0.0874656,0.0997325,0.0960321
0.112691,0.0863247,0.103246,0.093423,0.102006,0.104619,0.113776,0.0870479,0.100531,0.0963348
0.11128,0.0899482,0.100873,0.0931874,0.102161,0.101295,0.114191,0.0931617,0.0986999,0.0952028
0.111501,0.0932957,0.103042,0.0914829,0.100592,0.104993,0.109216,0.0897078,0.0985291,0.0976409
0.112339,0.0877661,0.0994638,0.0930457,0.107107,0.099884,0.114116,0.0933004,0.0984942,0.0944839
0.110224,0.093725,0.101356,0.0933521,0.105342,0.101048,0.113478,0.0898595,0.0961306,0.0954843
0.112126,0.0877264,0.0956059,0.0912819,0.110746,0.0991166,0.117745,0.0945731,0.0960827,0.094997
0.108565,0.0878713,0.0990232,0.092047,0.110307,0.098749,0.117205,0.0912813,0.095891,0.0990601
0.109228,0.090622,0.0956126,0.0948632,0.109903,0.0998541,0.110871,0.0970174,0.0960303,0.0959983
0.109007,0.0871812,0.0956,0.0963104,0.111457,0.0993074,0.111586,0.0968779,0.0963042,0.0963686
0.106991,0.088547,0.0955382,0.0970084,0.110002,0.100284,0.109952,0.0978284,0.0966398,0.0972089
0.104952,0.0906545,0.0951854,0.0976103,0.107846,0.101182,0.107393,0.100054,0.0967808,0.0983426
0.106385,0.0906656,0.0991515,0.0982982,0.106471,0.101113,0.109072,0.0947063,0.0965208,0.0976162
0.107651,0.0853188,0.0981253,0.0966089,0.102456,0.108043,0.107243,0.0961886,0.098354,0.100012
0.106859,0.0888205,0.102778,0.0956437,0.0927154,0.110505,0.105625,0.0961447,0.0979711,0.102937
0.106946,0.089294,0.101633,0.0927653,0.094613,0.108857,0.106792,0.095628,0.0978096,0.105662
0.104125,0.0939317,0.10421,0.0962652,0.0944958,0.104361,0.10645,0.0970155,0.0957811,0.103366
0.10483,0.0922799,0.103362,0.0972405,0.0934262,0.105494,0.105051,0.0982172,0.0963622,0.103737
0.105789,0.0915682,0.104546,0.0948124,0.090595,0.107497,0.107966,0.0966054,0.0947014,0.105919
0.103348,0.0924477,0.104316,0.0964468,0.0921147,0.106945,0.106622,0.0969284,0.0946703,0.106161
0.103779,0.0935508,0.103425,0.0967081,0.0926357,0.105764,0.106331,0.0976455,0.0949613,0.1052
0.102533,0.0952655,0.102644,0.0982397,0.0932953,0.104408,0.104488,0.0987158,0.0961523,0.104258
0.103913,0.0963492,0.101137,0.0971236,0.0965284,0.102316,0.105565,0.0992303,0.0962385,0.101599
0.103386,0.100111,0.0993984,0.100827,0.0978073,0.0975798,0.101908,0.100835,0.0991483,0.0989999
0.105029,0.10007,0.0991625,0.0997959,0.0998525,0.096088,0.100284,0.100611,0.0999466,0.0991616
0.100692,0.0982286,0.103326,0.0976294,0.0976378,0.102032,0.10207,0.0986269,0.0951775,0.10458
0.102278,0.0955516,0.100537,0.0961594,0.0963967,0.101824,0.10364,0.0994777,0.0976886,0.106447
0.103264,0.0934181,0.100153,0.0950464,0.0975041,0.101852,0.102427,0.101189,0.097956,0.107191
0.104119,0.0865835,0.100068,0.0964239,0.097516,0.105782,0.104471,0.101629,0.0966884,0.106719
0.105742,0.0893592,0.0998867,0.0937921,0.096554,0.106734,0.105858,0.0985985,0.0977645,0.105711
0.106954,0.0866015,0.101341,0.0919632,0.0969525,0.109409,0.111296,0.0949129,0.095464,0.105105
0.110995,0.0859801,0.0994957,0.0887063,0.0949894,0.109339,0.111069,0.0951142,0.0991309,0.105181
0.11121,0.0849077,0.0994189,0.0898651,0.094005,0.109681,0.110246,0.096716,0.100053,0.103898
0.109534,0.0880211,0.100651,0.0922147,0.0972109,0.108749,0.107845,0.0935678,0.101148,0.101058
0.110176,0.0875536,0.0996672,0.0928984,0.0952893,0.109379,0.108201,0.0939254,0.102346,0.100564
0.108692,0.0888481,0.0998295,0.092814,0.097934,0.107658,0.108402,0.0941687,0.100501,0.101152
0.107932,0.088465,0.100457,0.0921237,0.102624,0.10613,0.113124,0.0917899,0.096571,0.100784
0.111908,0.0858163,0.0993643,0.0895178,0.101514,0.105369,0.120616,0.0900637,0.0973678,0.0984638
0.109193,0.0872823,0.0992944,0.0911366,0.101422,0.106401,0.115886,0.0912334,0.0984599,0.0996907
0.107394,0.0890196,0.10015,0.0940343,0.100204,0.106917,0.110799,0.0928004,0.0988881,0.0997927
0.107056,0.0900406,0.0998246,0.0977391,0.0988329,0.107824,0.104549,0.0958543,0.101421,0.0968591
0.107588,0.0905824,0.100726,0.0982728,0.0979885,0.107766,0.104992,0.0961268,0.098707,0.0972509
0.106063,0.0922622,0.100873,0.0959508,0.101393,0.106368,0.105163,0.0944293,0.098739,0.0987589
0.107645,0.0886068,0.0995483,0.0980472,0.100704,0.109005,0.103233,0.0953238,0.100709,0.0971786
0.104252,0.0933424,0.103531,0.0981089,0.0978152,0.106614,0.105048,0.0965776,0.0948928,0.0998187
0.110702,0.0876043,0.0985544,0.0983539,0.0985772,0.110886,0.102282,0.0960107,0.101308,0.0957216
0.108636,0.089058,0.100152,0.0993887,0.0997543,0.110317,0.101493,0.0966932,0.0992611,0.0952482
0.111382,0.0856534,0.100731,0.102135,0.101571,0.110485,0.101963,0.0971281,0.0994404,0.0895113
0.10554,0.0899064,0.0994357,0.101804,0.102644,0.106007,0.102359,0.0987999,0.0991812,0.0943232
0.106678,0.0898771,0.0981872,0.100065,0.104195,0.103543,0.101774,0.0996589,0.100632,0.0953906
0.101586,0.0956962,0.100347,0.100793,0.101223,0.103232,0.0999162,0.10018,0.098534,0.0984932
0.103221,0.099,0.100143,0.100004,0.10205,0.0998427,0.100124,0.0991353,0.0986932,0.0977868
0.102679,0.0973494,0.0992987,0.101243,0.100985,0.101165,0.100134,0.101669,0.0975593,0.0979166
0.103848,0.0950594,0.100369,0.10206,0.0995944,0.101063,0.100297,0.102295,0.0993209,0.0960921
0.105897,0.0926018,0.101681,0.103487,0.0963602,0.101877,0.103711,0.100297,0.0995929,0.0944961
0.103844,0.0952249,0.101766,0.102386,0.0976854,0.10143,0.102129,0.101611,0.097553,0.0963715
0.102377,0.0947966,0.101298,0.103404,0.0948171,0.100661,0.105709,0.100989,0.097588,0.0983593
0.102172,0.0975637,0.103998,0.101027,0.0949872,0.0999007,0.104078,0.101084,0.0968539,0.0983339
0.101979,0.0947762,0.101482,0.098384,0.0963074,0.102955,0.102921,0.0999129,0.100613,0.100669
0.103544,0.0945148,0.101227,0.0993816,0.100793,0.100026,0.105923,0.0988914,0.094698,0.101001
0.105978,0.0923095,0.103583,0.0996795,0.0981726,0.0989874,0.107068,0.0982259,0.0955707,0.100426
0.10667,0.092146,0.102693,0.101721,0.0970804,0.0983615,0.105353,0.099156,0.0980486,0.0987707
0.105125,0.0948776,0.10128,0.100001,0.0959609,0.102761,0.102897,0.0996997,0.0995992,0.0977995
0.106354,0.0934199,0.100286,0.0967003,0.0990302,0.103426,0.103912,0.0984499,0.0986207,0.099801
0.104405,0.0944281,0.0984864,0.098027,0.0992922,0.103297,0.101403,0.0995175,0.10095,0.100195
0.105598,0.0947556,0.100374,0.0975919,0.100807,0.102606,0.10472,0.0958856,0.0989957,0.0986667
0.107039,0.0861197,0.098006,0.0934633,0.1004,0.107592,0.11059,0.0953646,0.0996883,0.101738
0.10876,0.0886805,0.0968382,0.0939106,0.0981167,0.105376,0.108345,0.0977032,0.101118,0.101151
0.109943,0.0920967,0.102092,0.0951208,0.0969464,0.106454,0.111032,0.0944534,0.0946868,0.0971747
0.114492,0.0886135,0.102008,0.0923148,0.0940311,0.110255,0.112543,0.0966879,0.0918781,0.0971769
0.117961,0.0858891,0.101549,0.0896109,0.0920775,0.112372,0.113356,0.0951132,0.0949905,0.0970806
0.115375,0.0874516,0.10295,0.0908137,0.092905,0.111924,0.112664,0.0953702,0.0948181,0.0957282
0.109077,0.0921319,0.10532,0.0950327,0.0931355,0.110302,0.108877,0.0945725,0.0952305,0.0963203
0.110964,0.0909334,0.104626,0.094738,0.0923065,0.110604,0.110317,0.0942528,0.0959656,0.0952929
0.108671,0.0946716,0.105372,0.0963938,0.0934427,0.107833,0.106812,0.0938497,0.0971905,0.0957634
0.106725,0.094443,0.106036,0.0964039,0.092044,0.107313,0.108398,0.0943445,0.0967115,0.0975806
0.102997,0.0951044,0.103773,0.0985393,0.0946447,0.102442,0.107138,0.0983058,0.0967924,0.100263
0.103526,0.0933959,0.105283,0.0974938,0.0950103,0.104445,0.10873,0.0968786,0.0951917,0.100047
0.102243,0.0924264,0.104446,0.0974924,0.0970317,0.101515,0.111575,0.0959791,0.0959181,0.101374
0.101456,0.0943505,0.101957,0.0976924,0.0991714,0.101877,0.109497,0.0968929,0.0960736,0.101032
0.103353,0.0923952,0.100951,0.0977162,0.0994247,0.10185,0.110751,0.0966762,0.097602,0.0992802
0.102608,0.095034,0.102896,0.0971625,0.0976187,0.104749,0.108889,0.0962767,0.0936383,0.101127
0.10403,0.0953764,0.108562,0.0964749,0.0932131,0.102761,0.115334,0.0946591,0.0887457,0.100844
0.107761,0.0929462,0.106881,0.0990393,0.0954289,0.0986653,0.114464,0.0956538,0.0918007,0.0973597
0.108054,0.0922191,0.10925,0.0989856,0.0962373,0.0996771,0.114184,0.0946087,0.0910734,0.0957101
0.105847,0.0930063,0.108809,0.0992794,0.0968436,0.101055,0.113792,0.0950003,0.0904639,0.0959045
0.107108,0.0930437,0.108375,0.09668,0.0968259,0.101456,0.114652,0.0937595,0.0906985,0.0974018
0.106603,0.094224,0.110117,0.0971577,0.0962642,0.0991725,0.115148,0.0936646,0.0915269,0.0961214
0.106699,0.0919938,0.109872,0.0984732,0.0955491,0.0986986,0.116218,0.0966636,0.091219,0.0946135
0.109694,0.0911182,0.10905,0.0968784,0.0928635,0.0979876,0.117928,0.0941248,0.0945911,0.0957639
0.108824,0.0937533,0.106108,0.0972552,0.091888,0.0978096,0.114473,0.0980419,0.0957314,0.0961155
0.111314,0.0907458,0.105892,0.0948118,0.093649,0.0980541,0.11666,0.0958045,0.0953173,0.097752
0.110155,0.09061,0.105112,0.0944455,0.0945279,0.105551,0.113708,0.0941944,0.0953994,0.096297
0.111027,0.0959103,0.103288,0.0964749,0.097142,0.103286,0.108803,0.093938,0.0945018,0.0956285
0.11569,0.0915873,0.101928,0.095038,0.0985193,0.105023,0.110257,0.0928358,0.0956752,0.0934465
0.113087,0.0936644,0.101488,0.0960596,0.101113,0.102834,0.106691,0.0943172,0.0948452,0.0959002
0.111282,0.0946191,0.102191,0.0967151,0.0993729,0.102589,0.10802,0.094296,0.095298,0.0956165
0.108953,0.0939563,0.10523,0.0960569,0.0968885,0.10409,0.109532,0.0931538,0.0967603,0.0953797
0.109509,0.0935532,0.103054,0.0955672,0.0963479,0.106757,0.107972,0.0919814,0.0985277,0.096731
0.107675,0.0948673,0.102641,0.0965466,0.0980114,0.105059,0.106739,0.0917771,0.0999948,0.0966885
0.104239,0.0940852,0.10239,0.0961016,0.100684,0.102129,0.113561,0.0894669,0.0979898,0.0993531
0.103891,0.0974453,0.101435,0.0969306,0.100701,0.101147,0.107591,0.0937308,0.099318,0.0978101
0.103811,0.0950801,0.104364,0.0943624,0.100557,0.0998605,0.111426,0.091455,0.0971985,0.101885
0.10859,0.0904098,0.10639,0.0902014,0.104338,0.0992476,0.115748,0.0870516,0.0945445,0.103479
0.106196,0.0905022,0.108592,0.0890752,0.103824,0.0998901,0.117543,0.0867468,0.0925788,0.105052
0.109091,0.0897493,0.108055,0.0931154,0.103583,0.0983089,0.113279,0.0895354,0.094825,0.100458
0.10832,0.0913279,0.10893,0.0937291,0.100306,0.0993105,0.112698,0.0900024,0.096261,0.0991143
0.107931,0.0918415,0.109009,0.0990716,0.098183,0.096036,0.10857,0.0950171,0.0972418,0.0970989
0.108831,0.0883655,0.114508,0.0972715,0.0998432,0.0939051,0.110846,0.0909223,0.0953135,0.100194
0.109435,0.0888826,0.114788,0.0966569,0.0956264,0.0917785,0.114615,0.0921499,0.0955762,0.100492
0.108025,0.090203,0.113544,0.0984241,0.0951162,0.0927631,0.11267,0.0928087,0.0961712,0.100275
0.105104,0.0908511,0.114834,0.0968929,0.0974997,0.094013,0.111403,0.0910658,0.0947359,0.103601
0.105367,0.0896684,0.114994,0.095893,0.0999656,0.09432,0.112634,0.0894085,0.0949074,0.102841
0.10155,0.0950642,0.110619,0.0960139,0.09975,0.0981633,0.109604,0.0910936,0.0954117,0.102731
0.102958,0.0959199,0.107339,0.0978858,0.0999083,0.0986468,0.106355,0.0933604,0.0967131,0.100913
0.102489,0.0969292,0.104142,0.0998952,0.0988539,0.0985066,0.103842,0.0966605,0.0978758,0.100806
0.101591,0.0963114,0.102688,0.0996563,0.0988571,0.098694,0.10428,0.0979935,0.0982899,0.10164
0.102101,0.0953061,0.102114,0.098633,0.0972269,0.100977,0.106336,0.0981181,0.098501,0.100686
0.105921,0.0896029,0.0985747,0.0994331,0.099741,0.0998396,0.104932,0.102625,0.100883,0.0984476
0.110508,0.0902007,0.0987654,0.0963685,0.0985801,0.102279,0.106263,0.0998311,0.101896,0.0953084
0.110222,0.0895344,0.0991892,0.0967603,0.0971253,0.104257,0.107758,0.0982072,0.101377,0.0955703
0.108597,0.0915508,0.097845,0.095546,0.0962122,0.104336,0.107586,0.0993072,0.101238,0.0977816
0.11069,0.0864769,0.102193,0.0926335,0.0939117,0.105882,0.11351,0.0930159,0.0999187,0.101767
0.106809,0.0914709,0.102083,0.0939567,0.0951238,0.104586,0.108115,0.096265,0.0984787,0.103112
0.103882,0.0938271,0.107498,0.0932693,0.0945101,0.107614,0.111201,0.0921864,0.0928972,0.103115
0.102154,0.0948203,0.107782,0.0929778,0.0977959,0.106703,0.11149,0.0925214,0.0898371,0.103918
0.101423,0.0965107,0.107684,0.0939962,0.0963161,0.1062,0.109378,0.0937529,0.090103,0.104636
0.101444,0.0982907,0.105281,0.0946082,0.0988563,0.103974,0.110132,0.0921532,0.0926859,0.102574
0.102946,0.0931217,0.112796,0.092436,0.0944549,0.106119,0.120658,0.0856235,0.0888785,0.102967
0.104804,0.0921879,0.114033,0.0937727,0.0921939,0.10406,0.122399,0.0860877,0.0890579,0.101404
0.104235,0.0925512,0.109048,0.0951932,0.0932927,0.105425,0.115402,0.0920908,0.0910952,0.101667
0.103572,0.0959185,0.108851,0.0965496,0.0922409,0.105511,0.113455,0.0930243,0.0910169,0.0998614
0.101691,0.097264,0.106422,0.100764,0.091839,0.103359,0.1079,0.0967235,0.0940789,0.0999585
0.103077,0.0957792,0.107535,0.101445,0.0912663,0.100753,0.108615,0.0959106,0.0949519,0.100667
0.103435,0.0958878,0.102933,0.102276,0.0927789,0.0998429,0.107603,0.0977413,0.0981053,0.0993971
0.105217,0.0944056,0.104071,0.101025,0.0924523,0.0989531,0.108331,0.0960413,0.0983839,0.101119
0.105331,0.0933475,0.105917,0.101063,0.092226,0.0970233,0.109736,0.0954864,0.0983592,0.101511
0.104454,0.0937121,0.105864,0.100627,0.0934037,0.0974569,0.108652,0.0954977,0.0981996,0.102133
0.103539,0.0956673,0.102168,0.100851,0.0942363,0.0971207,0.107958,0.0986512,0.0989674,0.100842
0.103364,0.0953464,0.10173,0.100607,0.0969171,0.097309,0.106749,0.0983198,0.0991392,0.100518
0.103153,0.0953513,0.103562,0.100047,0.0976771,0.0957722,0.106614,0.0965394,0.0996119,0.101672
0.10237,0.0966421,0.10361,0.100355,0.0951281,0.100336,0.104641,0.0978904,0.0982904,0.100738
0.104033,0.0950913,0.102704,0.0980447,0.0979098,0.0997557,0.104433,0.0973328,0.0993341,0.101362
0.105592,0.0943764,0.101505,0.097079,0.101193,0.098756,0.104653,0.0976203,0.0994291,0.0997962
0.103351,0.0943476,0.103413,0.0976722,0.100852,0.0984429,0.108413,0.0937764,0.0982254,0.101506
0.101344,0.096956,0.100282,0.0989239,0.101369,0.101313,0.104116,0.0972166,0.0974594,0.101019
0.102901,0.095631,0.100325,0.0974285,0.1035,0.10253,0.105438,0.0963393,0.0944556,0.101453
0.102425,0.0967115,0.100838,0.0990859,0.100297,0.103369,0.102371,0.0971536,0.098187,0.0995626
0.103665,0.0955224,0.0990623,0.098723,0.103112,0.104748,0.103152,0.0955417,0.0989436,0.0975302
0.10194,0.09779,0.0996676,0.100633,0.0994379,0.102493,0.101221,0.098944,0.0986332,0.09924
0.103627,0.0952365,0.102174,0.100592,0.0967676,0.103173,0.103561,0.0990022,0.0964323,0.0994345
0.106361,0.0944578,0.101826,0.0966348,0.0975355,0.103067,0.104702,0.0967229,0.0984254,0.100269
0.107255,0.0939556,0.0993408,0.0963746,0.0998773,0.102449,0.104864,0.0977213,0.0975661,0.100597
0.105482,0.0929916,0.0980953,0.0979269,0.100746,0.102021,0.102916,0.0996023,0.0982948,0.101924
0.10214,0.0954622,0.0982356,0.0992055,0.101373,0.10035,0.102088,0.099642,0.100432,0.101071
0.10312,0.0970616,0.0989491,0.0991094,0.0996763,0.100576,0.099696,0.10052,0.101178,0.100113
0.103957,0.0983705,0.0984264,0.0986173,0.100636,0.102936,0.101097,0.0983616,0.100367,0.0972323
0.104015,0.0941396,0.098016,0.0980553,0.106949,0.0984583,0.107007,0.0981786,0.0991118,0.0960694
0.102238,0.097865,0.0988331,0.0982435,0.102507,0.0986485,0.102926,0.0998083,0.100229,0.0987025
0.104281,0.0935056,0.0975152,0.0964779,0.105945,0.0986946,0.109141,0.0976114,0.0991552,0.0976721
0.111313,0.0889219,0.0964139,0.0943363,0.108381,0.0959342,0.117636,0.0952446,0.0982164,0.093602
0.110259,0.0899675,0.0969999,0.0942921,0.107953,0.0951257,0.116283,0.0977127,0.0988998,0.092508
0.111201,0.0914789,0.0982118,0.0945721,0.103848,0.0990381,0.111256,0.0978318,0.100848,0.0917135
0.107966,0.0922911,0.0988545,0.0949078,0.103238,0.0977211,0.114131,0.094744,0.100232,0.0959142
0.107223,0.0952434,0.100373,0.0953985,0.102509,0.0974677,0.112514,0.0948139,0.0989731,0.0954836
0.110116,0.095894,0.100069,0.0941152,0.101904,0.0968755,0.113524,0.0949568,0.0988829,0.0936611
0.104659,0.0960242,0.100051,0.0966536,0.100658,0.0984344,0.108104,0.0979414,0.0998007,0.0976728
0.105349,0.0987389,0.101434,0.0974447,0.0979653,0.0998942,0.106304,0.0959371,0.0987898,0.0981432
0.107407,0.0943232,0.100006,0.0940346,0.10126,0.101249,0.110609,0.095369,0.0974453,0.0982976
0.110372,0.0934573,0.102184,0.0921044,0.0970634,0.100111,0.116321,0.0946807,0.0958392,0.0978661
0.106653,0.0940435,0.100972,0.0945169,0.0978842,0.105022,0.108431,0.094953,0.0984523,0.0990711
0.107505,0.0969977,0.101357,0.0935629,0.0958427,0.102326,0.110929,0.0961222,0.0962483,0.0991093
0.106225,0.0965864,0.103387,0.093724,0.0950681,0.101089,0.111666,0.0956419,0.0959271,0.100686
0.105378,0.0978082,0.102983,0.0945637,0.0944611,0.100829,0.108763,0.0978407,0.0958627,0.101511
0.107286,0.092362,0.104666,0.093008,0.0941961,0.099869,0.116619,0.0952638,0.0962577,0.100472
0.106971,0.0912822,0.108042,0.0915736,0.0953655,0.102399,0.118392,0.0895707,0.0946833,0.101719
0.10942,0.088156,0.106786,0.0910495,0.0936553,0.105614,0.118458,0.0896144,0.0963702,0.100877
0.105917,0.0924564,0.102922,0.093162,0.0938788,0.104955,0.109264,0.0964343,0.098617,0.102394
0.105557,0.0921257,0.103831,0.0960821,0.0941152,0.107873,0.105925,0.0952707,0.0970657,0.102154
0.105951,0.0914785,0.104407,0.0953069,0.094068,0.108537,0.107179,0.0938049,0.097267,0.102001
0.105654,0.0930354,0.100807,0.0959232,0.0943032,0.108051,0.10612,0.0973677,0.0987666,0.0999713
0.107292,0.091091,0.105201,0.0958834,0.0933362,0.109024,0.10899,0.0945825,0.0951456,0.0994541
0.111541,0.0857925,0.101528,0.0917712,0.0922781,0.112946,0.109397,0.0953371,0.0974286,0.10198
0.116916,0.0803663,0.0965196,0.0891175,0.0928587,0.113153,0.113315,0.0942233,0.102548,0.100983
0.108927,0.0866731,0.0997952,0.0920536,0.0922857,0.110662,0.108492,0.0958091,0.0985744,0.106727
0.109552,0.0844536,0.0971484,0.0932734,0.0976076,0.10785,0.109833,0.0973366,0.0997641,0.103181
0.107987,0.0876166,0.0973038,0.0965575,0.101954,0.103665,0.108169,0.0971098,0.100612,0.0990255
0.108044,0.0858942,0.0978775,0.0948329,0.0965854,0.109114,0.109233,0.0965193,0.099139,0.10276
0.108634,0.0863018,0.0968562,0.0932199,0.0938929,0.110944,0.10819,0.0966086,0.101818,0.103535
0.10857,0.0886661,0.09736,0.0946913,0.0924511,0.109101,0.107717,0.0976572,0.100757,0.103029
0.112701,0.0829917,0.0985019,0.0872357,0.0872451,0.114857,0.112546,0.094804,0.100674,0.108443
0.105163,0.0914983,0.101556,0.0943168,0.0931115,0.108087,0.106992,0.0972757,0.0970358,0.104964
0.10886,0.0911632,0.100227,0.0963197,0.0964738,0.104345,0.109552,0.0949672,0.0995185,0.0985732
0.108808,0.0947325,0.103009,0.0969022,0.0984906,0.10271,0.110306,0.0940763,0.0954252,0.0955401
0.112403,0.0935548,0.101143,0.0974394,0.0999345,0.102268,0.11047,0.0938359,0.095786,0.0931664
0.11491,0.0912037,0.0987831,0.0959353,0.101564,0.104466,0.112681,0.0920389,0.0967336,0.0916843
0.116185,0.0885068,0.0987979,0.0953813,0.103265,0.104965,0.114177,0.0896517,0.0973656,0.0917039
0.112124,0.0924239,0.100297,0.0972358,0.102547,0.102753,0.108136,0.0932842,0.0966157,0.0945838
0.107786,0.0959247,0.101079,0.0989284,0.102724,0.10125,0.102954,0.0973449,0.0963227,0.0956866
0.105224,0.0950513,0.102093,0.0987802,0.103229,0.101827,0.10369,0.0980165,0.0954757,0.0966126
0.105074,0.0945561,0.0999583,0.102981,0.0971548,0.100318,0.105398,0.0993584,0.0970988,0.0981025
0.102499,0.0938204,0.0994966,0.103035,0.0960008,0.100907,0.107599,0.098733,0.0969544,0.100955
0.102859,0.0925057,0.0989942,0.105548,0.0982385,0.100435,0.106484,0.101216,0.0969783,0.096741
0.102508,0.0912971,0.0980267,0.104328,0.0992809,0.0991387,0.10602,0.101302,0.0991178,0.0989802
0.103802,0.0922577,0.0978328,0.103701,0.0985178,0.0970781,0.105938,0.101622,0.100729,0.0985208
0.106525,0.0914688,0.099843,0.104284,0.0956763,0.0963944,0.10535,0.101391,0.100365,0.0987032
0.104399,0.0901539,0.0997685,0.105805,0.0965931,0.0971598,0.106124,0.102683,0.0988624,0.0984507
0.10376,0.0921414,0.102344,0.103147,0.0949349,0.0978363,0.105037,0.102725,0.0970845,0.10099
0.102783,0.0928993,0.102493,0.102299,0.0952789,0.0973703,0.102913,0.101248,0.10093,0.101786
0.100281,0.0956178,0.103157,0.100302,0.0945151,0.0998759,0.101914,0.100139,0.10309,0.101108
0.100922,0.0973555,0.103102,0.0983138,0.0958917,0.101892,0.101198,0.0985539,0.103042,0.0997287
0.0979595,0.0985947,0.102,0.0988857,0.0977793,0.101142,0.101151,0.0967453,0.108386,0.097356
0.097711,0.0994984,0.103387,0.0995472,0.0999892,0.10192,0.100509,0.0926089,0.108258,0.0965707
0.100542,0.0998864,0.106664,0.0974752,0.0973123,0.104774,0.103924,0.0915058,0.103159,0.0947566
0.101842,0.100128,0.108621,0.0956335,0.0974309,0.104301,0.104729,0.0896971,0.102065,0.0955527
0.104023,0.0996443,0.109389,0.0952831,0.0992973,0.103414,0.105056,0.0885107,0.100169,0.095214
0.103018,0.0992373,0.108009,0.0959134,0.0975859,0.106095,0.103853,0.0873545,0.105081,0.0938539
0.103484,0.0999202,0.106265,0.0958962,0.0978694,0.103371,0.103832,0.090406,0.103963,0.0949928
0.102967,0.103682,0.108382,0.0945415,0.100068,0.10181,0.106167,0.0903428,0.0982673,0.0937716
0.102086,0.102464,0.104747,0.0962088,0.0998171,0.100697,0.10263,0.0926437,0.103876,0.09483
0.102183,0.100558,0.106771,0.0960397,0.0972086,0.104551,0.104922,0.0920739,0.0996446,0.0960488
0.102915,0.0996788,0.107265,0.0970476,0.0980729,0.103631,0.106587,0.0938317,0.0966659,0.0943048
0.10501,0.0971759,0.107251,0.0978329,0.0977772,0.104664,0.108521,0.0933671,0.0964287,0.0919722
0.107105,0.0951709,0.106102,0.0960971,0.0964982,0.106929,0.105909,0.0910069,0.100527,0.0946552
0.107472,0.0935379,0.110667,0.0954681,0.0912415,0.110161,0.108534,0.0906019,0.0966861,0.0956309
0.10751,0.0940857,0.108192,0.0979112,0.0896701,0.111137,0.108176,0.0915608,0.0963334,0.0954234
0.108357,0.095682,0.103528,0.099189,0.0939518,0.105616,0.105205,0.0955055,0.0994004,0.0935657
0.105823,0.0983662,0.102896,0.0979368,0.0974385,0.10385,0.102937,0.0944424,0.102698,0.0936126
0.106222,0.0990867,0.100467,0.0975572,0.1007,0.100959,0.102446,0.0959039,0.104911,0.0917473
0.107619,0.0983219,0.10355,0.0970412,0.0951425,0.104761,0.105589,0.0938644,0.0982949,0.0958157
0.111837,0.099119,0.100773,0.0971127,0.0962718,0.100899,0.105419,0.0972463,0.0996544,0.0916677
0.108901,0.097877,0.10225,0.0973464,0.0959093,0.103213,0.105301,0.0957758,0.102234,0.0911924
0.110217,0.0959321,0.100342,0.0972575,0.0995406,0.0982163,0.105589,0.0991332,0.102174,0.091598
0.109211,0.0942842,0.0974882,0.0979697,0.103393,0.0969441,0.104391,0.0996885,0.0997123,0.0969187
0.114144,0.0933406,0.0962959,0.0973738,0.104254,0.0941735,0.105427,0.101995,0.101275,0.0917201
0.110181,0.0951578,0.0979473,0.0980703,0.102939,0.0955955,0.103171,0.101532,0.101493,0.0939142
0.10437,0.0940537,0.100247,0.0972942,0.101092,0.0995807,0.10818,0.0966162,0.0994709,0.0990948
0.107476,0.0938571,0.0988193,0.0968538,0.10076,0.0995487,0.109008,0.0986231,0.0986117,0.0964432
0.107063,0.0928101,0.10021,0.0961286,0.0972318,0.102565,0.110164,0.0959111,0.0987676,0.0991484
0.105007,0.0948385,0.10001,0.0967674,0.100656,0.102423,0.109048,0.0950152,0.0978525,0.098383
0.106746,0.0943484,0.100569,0.0970073,0.0995713,0.103446,0.109775,0.0927287,0.0986982,0.0971096
0.106895,0.0943612,0.099797,0.0958915,0.0998775,0.102286,0.108178,0.0958881,0.0984617,0.0983632
0.106902,0.0936197,0.100876,0.0955793,0.0996267,0.103929,0.109048,0.0932693,0.0979675,0.0991813
0.106408,0.0916889,0.105989,0.0938201,0.0926877,0.109655,0.109491,0.0910528,0.0961476,0.10306
0.104026,0.0928748,0.107434,0.093255,0.0950805,0.110001,0.108908,0.090014,0.094538,0.103869
0.107697,0.0896498,0.107925,0.0917659,0.0937766,0.110989,0.111522,0.0868597,0.0960414,0.103773
0.110781,0.0892194,0.104427,0.0938974,0.0976368,0.108102,0.111106,0.0903994,0.096026,0.0984054
0.107294,0.0904542,0.102406,0.098878,0.100698,0.10468,0.106537,0.0955017,0.097937,0.0956135
0.108152,0.0883304,0.10309,0.0971074,0.0986984,0.106272,0.107161,0.0929483,0.0991353,0.0991059
0.120612,0.082012,0.100157,0.0904335,0.0979202,0.107677,0.115077,0.0910453,0.099724,0.0953417
0.116803,0.0848696,0.100213,0.0917399,0.0999986,0.102901,0.113414,0.0966739,0.0982903,0.0950966
0.109418,0.0886991,0.102627,0.096166,0.0997464,0.102863,0.110044,0.0945344,0.0977167,0.0981861
0.114369,0.0877302,0.100288,0.0940748,0.100186,0.100711,0.112554,0.0978678,0.0976726,0.0945463
0.117577,0.0848753,0.0976999,0.0932792,0.100985,0.102322,0.115253,0.0953311,0.0982645,0.0944124
0.118524,0.0865332,0.0991687,0.0940787,0.100993,0.0995678,0.11272,0.0973799,0.0982701,0.0927639
0.114569,0.0906622,0.100755,0.0952656,0.100397,0.0978533,0.109048,0.0993449,0.0983387,0.0937649
0.103423,0.094278,0.100308,0.097475,0.100918,0.0997944,0.1077,0.0964503,0.0991783,0.100475
0.102119,0.0941389,0.101997,0.0953522,0.100293,0.10152,0.111509,0.093871,0.0964639,0.102737
0.104349,0.0945115,0.0999345,0.0979507,0.101947,0.0992152,0.107989,0.0960244,0.0975826,0.100496
0.101582,0.096479,0.102897,0.0956944,0.0981453,0.101169,0.107881,0.0940807,0.0995341,0.102537
0.0986895,0.0968818,0.1051,0.0948471,0.0960989,0.103793,0.107399,0.0940828,0.0999808,0.103127
0.100567,0.0962438,0.103129,0.0965131,0.0981067,0.103406,0.106084,0.0961918,0.0981753,0.101584
0.101557,0.0948054,0.102906,0.0941145,0.0977021,0.104391,0.107955,0.0944761,0.0985032,0.10359
0.102995,0.0930944,0.100355,0.0927404,0.100642,0.102479,0.111891,0.0929849,0.098738,0.10408
0.105488,0.0963407,0.10049,0.0939087,0.101693,0.100528,0.109695,0.0944742,0.097198,0.100184
0.109212,0.0914728,0.0989147,0.0928117,0.107218,0.0995612,0.11316,0.0948312,0.0975334,0.0952851
0.117803,0.0859053,0.0979711,0.091413,0.101031,0.102537,0.118246,0.0939894,0.0978891,0.0932149
0.114318,0.0879989,0.0990761,0.0920973,0.0968109,0.100187,0.120889,0.0964622,0.0961788,0.0959819
0.110785,0.0911792,0.0975388,0.0927104,0.0964835,0.101493,0.117506,0.0991762,0.0954863,0.0976416
0.107928,0.0925814,0.102666,0.0953352,0.097298,0.0949828,0.117925,0.0963286,0.0986291,0.0963253
0.109967,0.0932738,0.102294,0.095432,0.0984443,0.0934174,0.112155,0.0978881,0.100897,0.0962311
0.111911,0.0956573,0.0974683,0.0978565,0.102249,0.0956583,0.104958,0.10077,0.10022,0.0932506
0.111779,0.0978742,0.0989846,0.0980003,0.101133,0.0942848,0.103055,0.101745,0.0990032,0.0941411
0.113647,0.0983498,0.0998106,0.0986854,0.103502,0.0946663,0.100042,0.101361,0.0982804,0.0916554
0.111622,0.102227,0.101476,0.0981317,0.0986821,0.0955869,0.0994574,0.100445,0.0991684,0.0932032
0.110236,0.102385,0.102589,0.0982303,0.0998868,0.0964398,0.0973006,0.100024,0.0980283,0.0948802
0.104866,0.10076,0.101696,0.101555,0.1005,0.0968559,0.0983176,0.102086,0.0978577,0.0955058
0.105959,0.0999679,0.101474,0.100249,0.100597,0.0962638,0.0968954,0.101317,0.0996365,0.09764
0.108714,0.0995863,0.102259,0.10008,0.0980997,0.0938937,0.0983345,0.101603,0.101533,0.0958962
0.102952,0.0987757,0.102609,0.0960372,0.101095,0.0983767,0.0993552,0.0972818,0.102955,0.100562
0.111077,0.0995183,0.102007,0.098307,0.0995761,0.0944037,0.0980649,0.10079,0.102746,0.09351
0.1093,0.0985559,0.103118,0.0953283,0.100858,0.0972912,0.0995485,0.0969031,0.103097,0.0959998
0.105435,0.0993754,0.1028,0.0960023,0.0996815,0.098554,0.100222,0.0963064,0.102169,0.0994552
0.101809,0.0987586,0.104283,0.0972365,0.0983817,0.100034,0.103018,0.096834,0.100859,0.0987859
0.101642,0.0978631,0.104251,0.0984571,0.100349,0.0992478,0.102906,0.0980166,0.0989359,0.0983309
0.0999702,0.10057,0.102558,0.0989034,0.0996765,0.099044,0.103006,0.0958077,0.101907,0.0985576
0.0985474,0.099915,0.101286,0.0983817,0.099339,0.100726,0.101232,0.0959614,0.105331,0.0992795
0.100901,0.0962811,0.102501,0.0961506,0.0975859,0.104325,0.10547,0.0942254,0.101916,0.100644
0.101103,0.0962393,0.103102,0.0952192,0.0968002,0.105156,0.104814,0.0950725,0.0999214,0.102572
0.103437,0.0960139,0.100793,0.0960061,0.0996389,0.103127,0.105934,0.0950191,0.100319,0.0997125
0.103675,0.0940097,0.104178,0.0964444,0.0984191,0.103769,0.110608,0.0902439,0.0964019,0.102251
0.10275,0.0945334,0.102064,0.0950827,0.0983401,0.105097,0.107435,0.0926925,0.098228,0.103777
0.103181,0.0935422,0.103347,0.0951746,0.0997553,0.105136,0.108253,0.0913436,0.0974641,0.102803
0.103759,0.0931874,0.103712,0.0945288,0.0978099,0.106022,0.106276,0.0940158,0.0973226,0.103366
0.102608,0.0955111,0.103907,0.0968434,0.0976118,0.104444,0.103921,0.0964841,0.0960619,0.102607
0.101328,0.097135,0.10542,0.0974868,0.0988683,0.102377,0.106457,0.0972508,0.0921414,0.101536
0.101004,0.0989942,0.105911,0.0977156,0.0985119,0.103129,0.107435,0.0959646,0.0918598,0.0994753
0.0999177,0.097178,0.103893,0.0984565,0.100558,0.101643,0.105845,0.0977279,0.0951021,0.0996792
0.101586,0.0951452,0.103199,0.0995248,0.100337,0.102179,0.103226,0.0999993,0.0956985,0.0991044
0.101936,0.091597,0.10267,0.0971312,0.101475,0.101551,0.103904,0.0996078,0.098037,0.102091
0.102185,0.0878567,0.104837,0.0957076,0.103091,0.0993544,0.108902,0.0958877,0.0982422,0.103937
0.103056,0.0907582,0.104623,0.0977689,0.102337,0.0976211,0.106246,0.0969785,0.100066,0.100544
0.105958,0.0911866,0.101779,0.096464,0.100725,0.0954565,0.10826,0.0972199,0.100701,0.102251
0.107953,0.0951089,0.0986323,0.0974712,0.102263,0.096011,0.103762,0.0990622,0.10053,0.0992051
0.110407,0.0937825,0.0978734,0.0972997,0.101403,0.0957881,0.105221,0.0991702,0.0997344,0.0993206
0.112682,0.0908614,0.0982815,0.0949363,0.0998511,0.0919564,0.112002,0.0999853,0.100923,0.0985203
0.114497,0.0904494,0.0968027,0.0955463,0.100624,0.0913275,0.112368,0.10076,0.0999154,0.0977098
0.109799,0.0939944,0.0990047,0.0962463,0.0970635,0.0963903,0.109616,0.100949,0.0993755,0.0975613
0.109406,0.0924285,0.100548,0.0948581,0.0966889,0.0977986,0.112698,0.0979595,0.0968239,0.100791
0.105987,0.0938681,0.101805,0.0958571,0.0951734,0.098121,0.112417,0.097245,0.0972331,0.102293
0.105209,0.0920094,0.0999561,0.095333,0.0913344,0.100238,0.115133,0.0995661,0.0973607,0.103861
0.104904,0.0936154,0.10003,0.0971567,0.0963242,0.100765,0.109244,0.0986323,0.100056,0.0992712
0.103366,0.0953559,0.102621,0.0966624,0.097115,0.0992118,0.107993,0.0982812,0.0990758,0.100318
0.105679,0.0964919,0.10512,0.0955366,0.093669,0.097768,0.112677,0.0947394,0.098596,0.0997231
0.104056,0.0969259,0.104523,0.098197,0.0920204,0.100563,0.10976,0.0961969,0.0989159,0.0988413
0.104422,0.0973782,0.103725,0.0972915,0.0925071,0.101205,0.109139,0.0962601,0.0996546,0.0984184
0.105533,0.0977322,0.102905,0.0972982,0.0977654,0.103335,0.104597,0.0946284,0.0985088,0.0976964
0.103124,0.0976361,0.104448,0.0965981,0.100992,0.100403,0.106516,0.0939973,0.0941068,0.102178
0.104522,0.0980631,0.105374,0.0960339,0.100746,0.100287,0.108177,0.0920974,0.0942132,0.100486
0.105042,0.095446,0.102929,0.0950271,0.0982665,0.103653,0.106721,0.0958049,0.0938196,0.103292
0.102172,0.0981251,0.104395,0.0948707,0.103941,0.101148,0.110017,0.092429,0.090858,0.102045
0.102711,0.0952462,0.102761,0.0962582,0.104383,0.101094,0.109169,0.0942693,0.0934259,0.100682
0.10689,0.0901268,0.100424,0.0940096,0.107554,0.101689,0.114873,0.0903427,0.0954561,0.0986342
0.105912,0.093813,0.0993451,0.0963973,0.103987,0.100994,0.110717,0.0936982,0.0973396,0.0977967
0.106221,0.0943363,0.0990397,0.0941252,0.0982414,0.102815,0.111943,0.0945167,0.0980673,0.100695
0.104825,0.0973504,0.0991566,0.0962865,0.10154,0.100005,0.109675,0.095072,0.0986645,0.0974256
0.10771,0.0965446,0.0975965,0.0944563,0.102284,0.0982199,0.113364,0.0968921,0.0961055,0.0968273
0.107309,0.0979707,0.0970809,0.0958811,0.102341,0.0971645,0.110356,0.0992925,0.0976202,0.0949844
0.104293,0.0982129,0.100579,0.0962137,0.0992702,0.100098,0.10873,0.0944056,0.101658,0.0965388
0.107933,0.0971968,0.0990582,0.0962176,0.100907,0.0987379,0.110544,0.096592,0.097193,0.0956205
0.1052,0.0953781,0.100226,0.0995753,0.0953823,0.0992972,0.105189,0.100643,0.0989734,0.100136
0.107013,0.0914112,0.0995761,0.0996794,0.0939961,0.101343,0.103733,0.100688,0.100849,0.101711
0.106118,0.0931001,0.101234,0.0986326,0.0944607,0.102962,0.103608,0.100028,0.0980195,0.101836
0.109342,0.0878531,0.0987043,0.0977527,0.096397,0.105968,0.103265,0.0992887,0.100201,0.101229
0.105495,0.0927772,0.0997776,0.0990054,0.102159,0.101801,0.105204,0.0977595,0.0983416,0.0976791
0.107424,0.0914634,0.0986237,0.0973566,0.0984261,0.103308,0.105882,0.0986994,0.0976325,0.101184
0.104045,0.0912719,0.0991995,0.100728,0.0966807,0.102527,0.105039,0.10169,0.0949694,0.103849
0.104467,0.0921101,0.0998816,0.10076,0.0960964,0.103115,0.104491,0.101057,0.095872,0.10215
0.104578,0.0918217,0.0992857,0.10184,0.0961106,0.102385,0.103438,0.101912,0.0968945,0.101735
0.103176,0.0925309,0.100111,0.100261,0.0942061,0.10448,0.104144,0.0997592,0.0984993,0.102833
0.103916,0.0962038,0.101199,0.0968179,0.0985159,0.0989083,0.109826,0.0973379,0.0969003,0.100375
0.103644,0.095667,0.103027,0.0984746,0.100793,0.0961026,0.105759,0.0980701,0.0968086,0.101655
0.105675,0.0926441,0.102075,0.100753,0.099218,0.095256,0.108083,0.0983286,0.0981724,0.0997943
0.104377,0.0949676,0.103077,0.101502,0.0958266,0.0951154,0.106244,0.0976799,0.0982044,0.103006
0.103909,0.0928778,0.10135,0.103888,0.0945499,0.0965055,0.108765,0.0990203,0.0980859,0.101049
0.101877,0.0951588,0.102054,0.10373,0.0929651,0.101436,0.107094,0.0999958,0.0968682,0.0988208
0.101682,0.0966904,0.104774,0.101687,0.0923342,0.104575,0.105384,0.0968471,0.0956008,0.100427
0.101133,0.0956273,0.103818,0.102236,0.0930786,0.103217,0.106105,0.0981487,0.0953469,0.101289
0.104043,0.0902514,0.103595,0.0999472,0.0912603,0.104407,0.11174,0.0968546,0.0963508,0.10155
0.104655,0.0890974,0.101607,0.0998088,0.0928985,0.10132,0.113359,0.098391,0.0973319,0.101531
0.106757,0.0868635,0.100288,0.0994355,0.0960466,0.102215,0.108279,0.100163,0.0977879,0.102165
0.10969,0.0830085,0.0994372,0.0977313,0.0939414,0.105123,0.110156,0.100054,0.0991252,0.101733
0.109027,0.083091,0.101998,0.0956591,0.0913706,0.104421,0.111096,0.0996789,0.0979082,0.10575
0.110697,0.0824041,0.0976119,0.0989227,0.091729,0.102735,0.110671,0.101203,0.101299,0.102727
0.111842,0.0861979,0.0986076,0.0923601,0.0892353,0.105306,0.110405,0.0984898,0.100476,0.107079
0.113623,0.0865292,0.0988485,0.0902326,0.0887246,0.106,0.112211,0.0976309,0.100129,0.106071
0.118219,0.0838392,0.09668,0.0927774,0.0905961,0.102235,0.113428,0.099928,0.103423,0.0988751
0.121413,0.0842117,0.0961603,0.0907477,0.0945393,0.103582,0.110807,0.0988892,0.105805,0.093846
0.114232,0.0934971,0.0982207,0.0948953,0.101543,0.096268,0.109099,0.100871,0.101548,0.089825
0.114409,0.095972,0.0983142,0.0945921,0.10253,0.0964196,0.106125,0.10033,0.103083,0.0882248
0.116115,0.0960045,0.0973672,0.0963196,0.100726,0.0987501,0.106923,0.0991681,0.101378,0.0872491
0.11592,0.0953599,0.0976528,0.0974243,0.0995317,0.0995702,0.109541,0.0971007,0.0994177,0.0884819
0.118615,0.0933138,0.097238,0.093839,0.100302,0.101761,0.113605,0.0953461,0.0973372,0.088644
0.117132,0.0913088,0.0994769,0.0931303,0.101793,0.10124,0.119635,0.092037,0.0955664,0.0886799
0.117047,0.09317,0.0973537,0.0924721,0.106159,0.099877,0.119264,0.0915078,0.0940547,0.0890938
0.115258,0.0947256,0.0981073,0.09247,0.104775,0.101631,0.116212,0.0919209,0.0940471,0.0908537
0.112232,0.0953081,0.102381,0.092441,0.10101,0.0989416,0.117032,0.0910294,0.0959606,0.0936645
0.107427,0.095071,0.10092,0.0939392,0.102583,0.0981155,0.113482,0.0940949,0.0971858,0.0971816
0.1084,0.0941174,0.0988965,0.0947689,0.101788,0.101772,0.110134,0.0964264,0.0978305,0.0958666
0.108622,0.093708,0.100699,0.0964894,0.10186,0.103089,0.107656,0.093682,0.0993786,0.0948155
0.104076,0.0938655,0.100249,0.0976647,0.103525,0.101622,0.106719,0.0951982,0.0990451,0.098036
0.105548,0.0927163,0.103226,0.0970131,0.0974387,0.10407,0.110716,0.0926099,0.0976624,0.0989998
0.102557,0.0951828,0.104455,0.0970658,0.0972966,0.105495,0.107347,0.0918778,0.0993909,0.0993317
0.105064,0.0956895,0.103072,0.0956949,0.0926189,0.105291,0.106054,0.0938213,0.100377,0.102317
0.10652,0.0960491,0.103265,0.0979678,0.0943846,0.1059,0.104791,0.095688,0.0990691,0.0963652
0.10768,0.0941454,0.100565,0.0958147,0.0957706,0.10581,0.104994,0.0942312,0.102751,0.0982382
0.108079,0.0947416,0.101573,0.0957469,0.096402,0.106223,0.104744,0.093254,0.102164,0.0970725
0.108478,0.0930845,0.104272,0.0957402,0.0939468,0.108897,0.107156,0.092149,0.100307,0.0959699
0.106749,0.096007,0.101241,0.0961281,0.0977678,0.103607,0.104802,0.0956864,0.101616,0.0963948
0.105738,0.0957707,0.100515,0.0959059,0.0964182,0.103695,0.105346,0.097626,0.0994927,0.0994936
0.110418,0.0919245,0.100765,0.0925382,0.0934566,0.106349,0.110131,0.095376,0.0997233,0.0993186
0.108933,0.0940816,0.101291,0.09332,0.0955398,0.103239,0.108786,0.0980489,0.0984289,0.0983315
0.114575,0.0926807,0.0986928,0.0909983,0.0970315,0.101188,0.110562,0.100285,0.0984159,0.0955702
0.113186,0.0933727,0.0982865,0.0919667,0.0998933,0.0986063,0.110412,0.102989,0.0970476,0.0942398
0.11212,0.0951963,0.0995581,0.0929583,0.0979621,0.0995614,0.108902,0.102232,0.0971251,0.0943843
0.1133,0.0941923,0.0988509,0.0930545,0.100373,0.100293,0.108268,0.10095,0.0969979,0.0937201
0.110821,0.0890907,0.0979298,0.0933571,0.101579,0.100743,0.107979,0.101479,0.100907,0.0961146
0.109578,0.0887277,0.0978058,0.0947661,0.0990295,0.101891,0.107509,0.100672,0.103407,0.096614
0.110613,0.0895801,0.0977079,0.0960337,0.0980496,0.104087,0.104524,0.0995219,0.102991,0.0968915
0.11133,0.0892163,0.0972381,0.0933805,0.0959175,0.10693,0.107768,0.0962392,0.102184,0.0997959
0.10882,0.0908128,0.0978862,0.0933903,0.0968983,0.104768,0.107774,0.0973368,0.10087,0.101443
0.106379,0.0939363,0.0975745,0.0964763,0.100964,0.101448,0.106119,0.098436,0.100406,0.0982603
0.102377,0.0960982,0.100919,0.0971419,0.102635,0.1009,0.106608,0.0977163,0.0957636,0.0998404
0.10446,0.094287,0.0988474,0.0971251,0.101587,0.101501,0.105213,0.0996317,0.0969417,0.100407
0.105546,0.0927646,0.0982532,0.0984489,0.10431,0.100227,0.105209,0.0999144,0.0961508,0.0991765
0.10523,0.091141,0.10032,0.0959995,0.105923,0.0997407,0.106897,0.0965954,0.0957529,0.102401
0.104379,0.0932199,0.101213,0.0952271,0.106732,0.0989175,0.107266,0.0949463,0.0963784,0.10172
0.105623,0.0919514,0.101732,0.0954757,0.10816,0.0963529,0.109223,0.0943108,0.0973201,0.0998515
0.106217,0.0920311,0.0990593,0.0977244,0.109207,0.0968233,0.10747,0.0971815,0.0977408,0.096545
0.105945,0.0926613,0.099476,0.0980449,0.107647,0.09654,0.107393,0.0975769,0.0987485,0.0959674
0.108334,0.092873,0.099646,0.100956,0.104152,0.0976963,0.106379,0.0990696,0.0994775,0.0914173
0.108999,0.0917934,0.100909,0.0994165,0.103777,0.0993654,0.109878,0.0972404,0.0973139,0.0913061
0.108697,0.092811,0.0984221,0.098517,0.105219,0.101212,0.108343,0.0978998,0.0978697,0.0910105
0.106098,0.0933619,0.0987751,0.0980974,0.105926,0.10208,0.108097,0.0973584,0.097215,0.0929909
0.106585,0.093074,0.0957802,0.0966624,0.104584,0.102763,0.109397,0.100235,0.0967558,0.0941636
0.110757,0.0868334,0.096221,0.0964047,0.104764,0.104646,0.110455,0.0973495,0.099963,0.0926054
0.10954,0.0886491,0.0969655,0.0963617,0.104599,0.104414,0.108533,0.0966499,0.100018,0.0942691
0.108074,0.0889721,0.0984774,0.0969985,0.103848,0.1049,0.110265,0.0959823,0.100221,0.0922617
0.108651,0.093389,0.0989814,0.0968424,0.100469,0.10371,0.107414,0.0970862,0.100665,0.0927924
0.108402,0.090685,0.0985897,0.10014,0.101814,0.103186,0.105438,0.0969816,0.102459,0.0923044
0.104182,0.0936546,0.10176,0.102751,0.0976574,0.101209,0.105028,0.101231,0.0973852,0.0951413
0.103932,0.0945347,0.104694,0.0994925,0.0954725,0.104707,0.10388,0.0966063,0.100546,0.0961347
0.103563,0.0957791,0.105693,0.0998854,0.0954666,0.102844,0.107618,0.0979469,0.0964098,0.0947941
0.102769,0.0961957,0.107302,0.100056,0.0946129,0.101609,0.10671,0.0986616,0.0971349,0.0949503
0.103519,0.0962172,0.107159,0.100004,0.0949431,0.10124,0.105872,0.100004,0.0966643,0.094377
0.103751,0.0980759,0.112025,0.0995465,0.0936744,0.100634,0.109052,0.0973664,0.0928694,0.093005
0.105831,0.0947554,0.110236,0.100701,0.0943395,0.101137,0.109159,0.0986187,0.0944434,0.0907791
0.106084,0.0965172,0.108478,0.0998707,0.095079,0.10085,0.105002,0.0993894,0.0934716,0.0952574
0.107535,0.0933213,0.108146,0.101528,0.0997499,0.101903,0.109821,0.0963568,0.0888627,0.0927759
0.106477,0.0908966,0.107807,0.101201,0.101932,0.101636,0.110829,0.0976786,0.0886607,0.0928832
0.10778,0.0930948,0.106288,0.10157,0.102111,0.101981,0.109933,0.095493,0.0896696,0.092081
0.109728,0.090913,0.104287,0.100148,0.101717,0.103914,0.105018,0.0951803,0.0950193,0.0940749
0.108207,0.0907707,0.104194,0.0992909,0.101327,0.105586,0.102582,0.0962086,0.0962011,0.0956329
0.105224,0.09179,0.103694,0.0995347,0.104451,0.103083,0.103558,0.0984045,0.0956865,0.0945738
0.107392,0.0873857,0.101634,0.0983381,0.0997763,0.107824,0.105191,0.0986751,0.0987085,0.095075
0.108229,0.0843439,0.101365,0.0982173,0.0962794,0.111162,0.108197,0.0926775,0.101931,0.0975976
0.108095,0.0838425,0.100831,0.0956483,0.0956397,0.110484,0.110441,0.0932901,0.102288,0.0994405
0.10819,0.0841151,0.101475,0.0953097,0.0920887,0.111577,0.112095,0.094323,0.0998075,0.101018
0.108831,0.08366,0.101836,0.0934868,0.0941812,0.109457,0.112492,0.0971273,0.0977879,0.101141
0.107734,0.0842122,0.100273,0.0933797,0.0937618,0.11007,0.111579,0.0971772,0.0988187,0.102994
0.1105,0.0808282,0.0984576,0.0913398,0.0894895,0.115646,0.111885,0.0966334,0.0982407,0.10698
0.107667,0.0845388,0.103617,0.093204,0.0894385,0.115249,0.111204,0.0943555,0.0931344,0.107592
0.104186,0.0897756,0.103755,0.0969502,0.0937285,0.109259,0.106898,0.0975745,0.0908102,0.107063
0.100775,0.0937772,0.102431,0.0984972,0.0961952,0.104154,0.103097,0.0996308,0.0950663,0.106376
0.101458,0.0965745,0.102255,0.0994253,0.0980844,0.100274,0.100469,0.101196,0.0964153,0.103848
0.102657,0.09478,0.103745,0.0979649,0.0968489,0.100382,0.101587,0.100932,0.0982386,0.102865
0.101824,0.0942997,0.104637,0.0965834,0.0960507,0.101531,0.102829,0.10049,0.0954597,0.106296
0.101952,0.093799,0.104264,0.0967883,0.0975577,0.101195,0.101623,0.101022,0.0952781,0.106521
0.104015,0.0933034,0.103982,0.0974756,0.0975797,0.100928,0.100598,0.102689,0.0960404,0.103388
0.102886,0.0936837,0.102384,0.0977705,0.0990146,0.101053,0.0984599,0.10303,0.098559,0.103159
0.102782,0.09528,0.100176,0.0986349,0.100323,0.0998632,0.0980593,0.102808,0.100224,0.101849
0.105688,0.0939359,0.101286,0.0966645,0.102628,0.100139,0.101468,0.100441,0.0993289,0.0984213
0.104196,0.0962349,0.100376,0.0984513,0.101237,0.100803,0.101267,0.100833,0.0991121,0.0974891
0.104133,0.0973663,0.101289,0.0997332,0.10101,0.100888,0.101704,0.0984752,0.0971656,0.0982366
0.105494,0.0948722,0.102678,0.0980669,0.0994435,0.102924,0.106092,0.097878,0.0960564,0.0964943
0.108988,0.0945804,0.101595,0.0973905,0.0991045,0.103281,0.104312,0.0986837,0.0970015,0.0950641
0.108594,0.0944857,0.10491,0.0974198,0.0960064,0.104677,0.107311,0.0961351,0.095012,0.0954487
0.110396,0.0924513,0.102355,0.0971025,0.0958229,0.102209,0.109839,0.0927416,0.0994367,0.0976464
0.108893,0.0912501,0.105147,0.0963218,0.0954994,0.104775,0.110873,0.0908548,0.0978159,0.0985699
0.109516,0.0913915,0.105272,0.0966078,0.0945137,0.104928,0.110836,0.0901847,0.0985173,0.0982327
0.107343,0.0908441,0.109908,0.0955621,0.0942627,0.106095,0.114607,0.0885217,0.095786,0.0970704
0.105876,0.0924333,0.10546,0.0947077,0.0923827,0.106859,0.111452,0.0909002,0.0979029,0.102026
0.103397,0.095041,0.103781,0.0967068,0.0951731,0.103323,0.106652,0.0950016,0.0984657,0.102459
0.105843,0.0905142,0.10634,0.0927525,0.0896694,0.10863,0.112183,0.0919265,0.0972335,0.104908
0.103478,0.0942151,0.104003,0.0960785,0.0967728,0.10432,0.108028,0.0923448,0.0989285,0.101831
0.102334,0.09567,0.105809,0.0967473,0.097886,0.103492,0.11069,0.0917802,0.0962246,0.0993666
0.0991787,0.0995132,0.103101,0.0970788,0.0999211,0.101278,0.103233,0.0954366,0.102116,0.0991434
0.099075,0.101218,0.104559,0.096999,0.0998562,0.102187,0.105133,0.0948078,0.0978616,0.098302
0.103735,0.0977749,0.102324,0.0979336,0.0989242,0.103457,0.101385,0.0939523,0.104295,0.0962191
0.106614,0.0979393,0.101367,0.0970921,0.0999248,0.102069,0.103167,0.0944591,0.1043,0.0930679
0.109398,0.0978336,0.100977,0.0975516,0.0987515,0.100144,0.10451,0.0979196,0.099904,0.0930097
0.108548,0.0933209,0.102768,0.0966739,0.0975962,0.103938,0.107356,0.0947722,0.0987022,0.0963247
0.11074,0.09095,0.103615,0.0955426,0.099008,0.106179,0.108779,0.09324,0.0984643,0.0934819
0.117168,0.0916685,0.101307,0.0935048,0.101751,0.103709,0.108013,0.092853,0.0998823,0.0901442
0.115114,0.0890648,0.100795,0.093827,0.100626,0.103884,0.11028,0.0941245,0.10009,0.0921946
0.117556,0.090491,0.10139,0.0921685,0.0959532,0.107485,0.109889,0.093448,0.0992121,0.0924066
0.114632,0.0895327,0.101599,0.0921345,0.0964457,0.106449,0.111705,0.0929757,0.0986122,0.0959136
0.119998,0.083405,0.0985702,0.0904525,0.10119,0.104011,0.114539,0.0935527,0.100224,0.0940581
0.112513,0.0860054,0.10054,0.0933739,0.101698,0.104184,0.113908,0.0925729,0.0986308,0.0965743
0.115758,0.085544,0.0995332,0.0913041,0.101403,0.101772,0.12197,0.0938686,0.0972666,0.091581
0.113112,0.084771,0.0976554,0.0911135,0.109149,0.0972679,0.125712,0.0933962,0.0967115,0.0911105
0.116638,0.0857018,0.100065,0.0885094,0.10102,0.0970633,0.127707,0.0945931,0.0964057,0.0922963
0.113774,0.0881822,0.101139,0.0909132,0.104626,0.0964652,0.12117,0.093326,0.097675,0.0927291
0.109311,0.0917444,0.102947,0.0932374,0.0993423,0.0964817,0.114766,0.0956735,0.0992368,0.0972595
0.104213,0.094319,0.103401,0.0956606,0.100653,0.0976688,0.108411,0.0963504,0.0992693,0.100055
0.108673,0.0923777,0.10202,0.0928452,0.100521,0.0977707,0.114276,0.0952442,0.0991035,0.097169
0.107476,0.0926199,0.103173,0.0945459,0.0977081,0.0968669,0.115039,0.096041,0.0989016,0.097629
0.105827,0.0929932,0.101299,0.0957693,0.102709,0.0967841,0.109943,0.0980272,0.099913,0.0967335
0.103433,0.095855,0.102492,0.0970975,0.0971844,0.0994394,0.107899,0.0973641,0.0998406,0.0993954
0.10132,0.0968118,0.104469,0.0980474,0.100961,0.0986422,0.105232,0.0956601,0.0957733,0.103084
0.103,0.0959965,0.105527,0.0972895,0.0962927,0.102732,0.107449,0.0935569,0.0942816,0.103874
0.102269,0.0971015,0.105122,0.0966695,0.0981473,0.103849,0.105669,0.093867,0.0943652,0.102942
0.106617,0.0963192,0.10774,0.096771,0.0933435,0.105928,0.10944,0.0925568,0.0923915,0.0988934
0.103124,0.0942229,0.106491,0.0972979,0.0955154,0.104848,0.107816,0.0919485,0.0947574,0.103979
0.10306,0.0949724,0.104959,0.0977535,0.0996448,0.102919,0.104322,0.0953304,0.0948285,0.10221
0.101661,0.0957754,0.105714,0.0972915,0.101783,0.102031,0.104687,0.0942252,0.0939568,0.102874
0.101348,0.0985365,0.104866,0.0992324,0.0990023,0.102866,0.105354,0.0961453,0.0908054,0.101844
0.102248,0.098396,0.105151,0.0969522,0.0972576,0.104935,0.106327,0.0948724,0.0906159,0.103245
0.104779,0.0994641,0.105409,0.0972673,0.0982706,0.103372,0.10668,0.0929747,0.0923258,0.099458
0.106219,0.100234,0.104718,0.0975323,0.0974977,0.102375,0.106064,0.0928741,0.0951665,0.0973194
0.102956,0.100933,0.10265,0.0985198,0.0990202,0.0985896,0.103006,0.096623,0.097057,0.100645
0.101716,0.0998107,0.102258,0.097514,0.100481,0.0985597,0.104687,0.0969029,0.0965999,0.101471
0.103371,0.0964547,0.101527,0.0949337,0.0970515,0.102166,0.104006,0.0978637,0.0993801,0.103246
0.103241,0.0970139,0.0990209,0.0971436,0.100501,0.10092,0.10137,0.0992788,0.10016,0.101352
0.104207,0.0965025,0.100595,0.0957828,0.0979027,0.101716,0.10251,0.099218,0.0993659,0.102201
0.104804,0.0947524,0.0979067,0.0965937,0.101969,0.0985427,0.104414,0.100182,0.102371,0.0984635
0.102941,0.0946816,0.101335,0.0993084,0.101627,0.100212,0.101929,0.0998031,0.0996113,0.098552
0.103034,0.0934996,0.103098,0.0989782,0.100187,0.102168,0.102797,0.0998611,0.097217,0.0991599
0.103913,0.092963,0.0988197,0.100964,0.100467,0.101363,0.105263,0.0993466,0.101271,0.0956302
0.105638,0.0875682,0.0968031,0.0991874,0.098793,0.103747,0.108524,0.100548,0.102038,0.0971529
0.105945,0.0908176,0.09871,0.0990814,0.0966052,0.103203,0.107419,0.099159,0.101714,0.097346
0.106903,0.0889368,0.0971298,0.0970733,0.0977911,0.103042,0.107088,0.0998198,0.103199,0.0990174
0.104826,0.0923705,0.0970998,0.098986,0.0990089,0.100642,0.104894,0.100707,0.103966,0.0974993
0.109333,0.0898018,0.0985572,0.0952609,0.101741,0.103635,0.106685,0.0960946,0.100773,0.0981188
0.104279,0.0941877,0.10059,0.0998652,0.101358,0.103295,0.105092,0.0968348,0.0975766,0.0969227
0.107985,0.0918158,0.10183,0.0976422,0.102202,0.101755,0.110653,0.093223,0.0973106,0.095583
0.113602,0.0861071,0.0991716,0.0941618,0.106687,0.101224,0.117294,0.0933408,0.0981532,0.0902585
0.111953,0.0913798,0.0993488,0.0956497,0.105099,0.0992554,0.115238,0.0952768,0.0978163,0.0889836
0.107083,0.0973298,0.101351,0.0990687,0.100541,0.100777,0.107524,0.0942299,0.0978389,0.0942569
0.106262,0.0980917,0.0999093,0.0981383,0.102391,0.0992503,0.10871,0.0964695,0.0984707,0.0923076
0.105706,0.0979421,0.0985852,0.0972726,0.102437,0.0989647,0.112671,0.0969248,0.096143,0.0933531
0.103955,0.0957495,0.103678,0.0982507,0.102038,0.0998123,0.110993,0.0914177,0.0963619,0.097744
0.100549,0.0976927,0.103021,0.0988177,0.0991057,0.102248,0.106412,0.0925595,0.100616,0.0989781
0.101038,0.0985696,0.104883,0.0986481,0.0956608,0.104362,0.105203,0.0917714,0.101924,0.0979404
0.101183,0.0971777,0.105196,0.0982507,0.096078,0.106121,0.105068,0.0911833,0.101472,0.0982709
0.103079,0.094725,0.108982,0.095855,0.0935408,0.107973,0.109352,0.0907496,0.0954433,0.100301
0.106632,0.0920516,0.10833,0.0953822,0.0943971,0.108419,0.11105,0.0917094,0.0927409,0.0992873
0.105297,0.0928317,0.106635,0.0963385,0.094297,0.107517,0.109092,0.0932976,0.0947089,0.0999849
0.105469,0.0919759,0.107885,0.0946714,0.0917426,0.110794,0.109935,0.0914371,0.0942754,0.101815
0.1052,0.0927868,0.10571,0.0960129,0.0934032,0.10872,0.109624,0.0917286,0.0962403,0.100574
0.106399,0.0915947,0.105922,0.0956594,0.0935991,0.108391,0.109036,0.0928438,0.096608,0.099947
0.10516,0.0943012,0.104014,0.0976434,0.095062,0.10676,0.107041,0.0947129,0.0974922,0.0978136
0.106062,0.0931846,0.10452,0.0969872,0.0948999,0.106388,0.108006,0.0928416,0.0978234,0.0992872
0.10235,0.0969833,0.102753,0.099266,0.0980804,0.101525,0.103892,0.0953266,0.0983435,0.101481
0.10287,0.0951597,0.103518,0.0980496,0.095,0.10497,0.105675,0.0953091,0.0984284,0.10102
0.104799,0.0933425,0.102381,0.0961682,0.0971073,0.104184,0.10761,0.0948928,0.0983309,0.101184
0.104715,0.095434,0.102701,0.0962758,0.0981641,0.102508,0.106461,0.095812,0.0981597,0.0997705
0.104101,0.0940371,0.103412,0.0957148,0.0982717,0.102477,0.107246,0.0964864,0.0977247,0.100528
0.105003,0.0960997,0.101187,0.0982211,0.101334,0.0982702,0.104091,0.0973616,0.0990399,0.0993917
0.109704,0.0974044,0.101483,0.0980907,0.101252,0.0980628,0.102889,0.0962056,0.0995394,0.0953691
0.115608,0.0967671,0.100292,0.0965448,0.103994,0.0962807,0.104577,0.0966436,0.100975,0.0883174
0.111984,0.0982163,0.101238,0.0970222,0.103556,0.0977015,0.10268,0.0967497,0.100401,0.0904515
0.1141,0.0985792,0.101777,0.0967882,0.10458,0.0961802,0.101379,0.0978813,0.0996205,0.089115
0.116806,0.0985829,0.101985,0.09518,0.105342,0.0974199,0.102,0.0975966,0.0991588,0.0859299
0.115234,0.0973693,0.103637,0.094707,0.105793,0.099082,0.101533,0.0962515,0.0973919,0.089001
0.112311,0.0945235,0.103974,0.0956982,0.105952,0.102129,0.100456,0.0950213,0.0953907,0.0945443
0.108813,0.0922527,0.104661,0.098263,0.10573,0.102807,0.100951,0.0967568,0.0926933,0.0970723
0.106579,0.0900928,0.108524,0.098261,0.106514,0.105159,0.104124,0.0952938,0.0905788,0.0948738
0.106115,0.0907505,0.108631,0.099064,0.107286,0.104198,0.10578,0.0962742,0.0901584,0.0917431
0.1063,0.0858447,0.108469,0.101,0.103747,0.107552,0.106689,0.0993492,0.0891898,0.0918584
0.103679,0.0884845,0.108479,0.0994622,0.1042,0.108061,0.110728,0.096943,0.0895569,0.0904065
0.103872,0.0887309,0.109473,0.101429,0.104569,0.108273,0.110307,0.0970217,0.0882085,0.088117
0.104271,0.0919125,0.107293,0.100355,0.101112,0.108266,0.10934,0.0965756,0.0912928,0.0895817
0.104115,0.0972093,0.108614,0.0988334,0.0980172,0.104835,0.109508,0.0955099,0.0904675,0.0928902
0.104774,0.0926969,0.103743,0.0985345,0.099215,0.106229,0.111263,0.096508,0.0931656,0.0938713
0.102742,0.0915932,0.104008,0.0971284,0.0987885,0.107493,0.112083,0.0956155,0.0937414,0.0968067
0.103435,0.0897037,0.103012,0.0965169,0.0990445,0.108401,0.111871,0.0943932,0.0963588,0.0972642
0.105964,0.0871856,0.101489,0.098698,0.100195,0.108305,0.111756,0.0915971,0.0988096,0.0960009
0.104923,0.0904892,0.101212,0.101714,0.0971246,0.106579,0.108791,0.0967866,0.0964732,0.0959075
0.1042,0.0912772,0.10148,0.0993845,0.10013,0.105695,0.109358,0.0925582,0.0983992,0.0975186
0.102868,0.0929526,0.100968,0.102857,0.0962271,0.103985,0.106415,0.0974276,0.0977623,0.0985387
0.104701,0.0919141,0.100631,0.101701,0.0979631,0.105237,0.10621,0.095881,0.0979494,0.0978139
0.104665,0.0930607,0.100907,0.100415,0.0979948,0.107215,0.103692,0.0963794,0.0991299,0.0965402
0.105456,0.0917385,0.0986298,0.0982716,0.0936557,0.10952,0.104152,0.0967233,0.102447,0.0994071
0.106581,0.0934234,0.0978497,0.0995197,0.0958176,0.106103,0.102665,0.0980746,0.103104,0.0968619
0.104504,0.0961186,0.0987105,0.101619,0.0986402,0.103509,0.106593,0.0974217,0.0982668,0.0946165
0.104505,0.0962546,0.0980843,0.0996665,0.099327,0.103035,0.106557,0.0995065,0.0981315,0.0949328
0.103371,0.09638,0.0990964,0.099661,0.09889,0.101363,0.106903,0.0990996,0.0988264,0.0964101
0.106226,0.0928241,0.0997662,0.0997856,0.0993383,0.101169,0.111462,0.098652,0.0986862,0.0920905
0.109223,0.0885838,0.100281,0.096394,0.0962452,0.107,0.11041,0.0951554,0.10095,0.0957567
0.113984,0.0854329,0.0996382,0.0929889,0.0929477,0.109807,0.113969,0.0945908,0.101976,0.0946652
0.111432,0.0883083,0.100432,0.096489,0.0937677,0.107393,0.113685,0.0955996,0.0998063,0.0930879
0.116917,0.0770166,0.0975051,0.0903014,0.0961011,0.111102,0.122566,0.0913391,0.100152,0.0969996
0.118583,0.078615,0.098488,0.0907172,0.095484,0.110642,0.118997,0.09203,0.101508,0.0949372
0.121633,0.0737535,0.0946421,0.0870797,0.0967002,0.110618,0.126383,0.0932767,0.100171,0.0957428
0.120213,0.0755617,0.0957693,0.0898942,0.0950615,0.112405,0.119832,0.0926648,0.10216,0.0964388
0.119037,0.0771348,0.0958605,0.0919159,0.0968345,0.110824,0.117313,0.0938612,0.10189,0.09533
0.12089,0.0786284,0.0962928,0.0926891,0.0985115,0.109945,0.114354,0.0933357,0.103429,0.0919256
0.126053,0.0825004,0.0957445,0.088069,0.0984295,0.10542,0.117442,0.0925195,0.101718,0.0921037
0.121476,0.0866927,0.0962225,0.0925655,0.10016,0.103186,0.111784,0.0966697,0.10185,0.0893939
0.118473,0.0900148,0.0972785,0.0951991,0.102303,0.101977,0.10951,0.0963314,0.101167,0.0877457
0.120051,0.0922942,0.0966879,0.0941779,0.10179,0.100321,0.108312,0.0989918,0.101739,0.0856366
0.116646,0.0970817,0.0994866,0.0969226,0.101779,0.0961451,0.106039,0.0995197,0.101237,0.0851435
0.111768,0.0978029,0.099194,0.0980203,0.101879,0.0963105,0.105882,0.0999394,0.100852,0.0883524
0.106184,0.09432,0.0995392,0.101761,0.0971103,0.0992048,0.103271,0.101853,0.100829,0.0959278
0.109894,0.0921817,0.0971347,0.0989417,0.0985939,0.100385,0.102965,0.0996571,0.104964,0.0952823
0.110782,0.0935976,0.0955909,0.0975089,0.101354,0.0998985,0.103445,0.0993352,0.105519,0.0929679
0.107044,0.0934352,0.0964436,0.100888,0.0975548,0.0978417,0.103265,0.101432,0.104095,0.0980006
0.106183,0.0948666,0.0972153,0.100232,0.0987681,0.0966362,0.104184,0.101464,0.103309,0.0971415
0.107841,0.0925169,0.0976159,0.0989353,0.0978056,0.101885,0.101748,0.100334,0.103105,0.0982135
0.106033,0.0939245,0.0979534,0.0980298,0.0969574,0.103418,0.101294,0.10069,0.10272,0.0989798
0.105259,0.0934991,0.0992811,0.101436,0.0995429,0.102855,0.101982,0.0998104,0.10211,0.0942252
0.107352,0.0916516,0.10241,0.0980228,0.0944462,0.107841,0.10338,0.0971355,0.0988265,0.0989344
0.110917,0.0861193,0.100717,0.092247,0.0938198,0.111809,0.105572,0.0946111,0.102397,0.10179
0.107765,0.0893391,0.104011,0.0913917,0.0974263,0.108968,0.109397,0.0923512,0.0962189,0.103132
0.109871,0.088805,0.102755,0.090538,0.0958489,0.108455,0.112726,0.0913084,0.0968271,0.102865
0.112887,0.0859528,0.103984,0.0896452,0.0902231,0.113186,0.111758,0.0926861,0.0961139,0.103563
0.112292,0.0881396,0.103019,0.0922875,0.0918096,0.111742,0.107339,0.0934589,0.0983447,0.101568
0.109048,0.0896894,0.104343,0.0959994,0.0914163,0.110931,0.10389,0.0945751,0.0976796,0.102428
0.109104,0.0912592,0.101016,0.0944417,0.0930598,0.107753,0.103496,0.0968813,0.101376,0.101613
0.110461,0.0908435,0.101109,0.0950412,0.0922082,0.10701,0.104988,0.0975463,0.100411,0.100381
0.105744,0.0943939,0.102018,0.0961287,0.0948438,0.104894,0.103661,0.0979885,0.0987639,0.101564
0.104279,0.0963186,0.101077,0.0987407,0.0957029,0.103607,0.102529,0.0985774,0.0992531,0.0999153
0.100773,0.0983011,0.102623,0.101773,0.0927716,0.102855,0.104427,0.0999829,0.0966135,0.0998799
0.106281,0.0954674,0.101391,0.101639,0.0920585,0.103238,0.106363,0.0986309,0.09555,0.0993805
0.105436,0.0974984,0.101352,0.0997808,0.0928296,0.102451,0.105857,0.0973542,0.0958257,0.101616
0.107782,0.0947378,0.102195,0.0965856,0.0951431,0.100751,0.109418,0.0947492,0.0983493,0.100288
0.104244,0.0979641,0.100112,0.0982777,0.0977222,0.099745,0.104202,0.0990295,0.0983407,0.100363
0.108085,0.092895,0.0991268,0.0976218,0.0971169,0.102074,0.105241,0.100355,0.100264,0.0972203
0.105384,0.0954086,0.100216,0.097488,0.0985899,0.0998869,0.107189,0.0976052,0.0995974,0.0986351
0.110205,0.0919963,0.0998634,0.0959404,0.0982149,0.0989068,0.111551,0.0992717,0.0995981,0.0944527
0.112384,0.0892137,0.0968699,0.0930521,0.0941343,0.104792,0.10945,0.100713,0.100852,0.0985388
0.11063,0.0898347,0.0983371,0.0922151,0.0980971,0.102643,0.113426,0.0974289,0.0983893,0.0989985
0.107081,0.0913151,0.0996931,0.0923045,0.104747,0.0996591,0.115983,0.0941877,0.0957115,0.0993181
0.105622,0.0928651,0.0973835,0.0953503,0.107747,0.0974321,0.109565,0.099123,0.098278,0.0966334
0.107263,0.0885938,0.0944649,0.0934444,0.107498,0.100093,0.110806,0.0997435,0.0989129,0.0991805
0.109315,0.088629,0.0952264,0.095207,0.105381,0.102231,0.107417,0.0995465,0.100187,0.0968592
0.104636,0.0927654,0.0970571,0.0984174,0.103162,0.0994222,0.108704,0.0991804,0.0988262,0.0978289
0.105277,0.0924361,0.0971165,0.0972805,0.103015,0.0991657,0.106777,0.100725,0.0973611,0.100846
0.104082,0.0930653,0.0959385,0.101469,0.0988881,0.0990183,0.104229,0.101919,0.1016,0.0997909
0.104746,0.0918767,0.0972747,0.102626,0.0978834,0.103019,0.102133,0.101259,0.0996625,0.0995191
0.108956,0.0924905,0.0965073,0.0996106,0.098974,0.103855,0.103159,0.0987363,0.102874,0.0948375
0.113997,0.0889682,0.094593,0.0959774,0.0974714,0.10517,0.103745,0.0984075,0.104634,0.0970371
0.118903,0.0879898,0.0967548,0.0924439,0.100078,0.100435,0.106283,0.0990859,0.107104,0.090922
0.115587,0.0904318,0.0989984,0.0930573,0.0969853,0.100063,0.106166,0.0992494,0.103916,0.0955459
0.108338,0.088976,0.101611,0.0973235,0.100929,0.101369,0.104455,0.100183,0.100989,0.0958257
0.109809,0.0914354,0.101473,0.0944551,0.100127,0.100855,0.104913,0.0992229,0.100696,0.0970133
0.109108,0.0949779,0.101883,0.0940387,0.0984971,0.100979,0.101929,0.100618,0.0993183,0.0986501
0.105088,0.0944763,0.101787,0.096129,0.0996818,0.101473,0.100385,0.100867,0.0978532,0.102259
0.100923,0.0953263,0.102156,0.0979117,0.101617,0.10191,0.101785,0.0997142,0.0954124,0.103245
0.101382,0.0968407,0.101581,0.0978574,0.100616,0.101483,0.101713,0.0993598,0.0976014,0.101565
0.102387,0.0980469,0.102716,0.097704,0.09779,0.100096,0.101378,0.0993735,0.098688,0.101821
0.104024,0.0957508,0.103457,0.0993045,0.101043,0.0996087,0.105504,0.0975671,0.09463,0.0991119
0.103774,0.0971135,0.105697,0.0988147,0.100369,0.100731,0.103566,0.0977356,0.0932373,0.098961
0.105526,0.0956057,0.10507,0.100111,0.103023,0.0999248,0.106863,0.0964783,0.09127,0.0961275
0.104743,0.0965349,0.102722,0.100213,0.105634,0.0986047,0.107253,0.0944208,0.0926499,0.0972237
0.106507,0.0978791,0.10383,0.099481,0.104328,0.0979575,0.107594,0.0937717,0.0943353,0.0943155
0.107265,0.0960493,0.102776,0.0992623,0.103479,0.0984833,0.106798,0.0968953,0.0959816,0.0930101
0.105677,0.095079,0.103179,0.10072,0.104635,0.0971566,0.106569,0.0963989,0.0972539,0.0933318
0.104255,0.0954296,0.100552,0.100248,0.105549,0.0963621,0.104106,0.0978771,0.100402,0.09522
0.105195,0.0958919,0.0985896,0.0995349,0.10394,0.0964377,0.102896,0.0997182,0.100809,0.0969877
0.106555,0.0967312,0.0991721,0.09903,0.103253,0.0962823,0.102567,0.100325,0.10109,0.0949958
0.110174,0.0959338,0.0978968,0.0984267,0.103017,0.0957904,0.101877,0.101396,0.102108,0.0933807
0.110421,0.0933543,0.0978656,0.0969939,0.104678,0.0965455,0.103253,0.10041,0.101715,0.0947628
0.110561,0.093245,0.0972556,0.0986969,0.104101,0.0962337,0.103906,0.100859,0.10117,0.0939708
0.109108,0.0936704,0.0976443,0.0969932,0.104949,0.0963692,0.103746,0.1012,0.101777,0.0945425
0.108907,0.0934024,0.0988907,0.0957129,0.0987481,0.096645,0.106512,0.102214,0.102167,0.0968013
0.110481,0.0929461,0.098788,0.0949398,0.095025,0.0988626,0.10448,0.101738,0.103788,0.0989514
0.104553,0.0940653,0.100291,0.0925557,0.0972263,0.10319,0.106132,0.0972339,0.0991276,0.105625
0.103976,0.0953916,0.100432,0.0946112,0.0967892,0.102668,0.105182,0.0967007,0.101351,0.102898
0.103987,0.0962356,0.100352,0.0956024,0.0963053,0.102725,0.105918,0.0968047,0.101405,0.100664
0.105279,0.0965731,0.0988231,0.0951569,0.0971767,0.0987806,0.105428,0.101197,0.102265,0.0993209
0.10631,0.098346,0.0996887,0.0966088,0.100591,0.0987446,0.102848,0.100558,0.102701,0.0936039
0.104352,0.0985261,0.100314,0.0975067,0.0999667,0.0991385,0.0995135,0.100815,0.102554,0.0973136
0.103219,0.0967356,0.103334,0.0974874,0.0963899,0.102637,0.101241,0.0989817,0.0999544,0.100021
0.104394,0.0988277,0.102769,0.0976374,0.097604,0.0999596,0.101019,0.0995918,0.101063,0.0971343
